# Temperatura_=_20.0
# Concentracion g/m^3_=_10000.0
# C_Vs_to_Am_M_A/Vsm_=_116720831517.84952
# pendiente_HvsI_1/m_=_3716.3
# ordenada_HvsI_A/m_=_1297.0
# frecuencia_Hz_=_175630.10519248174
# Promedio de 28 ciclos

Tiempo_(s)	Campo_(V.s)	Magnetizacion_(V.s)	Campo_(kA/m)	Magnetizacion_(A/m)
0.000000e+00	-1.290499e-08	-5.918819e-09	-5.692620e+01	-6.885109e+02
1.000000e-08	-1.290432e-08	-5.915326e-09	-5.692328e+01	-6.883896e+02
2.000000e-08	-1.290210e-08	-5.916217e-09	-5.691346e+01	-6.881845e+02
3.000000e-08	-1.289823e-08	-5.915284e-09	-5.689637e+01	-6.878955e+02
4.000000e-08	-1.289298e-08	-5.912730e-09	-5.687324e+01	-6.875227e+02
5.000000e-08	-1.288642e-08	-5.907038e-09	-5.684428e+01	-6.870661e+02
6.000000e-08	-1.287847e-08	-5.897339e-09	-5.680921e+01	-6.865257e+02
7.000000e-08	-1.286900e-08	-5.883900e-09	-5.676746e+01	-6.859018e+02
8.000000e-08	-1.285771e-08	-5.864365e-09	-5.671763e+01	-6.851942e+02
9.000000e-08	-1.284447e-08	-5.882887e-09	-5.665922e+01	-6.844032e+02
1.000000e-07	-1.282905e-08	-5.914493e-09	-5.659119e+01	-6.835288e+02
1.100000e-07	-1.281149e-08	-5.890381e-09	-5.651377e+01	-6.825711e+02
1.200000e-07	-1.279246e-08	-5.885322e-09	-5.642980e+01	-6.815302e+02
1.300000e-07	-1.277232e-08	-5.862013e-09	-5.634097e+01	-6.804063e+02
1.400000e-07	-1.275120e-08	-5.769379e-09	-5.624780e+01	-6.791995e+02
1.500000e-07	-1.272887e-08	-5.814946e-09	-5.614928e+01	-6.779099e+02
1.600000e-07	-1.270502e-08	-5.822478e-09	-5.604410e+01	-6.765377e+02
1.700000e-07	-1.267978e-08	-5.731689e-09	-5.593273e+01	-6.750831e+02
1.800000e-07	-1.265293e-08	-5.833772e-09	-5.581430e+01	-6.735463e+02
1.900000e-07	-1.262440e-08	-5.803392e-09	-5.568844e+01	-6.719273e+02
2.000000e-07	-1.259462e-08	-5.752107e-09	-5.555707e+01	-6.702265e+02
2.100000e-07	-1.256350e-08	-5.804864e-09	-5.541981e+01	-6.684440e+02
2.200000e-07	-1.253090e-08	-5.719810e-09	-5.527602e+01	-6.665801e+02
2.300000e-07	-1.249668e-08	-5.694325e-09	-5.512506e+01	-6.646349e+02
2.400000e-07	-1.246073e-08	-5.701738e-09	-5.496646e+01	-6.626088e+02
2.500000e-07	-1.242334e-08	-5.671348e-09	-5.480155e+01	-6.605019e+02
2.600000e-07	-1.238453e-08	-5.694611e-09	-5.463032e+01	-6.583146e+02
2.700000e-07	-1.234428e-08	-5.657204e-09	-5.445279e+01	-6.560470e+02
2.800000e-07	-1.230256e-08	-5.626488e-09	-5.426873e+01	-6.536995e+02
2.900000e-07	-1.225913e-08	-5.588585e-09	-5.407718e+01	-6.512723e+02
3.000000e-07	-1.221412e-08	-5.563551e-09	-5.387864e+01	-6.487658e+02
3.100000e-07	-1.216757e-08	-5.560181e-09	-5.367327e+01	-6.461802e+02
3.200000e-07	-1.211946e-08	-5.517055e-09	-5.346106e+01	-6.435159e+02
3.300000e-07	-1.206971e-08	-5.533348e-09	-5.324160e+01	-6.407731e+02
3.400000e-07	-1.201816e-08	-5.488521e-09	-5.301422e+01	-6.379523e+02
3.500000e-07	-1.196497e-08	-5.466611e-09	-5.277955e+01	-6.350538e+02
3.600000e-07	-1.191021e-08	-5.444257e-09	-5.253801e+01	-6.320778e+02
3.700000e-07	-1.185405e-08	-5.380481e-09	-5.229030e+01	-6.290249e+02
3.800000e-07	-1.179642e-08	-5.362298e-09	-5.203607e+01	-6.258952e+02
3.900000e-07	-1.173719e-08	-5.342809e-09	-5.177480e+01	-6.226894e+02
4.000000e-07	-1.167650e-08	-5.328855e-09	-5.150707e+01	-6.194076e+02
4.100000e-07	-1.161445e-08	-5.305122e-09	-5.123335e+01	-6.160504e+02
4.200000e-07	-1.155113e-08	-5.262313e-09	-5.095405e+01	-6.126181e+02
4.300000e-07	-1.148646e-08	-5.228593e-09	-5.066876e+01	-6.091111e+02
4.400000e-07	-1.142033e-08	-5.186424e-09	-5.037703e+01	-6.055299e+02
4.500000e-07	-1.135267e-08	-5.163815e-09	-5.007861e+01	-6.018749e+02
4.600000e-07	-1.128355e-08	-5.123774e-09	-4.977370e+01	-5.981466e+02
4.700000e-07	-1.121317e-08	-5.091901e-09	-4.946324e+01	-5.943454e+02
4.800000e-07	-1.114156e-08	-5.064021e-09	-4.914736e+01	-5.904717e+02
4.900000e-07	-1.106863e-08	-5.030924e-09	-4.882562e+01	-5.865261e+02
5.000000e-07	-1.099420e-08	-4.997309e-09	-4.849731e+01	-5.825090e+02
5.100000e-07	-1.091824e-08	-4.953316e-09	-4.816224e+01	-5.784210e+02
5.200000e-07	-1.084073e-08	-4.911398e-09	-4.782034e+01	-5.742624e+02
5.300000e-07	-1.076171e-08	-4.879738e-09	-4.747175e+01	-5.700339e+02
5.400000e-07	-1.068131e-08	-4.849866e-09	-4.711710e+01	-5.657359e+02
5.500000e-07	-1.059957e-08	-4.814689e-09	-4.675651e+01	-5.613689e+02
5.600000e-07	-1.051657e-08	-4.771763e-09	-4.639037e+01	-5.569335e+02
5.700000e-07	-1.043244e-08	-4.724354e-09	-4.601928e+01	-5.524303e+02
5.800000e-07	-1.034724e-08	-4.684714e-09	-4.564343e+01	-5.478597e+02
5.900000e-07	-1.026099e-08	-4.646041e-09	-4.526298e+01	-5.432224e+02
6.000000e-07	-1.017366e-08	-4.611565e-09	-4.487774e+01	-5.385188e+02
6.100000e-07	-1.008509e-08	-4.568294e-09	-4.448705e+01	-5.337496e+02
6.200000e-07	-9.995255e-09	-4.529993e-09	-4.409077e+01	-5.289154e+02
6.300000e-07	-9.904213e-09	-4.489066e-09	-4.368916e+01	-5.240167e+02
6.400000e-07	-9.811942e-09	-4.447140e-09	-4.328214e+01	-5.190541e+02
6.500000e-07	-9.718440e-09	-4.398510e-09	-4.286968e+01	-5.140283e+02
6.600000e-07	-9.623796e-09	-4.348099e-09	-4.245219e+01	-5.089398e+02
6.700000e-07	-9.527995e-09	-4.302977e-09	-4.202959e+01	-5.037893e+02
6.800000e-07	-9.430996e-09	-4.264630e-09	-4.160171e+01	-4.985774e+02
6.900000e-07	-9.332842e-09	-4.223920e-09	-4.116874e+01	-4.933047e+02
7.000000e-07	-9.233542e-09	-4.176697e-09	-4.073070e+01	-4.879719e+02
7.100000e-07	-9.133035e-09	-4.120798e-09	-4.028735e+01	-4.825796e+02
7.200000e-07	-9.031354e-09	-4.068154e-09	-3.983882e+01	-4.771284e+02
7.300000e-07	-8.928624e-09	-4.018592e-09	-3.938565e+01	-4.716192e+02
7.400000e-07	-8.824839e-09	-3.972401e-09	-3.892784e+01	-4.660524e+02
7.500000e-07	-8.719962e-09	-3.924875e-09	-3.846521e+01	-4.604288e+02
7.600000e-07	-8.614016e-09	-3.877536e-09	-3.799786e+01	-4.547491e+02
7.700000e-07	-8.507029e-09	-3.828810e-09	-3.752592e+01	-4.490139e+02
7.800000e-07	-8.398997e-09	-3.780066e-09	-3.704937e+01	-4.432241e+02
7.900000e-07	-8.289898e-09	-3.728462e-09	-3.656811e+01	-4.373801e+02
8.000000e-07	-8.179807e-09	-3.673990e-09	-3.608248e+01	-4.314829e+02
8.100000e-07	-8.068786e-09	-3.619812e-09	-3.559274e+01	-4.255331e+02
8.200000e-07	-7.956762e-09	-3.569550e-09	-3.509859e+01	-4.195314e+02
8.300000e-07	-7.843707e-09	-3.520086e-09	-3.459988e+01	-4.134785e+02
8.400000e-07	-7.729677e-09	-3.468366e-09	-3.409688e+01	-4.073752e+02
8.500000e-07	-7.614689e-09	-3.412975e-09	-3.358964e+01	-4.012223e+02
8.600000e-07	-7.498709e-09	-3.355964e-09	-3.307803e+01	-3.950204e+02
8.700000e-07	-7.381739e-09	-3.300099e-09	-3.256206e+01	-3.887704e+02
8.800000e-07	-7.263837e-09	-3.242823e-09	-3.204197e+01	-3.824729e+02
8.900000e-07	-7.145046e-09	-3.185286e-09	-3.151796e+01	-3.761289e+02
9.000000e-07	-7.025381e-09	-3.126283e-09	-3.099010e+01	-3.697389e+02
9.100000e-07	-6.904851e-09	-3.069314e-09	-3.045842e+01	-3.633039e+02
9.200000e-07	-6.783491e-09	-3.013298e-09	-2.992307e+01	-3.568246e+02
9.300000e-07	-6.661340e-09	-2.958105e-09	-2.938425e+01	-3.503017e+02
9.400000e-07	-6.538436e-09	-2.900317e-09	-2.884209e+01	-3.437362e+02
9.500000e-07	-6.414793e-09	-2.841854e-09	-2.829668e+01	-3.371287e+02
9.600000e-07	-6.290366e-09	-2.782130e-09	-2.774781e+01	-3.304801e+02
9.700000e-07	-6.165152e-09	-2.721968e-09	-2.719547e+01	-3.237912e+02
9.800000e-07	-6.039200e-09	-2.658769e-09	-2.663987e+01	-3.170628e+02
9.900000e-07	-5.912502e-09	-2.594967e-09	-2.608098e+01	-3.102957e+02
1.000000e-06	-5.785058e-09	-2.531769e-09	-2.551880e+01	-3.034908e+02
1.010000e-06	-5.656898e-09	-2.473436e-09	-2.495346e+01	-2.966488e+02
1.020000e-06	-5.528056e-09	-2.415340e-09	-2.438512e+01	-2.897707e+02
1.030000e-06	-5.398568e-09	-2.355017e-09	-2.381392e+01	-2.828572e+02
1.040000e-06	-5.268440e-09	-2.293105e-09	-2.323990e+01	-2.759092e+02
1.050000e-06	-5.137660e-09	-2.232760e-09	-2.266301e+01	-2.689275e+02
1.060000e-06	-5.006243e-09	-2.171465e-09	-2.208330e+01	-2.619130e+02
1.070000e-06	-4.874230e-09	-2.108030e-09	-2.150097e+01	-2.548666e+02
1.080000e-06	-4.741637e-09	-2.043104e-09	-2.091608e+01	-2.477890e+02
1.090000e-06	-4.608444e-09	-1.979994e-09	-2.032854e+01	-2.406812e+02
1.100000e-06	-4.474655e-09	-1.919368e-09	-1.973837e+01	-2.335441e+02
1.110000e-06	-4.340305e-09	-1.861998e-09	-1.914573e+01	-2.263784e+02
1.120000e-06	-4.205408e-09	-1.802899e-09	-1.855067e+01	-2.191851e+02
1.130000e-06	-4.069980e-09	-1.740131e-09	-1.795327e+01	-2.119650e+02
1.140000e-06	-3.934054e-09	-1.677047e-09	-1.735368e+01	-2.047191e+02
1.150000e-06	-3.797657e-09	-1.613838e-09	-1.675201e+01	-1.974481e+02
1.160000e-06	-3.660789e-09	-1.549950e-09	-1.614825e+01	-1.901530e+02
1.170000e-06	-3.523447e-09	-1.483561e-09	-1.554242e+01	-1.828348e+02
1.180000e-06	-3.385677e-09	-1.418005e-09	-1.493469e+01	-1.754941e+02
1.190000e-06	-3.247496e-09	-1.355564e-09	-1.432515e+01	-1.681321e+02
1.200000e-06	-3.108897e-09	-1.295542e-09	-1.371376e+01	-1.607495e+02
1.210000e-06	-2.969917e-09	-1.234335e-09	-1.310070e+01	-1.533472e+02
1.220000e-06	-2.830563e-09	-1.169937e-09	-1.248598e+01	-1.459262e+02
1.230000e-06	-2.690843e-09	-1.104325e-09	-1.186966e+01	-1.384874e+02
1.240000e-06	-2.550784e-09	-1.040530e-09	-1.125183e+01	-1.310316e+02
1.250000e-06	-2.410412e-09	-9.766194e-10	-1.063262e+01	-1.235598e+02
1.260000e-06	-2.269748e-09	-9.129303e-10	-1.001213e+01	-1.160729e+02
1.270000e-06	-2.128808e-09	-8.480289e-10	-9.390423e+00	-1.085717e+02
1.280000e-06	-1.987584e-09	-7.841950e-10	-8.767462e+00	-1.010573e+02
1.290000e-06	-1.846102e-09	-7.207492e-10	-8.143359e+00	-9.353049e+01
1.300000e-06	-1.704387e-09	-6.577007e-10	-7.518232e+00	-8.599222e+01
1.310000e-06	-1.562434e-09	-5.944487e-10	-6.892055e+00	-7.844340e+01
1.320000e-06	-1.420272e-09	-5.305355e-10	-6.264955e+00	-7.088496e+01
1.330000e-06	-1.277916e-09	-4.669445e-10	-5.636998e+00	-6.331781e+01
1.340000e-06	-1.135380e-09	-4.023128e-10	-5.008245e+00	-5.574287e+01
1.350000e-06	-9.926735e-10	-3.357594e-10	-4.378743e+00	-4.816107e+01
1.360000e-06	-8.498207e-10	-2.676785e-10	-3.748594e+00	-4.057333e+01
1.370000e-06	-7.068376e-10	-1.988684e-10	-3.117871e+00	-3.298057e+01
1.380000e-06	-5.637502e-10	-1.341656e-10	-2.486687e+00	-2.538372e+01
1.390000e-06	-4.205908e-10	-7.308657e-11	-1.855186e+00	-1.778370e+01
1.400000e-06	-2.773677e-10	-1.275668e-11	-1.223404e+00	-1.018144e+01
1.410000e-06	-1.340899e-10	5.057083e-11	-5.913801e-01	-2.577867e+00
1.420000e-06	9.211944e-12	1.168612e-10	4.074931e-02	5.026103e+00
1.430000e-06	1.525261e-10	1.825630e-10	6.729336e-01	1.262954e+01
1.440000e-06	2.958427e-10	2.478264e-10	1.305129e+00	2.023151e+01
1.450000e-06	4.391243e-10	3.137777e-10	1.937169e+00	2.783110e+01
1.460000e-06	5.823428e-10	3.812002e-10	2.568931e+00	3.542739e+01
1.470000e-06	7.254840e-10	4.471763e-10	3.200351e+00	4.301943e+01
1.480000e-06	8.685278e-10	5.111776e-10	3.831342e+00	5.060632e+01
1.490000e-06	1.011435e-09	5.745266e-10	4.461731e+00	5.818712e+01
1.500000e-06	1.154187e-09	6.394345e-10	5.091431e+00	6.576092e+01
1.510000e-06	1.296769e-09	7.062314e-10	5.720386e+00	7.332679e+01
1.520000e-06	1.439154e-09	7.721752e-10	6.348469e+00	8.088382e+01
1.530000e-06	1.581325e-09	8.362423e-10	6.975611e+00	8.843107e+01
1.540000e-06	1.723257e-09	9.010446e-10	7.601697e+00	9.596764e+01
1.550000e-06	1.864911e-09	9.675265e-10	8.226557e+00	1.034926e+02
1.560000e-06	2.006278e-09	1.035425e-09	8.850148e+00	1.110050e+02
1.570000e-06	2.147362e-09	1.101593e-09	9.472491e+00	1.185041e+02
1.580000e-06	2.288141e-09	1.164637e-09	1.009349e+01	1.259887e+02
1.590000e-06	2.428604e-09	1.225983e-09	1.071310e+01	1.334581e+02
1.600000e-06	2.568723e-09	1.288643e-09	1.133119e+01	1.409113e+02
1.610000e-06	2.708479e-09	1.353747e-09	1.194767e+01	1.483475e+02
1.620000e-06	2.847872e-09	1.419825e-09	1.256256e+01	1.557657e+02
1.630000e-06	2.986862e-09	1.485098e-09	1.317567e+01	1.631650e+02
1.640000e-06	3.125442e-09	1.549760e-09	1.378697e+01	1.705445e+02
1.650000e-06	3.263619e-09	1.613881e-09	1.439649e+01	1.779033e+02
1.660000e-06	3.401383e-09	1.677476e-09	1.500419e+01	1.852406e+02
1.670000e-06	3.538718e-09	1.740159e-09	1.561000e+01	1.925553e+02
1.680000e-06	3.675596e-09	1.802139e-09	1.621379e+01	1.998467e+02
1.690000e-06	3.812011e-09	1.863762e-09	1.681554e+01	2.071139e+02
1.700000e-06	3.947971e-09	1.925848e-09	1.741529e+01	2.143559e+02
1.710000e-06	4.083454e-09	1.987763e-09	1.801293e+01	2.215719e+02
1.720000e-06	4.218439e-09	2.048240e-09	1.860837e+01	2.287611e+02
1.730000e-06	4.352916e-09	2.107836e-09	1.920157e+01	2.359224e+02
1.740000e-06	4.486852e-09	2.168729e-09	1.979239e+01	2.430551e+02
1.750000e-06	4.620206e-09	2.231464e-09	2.038064e+01	2.501583e+02
1.760000e-06	4.752985e-09	2.292523e-09	2.096635e+01	2.572311e+02
1.770000e-06	4.885211e-09	2.351085e-09	2.154962e+01	2.642727e+02
1.780000e-06	5.016885e-09	2.407340e-09	2.213046e+01	2.712822e+02
1.790000e-06	5.147978e-09	2.464477e-09	2.270873e+01	2.782587e+02
1.800000e-06	5.278463e-09	2.525186e-09	2.328432e+01	2.852015e+02
1.810000e-06	5.408340e-09	2.587398e-09	2.385723e+01	2.921096e+02
1.820000e-06	5.537595e-09	2.648200e-09	2.442740e+01	2.989822e+02
1.830000e-06	5.666199e-09	2.706851e-09	2.499470e+01	3.058186e+02
1.840000e-06	5.794142e-09	2.763339e-09	2.555907e+01	3.126177e+02
1.850000e-06	5.921399e-09	2.816756e-09	2.612043e+01	3.193789e+02
1.860000e-06	6.047957e-09	2.869180e-09	2.667870e+01	3.261013e+02
1.870000e-06	6.173798e-09	2.923926e-09	2.723381e+01	3.327840e+02
1.880000e-06	6.298875e-09	2.981516e-09	2.778555e+01	3.394264e+02
1.890000e-06	6.423177e-09	3.040748e-09	2.833386e+01	3.460275e+02
1.900000e-06	6.546709e-09	3.099493e-09	2.887878e+01	3.525865e+02
1.910000e-06	6.669445e-09	3.155066e-09	2.942020e+01	3.591027e+02
1.920000e-06	6.791368e-09	3.206317e-09	2.995802e+01	3.655753e+02
1.930000e-06	6.912476e-09	3.254948e-09	3.049225e+01	3.720034e+02
1.940000e-06	7.032728e-09	3.303709e-09	3.102270e+01	3.783864e+02
1.950000e-06	7.152069e-09	3.354905e-09	3.154913e+01	3.847233e+02
1.960000e-06	7.270474e-09	3.409407e-09	3.207144e+01	3.910135e+02
1.970000e-06	7.387905e-09	3.465545e-09	3.258945e+01	3.972562e+02
1.980000e-06	7.504341e-09	3.521566e-09	3.310307e+01	4.034506e+02
1.990000e-06	7.619820e-09	3.574454e-09	3.361246e+01	4.095959e+02
2.000000e-06	7.734345e-09	3.623229e-09	3.411765e+01	4.156915e+02
2.010000e-06	7.847889e-09	3.670714e-09	3.461851e+01	4.217366e+02
2.020000e-06	7.960421e-09	3.718727e-09	3.511491e+01	4.277303e+02
2.030000e-06	8.071945e-09	3.768434e-09	3.560686e+01	4.336721e+02
2.040000e-06	8.182538e-09	3.817767e-09	3.609471e+01	4.395612e+02
2.050000e-06	8.292224e-09	3.865993e-09	3.657856e+01	4.453969e+02
2.060000e-06	8.400911e-09	3.913444e-09	3.705799e+01	4.511784e+02
2.070000e-06	8.508549e-09	3.960139e-09	3.753280e+01	4.569051e+02
2.080000e-06	8.615180e-09	4.006253e-09	3.800317e+01	4.625762e+02
2.090000e-06	8.720800e-09	4.051726e-09	3.846908e+01	4.681911e+02
2.100000e-06	8.825361e-09	4.097753e-09	3.893031e+01	4.737490e+02
2.110000e-06	8.928840e-09	4.145025e-09	3.938678e+01	4.792494e+02
2.120000e-06	9.031251e-09	4.191423e-09	3.983853e+01	4.846916e+02
2.130000e-06	9.132593e-09	4.233494e-09	4.028557e+01	4.900747e+02
2.140000e-06	9.232804e-09	4.272105e-09	4.072761e+01	4.953984e+02
2.150000e-06	9.331859e-09	4.311451e-09	4.116456e+01	5.006617e+02
2.160000e-06	9.429780e-09	4.353457e-09	4.159651e+01	5.058643e+02
2.170000e-06	9.526535e-09	4.397795e-09	4.202331e+01	5.110053e+02
2.180000e-06	9.622105e-09	4.441336e-09	4.244488e+01	5.160842e+02
2.190000e-06	9.716568e-09	4.481699e-09	4.286158e+01	5.211003e+02
2.200000e-06	9.809943e-09	4.520629e-09	4.327347e+01	5.260531e+02
2.210000e-06	9.902144e-09	4.559732e-09	4.368019e+01	5.309419e+02
2.220000e-06	9.993140e-09	4.599338e-09	4.408159e+01	5.357662e+02
2.230000e-06	1.008294e-08	4.636845e-09	4.447772e+01	5.405253e+02
2.240000e-06	1.017150e-08	4.671041e-09	4.486837e+01	5.452187e+02
2.250000e-06	1.025880e-08	4.704594e-09	4.525347e+01	5.498458e+02
2.260000e-06	1.034496e-08	4.739941e-09	4.563351e+01	5.544061e+02
2.270000e-06	1.042998e-08	4.776883e-09	4.600857e+01	5.588990e+02
2.280000e-06	1.051381e-08	4.812364e-09	4.637837e+01	5.633238e+02
2.290000e-06	1.059643e-08	4.846225e-09	4.674282e+01	5.676802e+02
2.300000e-06	1.067777e-08	4.880551e-09	4.710160e+01	5.719676e+02
2.310000e-06	1.075773e-08	4.915460e-09	4.745435e+01	5.761854e+02
2.320000e-06	1.083635e-08	4.948774e-09	4.780113e+01	5.803332e+02
2.330000e-06	1.091360e-08	4.978200e-09	4.814190e+01	5.844104e+02
2.340000e-06	1.098941e-08	5.005358e-09	4.847630e+01	5.884165e+02
2.350000e-06	1.106376e-08	5.033249e-09	4.880426e+01	5.923510e+02
2.360000e-06	1.113667e-08	5.063934e-09	4.912588e+01	5.962136e+02
2.370000e-06	1.120818e-08	5.096469e-09	4.944134e+01	6.000036e+02
2.380000e-06	1.127840e-08	5.126978e-09	4.975110e+01	6.037207e+02
2.390000e-06	1.134734e-08	5.153522e-09	5.005517e+01	6.073644e+02
2.400000e-06	1.141488e-08	5.179137e-09	5.035314e+01	6.109342e+02
2.410000e-06	1.148101e-08	5.205282e-09	5.064483e+01	6.144297e+02
2.420000e-06	1.154571e-08	5.230199e-09	5.093021e+01	6.178505e+02
2.430000e-06	1.160904e-08	5.253941e-09	5.120959e+01	6.211961e+02
2.440000e-06	1.167114e-08	5.278014e-09	5.148353e+01	6.244662e+02
2.450000e-06	1.173202e-08	5.303478e-09	5.175208e+01	6.276604e+02
2.460000e-06	1.179153e-08	5.328546e-09	5.201459e+01	6.307783e+02
2.470000e-06	1.184954e-08	5.351807e-09	5.227047e+01	6.338194e+02
2.480000e-06	1.190603e-08	5.373556e-09	5.251967e+01	6.367835e+02
2.490000e-06	1.196108e-08	5.395333e-09	5.276248e+01	6.396701e+02
2.500000e-06	1.201467e-08	5.418315e-09	5.299889e+01	6.424789e+02
2.510000e-06	1.206665e-08	5.441911e-09	5.322818e+01	6.452096e+02
2.520000e-06	1.211690e-08	5.464324e-09	5.344985e+01	6.478619e+02
2.530000e-06	1.216552e-08	5.483123e-09	5.366431e+01	6.504353e+02
2.540000e-06	1.221268e-08	5.500495e-09	5.387234e+01	6.529297e+02
2.550000e-06	1.225850e-08	5.518497e-09	5.407447e+01	6.553446e+02
2.560000e-06	1.230295e-08	5.536252e-09	5.427056e+01	6.576798e+02
2.570000e-06	1.234587e-08	5.552443e-09	5.445988e+01	6.599351e+02
2.580000e-06	1.238720e-08	5.567616e-09	5.464216e+01	6.621101e+02
2.590000e-06	1.242704e-08	5.584145e-09	5.481794e+01	6.642046e+02
2.600000e-06	1.246549e-08	5.601401e-09	5.498751e+01	6.662183e+02
2.610000e-06	1.250255e-08	5.618230e-09	5.515101e+01	6.681510e+02
2.620000e-06	1.253815e-08	5.633423e-09	5.530803e+01	6.700024e+02
2.630000e-06	1.257210e-08	5.646367e-09	5.545779e+01	6.717723e+02
2.640000e-06	1.260448e-08	5.658459e-09	5.560062e+01	6.734606e+02
2.650000e-06	1.263543e-08	5.671521e-09	5.573717e+01	6.750669e+02
2.660000e-06	1.266499e-08	5.685115e-09	5.586756e+01	6.765911e+02
2.670000e-06	1.269311e-08	5.697162e-09	5.599158e+01	6.780331e+02
2.680000e-06	1.271954e-08	5.707649e-09	5.610817e+01	6.793926e+02
2.690000e-06	1.274426e-08	5.718616e-09	5.621723e+01	6.806694e+02
2.700000e-06	1.276748e-08	5.729314e-09	5.631964e+01	6.818635e+02
2.710000e-06	1.278928e-08	5.738004e-09	5.641583e+01	6.829747e+02
2.720000e-06	1.280976e-08	5.744133e-09	5.650614e+01	6.840028e+02
2.730000e-06	1.282881e-08	5.749040e-09	5.659020e+01	6.849477e+02
2.740000e-06	1.284629e-08	5.754726e-09	5.666730e+01	6.858093e+02
2.750000e-06	1.286213e-08	5.761165e-09	5.673715e+01	6.865874e+02
2.760000e-06	1.287631e-08	5.767004e-09	5.679972e+01	6.872821e+02
2.770000e-06	1.288884e-08	5.771285e-09	5.685500e+01	6.878932e+02
2.780000e-06	1.289956e-08	5.775466e-09	5.690229e+01	6.884207e+02
2.790000e-06	1.290854e-08	5.780543e-09	5.694186e+01	6.888644e+02
2.800000e-06	1.291600e-08	5.785248e-09	5.697480e+01	6.892243e+02
2.810000e-06	1.292202e-08	5.788796e-09	5.700136e+01	6.895005e+02
2.820000e-06	1.292665e-08	5.790313e-09	5.702176e+01	6.896927e+02
2.830000e-06	1.292972e-08	5.791133e-09	5.703532e+01	6.898011e+02
2.840000e-06	1.293108e-08	5.792501e-09	5.704131e+01	6.898256e+02
2.850000e-06	1.293094e-08	5.794560e-09	5.704069e+01	6.897662e+02
2.860000e-06	1.292942e-08	5.793122e-09	5.703399e+01	6.896229e+02
2.870000e-06	1.292659e-08	5.787417e-09	5.702149e+01	6.893957e+02
2.880000e-06	1.292238e-08	5.784581e-09	5.700291e+01	6.890847e+02
2.890000e-06	1.291648e-08	5.781189e-09	5.697690e+01	6.886899e+02
2.900000e-06	1.290902e-08	5.778011e-09	5.694400e+01	6.882113e+02
2.910000e-06	1.290029e-08	5.781200e-09	5.690547e+01	6.876490e+02
2.920000e-06	1.289022e-08	5.793780e-09	5.686106e+01	6.870031e+02
2.930000e-06	1.287860e-08	5.752188e-09	5.680979e+01	6.862736e+02
2.940000e-06	1.286494e-08	5.693613e-09	5.674952e+01	6.854607e+02
2.950000e-06	1.284894e-08	5.696337e-09	5.667894e+01	6.845644e+02
2.960000e-06	1.283095e-08	5.677504e-09	5.659959e+01	6.835848e+02
2.970000e-06	1.281170e-08	5.742317e-09	5.651468e+01	6.825222e+02
2.980000e-06	1.279162e-08	5.781373e-09	5.642612e+01	6.813765e+02
2.990000e-06	1.277037e-08	5.655828e-09	5.633235e+01	6.801479e+02
3.000000e-06	1.274732e-08	5.734282e-09	5.623066e+01	6.788366e+02
3.010000e-06	1.272268e-08	5.751359e-09	5.612201e+01	6.774428e+02
3.020000e-06	1.269687e-08	5.649891e-09	5.600815e+01	6.759665e+02
3.030000e-06	1.266936e-08	5.777709e-09	5.588678e+01	6.744081e+02
3.040000e-06	1.264004e-08	5.713698e-09	5.575745e+01	6.727676e+02
3.050000e-06	1.260924e-08	5.676386e-09	5.562159e+01	6.710454e+02
3.060000e-06	1.257689e-08	5.776841e-09	5.547889e+01	6.692415e+02
3.070000e-06	1.254328e-08	5.675134e-09	5.533063e+01	6.673562e+02
3.080000e-06	1.250843e-08	5.717311e-09	5.517687e+01	6.653898e+02
3.090000e-06	1.247199e-08	5.700096e-09	5.501614e+01	6.633424e+02
3.100000e-06	1.243386e-08	5.603403e-09	5.484794e+01	6.612144e+02
3.110000e-06	1.239402e-08	5.663541e-09	5.467222e+01	6.590059e+02
3.120000e-06	1.235279e-08	5.596127e-09	5.449031e+01	6.567173e+02
3.130000e-06	1.231023e-08	5.641220e-09	5.430258e+01	6.543489e+02
3.140000e-06	1.226630e-08	5.640039e-09	5.410881e+01	6.519008e+02
3.150000e-06	1.222104e-08	5.604890e-09	5.390917e+01	6.493735e+02
3.160000e-06	1.217416e-08	5.630631e-09	5.370237e+01	6.467672e+02
3.170000e-06	1.212569e-08	5.531063e-09	5.348853e+01	6.440823e+02
3.180000e-06	1.207553e-08	5.575281e-09	5.326726e+01	6.413190e+02
3.190000e-06	1.202360e-08	5.521394e-09	5.303820e+01	6.384777e+02
3.200000e-06	1.197014e-08	5.493535e-09	5.280239e+01	6.355588e+02
3.210000e-06	1.191504e-08	5.528565e-09	5.255934e+01	6.325626e+02
3.220000e-06	1.185853e-08	5.446695e-09	5.231003e+01	6.294895e+02
3.230000e-06	1.180062e-08	5.455800e-09	5.205459e+01	6.263398e+02
3.240000e-06	1.174127e-08	5.376531e-09	5.179278e+01	6.231139e+02
3.250000e-06	1.168051e-08	5.345442e-09	5.152479e+01	6.198123e+02
3.260000e-06	1.161814e-08	5.336786e-09	5.124962e+01	6.164353e+02
3.270000e-06	1.155432e-08	5.302718e-09	5.096813e+01	6.129833e+02
3.280000e-06	1.148917e-08	5.308615e-09	5.068072e+01	6.094568e+02
3.290000e-06	1.142274e-08	5.245942e-09	5.038769e+01	6.058562e+02
3.300000e-06	1.135496e-08	5.222892e-09	5.008872e+01	6.021819e+02
3.310000e-06	1.128569e-08	5.168289e-09	4.978315e+01	5.984344e+02
3.320000e-06	1.121505e-08	5.136567e-09	4.947154e+01	5.946141e+02
3.330000e-06	1.114294e-08	5.109723e-09	4.915344e+01	5.907215e+02
3.340000e-06	1.106945e-08	5.070517e-09	4.882927e+01	5.867571e+02
3.350000e-06	1.099451e-08	5.048202e-09	4.849868e+01	5.827213e+02
3.360000e-06	1.091808e-08	5.014641e-09	4.816154e+01	5.786147e+02
3.370000e-06	1.084024e-08	4.973566e-09	4.781818e+01	5.744377e+02
3.380000e-06	1.076094e-08	4.929083e-09	4.746838e+01	5.701908e+02
3.390000e-06	1.068037e-08	4.881145e-09	4.711295e+01	5.658746e+02
3.400000e-06	1.059863e-08	4.847775e-09	4.675239e+01	5.614896e+02
3.410000e-06	1.051570e-08	4.820779e-09	4.638655e+01	5.570364e+02
3.420000e-06	1.043149e-08	4.784319e-09	4.601509e+01	5.525154e+02
3.430000e-06	1.034603e-08	4.746240e-09	4.563811e+01	5.479272e+02
3.440000e-06	1.025931e-08	4.691961e-09	4.525559e+01	5.432724e+02
3.450000e-06	1.017128e-08	4.651200e-09	4.486727e+01	5.385515e+02
3.460000e-06	1.008208e-08	4.604087e-09	4.447379e+01	5.337652e+02
3.470000e-06	9.991757e-09	4.566300e-09	4.407535e+01	5.289139e+02
3.480000e-06	9.900201e-09	4.526061e-09	4.367148e+01	5.239984e+02
3.490000e-06	9.807439e-09	4.485054e-09	4.326229e+01	5.190191e+02
3.500000e-06	9.713496e-09	4.448935e-09	4.284789e+01	5.139768e+02
3.510000e-06	9.618330e-09	4.401941e-09	4.242809e+01	5.088719e+02
3.520000e-06	9.521967e-09	4.353028e-09	4.200302e+01	5.037052e+02
3.530000e-06	9.424523e-09	4.295690e-09	4.157317e+01	4.984772e+02
3.540000e-06	9.325983e-09	4.247730e-09	4.113849e+01	4.931886e+02
3.550000e-06	9.226281e-09	4.206062e-09	4.069869e+01	4.878401e+02
3.560000e-06	9.125452e-09	4.165510e-09	4.025391e+01	4.824323e+02
3.570000e-06	9.023526e-09	4.119817e-09	3.980430e+01	4.769658e+02
3.580000e-06	8.920453e-09	4.069490e-09	3.934963e+01	4.714413e+02
3.590000e-06	8.816231e-09	4.018885e-09	3.888988e+01	4.658595e+02
3.600000e-06	8.711003e-09	3.967573e-09	3.842570e+01	4.602211e+02
3.610000e-06	8.604814e-09	3.916102e-09	3.795728e+01	4.545267e+02
3.620000e-06	8.497650e-09	3.865105e-09	3.748456e+01	4.487771e+02
3.630000e-06	8.389522e-09	3.817815e-09	3.700758e+01	4.429729e+02
3.640000e-06	8.280403e-09	3.772826e-09	3.652624e+01	4.371149e+02
3.650000e-06	8.170271e-09	3.725953e-09	3.604042e+01	4.312038e+02
3.660000e-06	8.059133e-09	3.671517e-09	3.555018e+01	4.252402e+02
3.670000e-06	7.946958e-09	3.615066e-09	3.505535e+01	4.192249e+02
3.680000e-06	7.833740e-09	3.558964e-09	3.455593e+01	4.131587e+02
3.690000e-06	7.719477e-09	3.508602e-09	3.405189e+01	4.070423e+02
3.700000e-06	7.604156e-09	3.457061e-09	3.354319e+01	4.008764e+02
3.710000e-06	7.487839e-09	3.402896e-09	3.303010e+01	3.946617e+02
3.720000e-06	7.370575e-09	3.344266e-09	3.251282e+01	3.883991e+02
3.730000e-06	7.252366e-09	3.287142e-09	3.199139e+01	3.820893e+02
3.740000e-06	7.133226e-09	3.232812e-09	3.146583e+01	3.757331e+02
3.750000e-06	7.013204e-09	3.178496e-09	3.093640e+01	3.693312e+02
3.760000e-06	6.892332e-09	3.120842e-09	3.040321e+01	3.628844e+02
3.770000e-06	6.770647e-09	3.063916e-09	2.986643e+01	3.563935e+02
3.780000e-06	6.648175e-09	3.011360e-09	2.932618e+01	3.498594e+02
3.790000e-06	6.524904e-09	2.959483e-09	2.878241e+01	3.432827e+02
3.800000e-06	6.400835e-09	2.902950e-09	2.823512e+01	3.366642e+02
3.810000e-06	6.276013e-09	2.841661e-09	2.768451e+01	3.300049e+02
3.820000e-06	6.150462e-09	2.778998e-09	2.713068e+01	3.233055e+02
3.830000e-06	6.024179e-09	2.721181e-09	2.657362e+01	3.165668e+02
3.840000e-06	5.897172e-09	2.666845e-09	2.601337e+01	3.097897e+02
3.850000e-06	5.769448e-09	2.609717e-09	2.544996e+01	3.029749e+02
3.860000e-06	5.641011e-09	2.547641e-09	2.488340e+01	2.961233e+02
3.870000e-06	5.511870e-09	2.483302e-09	2.431373e+01	2.892357e+02
3.880000e-06	5.382036e-09	2.422499e-09	2.374101e+01	2.823130e+02
3.890000e-06	5.251561e-09	2.363734e-09	2.316546e+01	2.753560e+02
3.900000e-06	5.120468e-09	2.305296e-09	2.258719e+01	2.683656e+02
3.910000e-06	4.988756e-09	2.244999e-09	2.200618e+01	2.613426e+02
3.920000e-06	4.856458e-09	2.184737e-09	2.142259e+01	2.542878e+02
3.930000e-06	4.723592e-09	2.125741e-09	2.083649e+01	2.472022e+02
3.940000e-06	4.590176e-09	2.067039e-09	2.024797e+01	2.400865e+02
3.950000e-06	4.456237e-09	2.004359e-09	1.965714e+01	2.329417e+02
3.960000e-06	4.321776e-09	1.938438e-09	1.906401e+01	2.257686e+02
3.970000e-06	4.186807e-09	1.873440e-09	1.846863e+01	2.185681e+02
3.980000e-06	4.051344e-09	1.813842e-09	1.787108e+01	2.113411e+02
3.990000e-06	3.915368e-09	1.755619e-09	1.727126e+01	2.040884e+02
4.000000e-06	3.778868e-09	1.695240e-09	1.666914e+01	1.968110e+02
4.010000e-06	3.641846e-09	1.630975e-09	1.606471e+01	1.895097e+02
4.020000e-06	3.504328e-09	1.566303e-09	1.545809e+01	1.821854e+02
4.030000e-06	3.366368e-09	1.503025e-09	1.484953e+01	1.748389e+02
4.040000e-06	3.228007e-09	1.440642e-09	1.423919e+01	1.674713e+02
4.050000e-06	3.089273e-09	1.377519e-09	1.362721e+01	1.600834e+02
4.060000e-06	2.950200e-09	1.313288e-09	1.301374e+01	1.526760e+02
4.070000e-06	2.810805e-09	1.249539e-09	1.239884e+01	1.452502e+02
4.080000e-06	2.671071e-09	1.188188e-09	1.178245e+01	1.378067e+02
4.090000e-06	2.531004e-09	1.127366e-09	1.116459e+01	1.303466e+02
4.100000e-06	2.390629e-09	1.063777e-09	1.054537e+01	1.228706e+02
4.110000e-06	2.249979e-09	9.985117e-10	9.924940e+00	1.153798e+02
4.120000e-06	2.109073e-09	9.358547e-10	9.303377e+00	1.078750e+02
4.130000e-06	1.967917e-09	8.758370e-10	8.680717e+00	1.003571e+02
4.140000e-06	1.826529e-09	8.145144e-10	8.057027e+00	9.282711e+01
4.150000e-06	1.684926e-09	7.505335e-10	7.432393e+00	8.528589e+01
4.160000e-06	1.543122e-09	6.842961e-10	6.806869e+00	7.773436e+01
4.170000e-06	1.401130e-09	6.185850e-10	6.180520e+00	7.017344e+01
4.180000e-06	1.258971e-09	5.555776e-10	5.553429e+00	6.260406e+01
4.190000e-06	1.116656e-09	4.927686e-10	4.925653e+00	5.502714e+01
4.200000e-06	9.742027e-10	4.281694e-10	4.297268e+00	4.744359e+01
4.210000e-06	8.316306e-10	3.633994e-10	3.668357e+00	3.985434e+01
4.220000e-06	6.889573e-10	3.005031e-10	3.039000e+00	3.226032e+01
4.230000e-06	5.461877e-10	2.392451e-10	2.409218e+00	2.466244e+01
4.240000e-06	4.033493e-10	1.756896e-10	1.779132e+00	1.706164e+01
4.250000e-06	2.604715e-10	1.081078e-10	1.148872e+00	9.458838e+00
4.260000e-06	1.175646e-10	3.898135e-11	5.184843e-01	1.854961e+00
4.270000e-06	-2.536482e-11	-2.581828e-11	-1.120033e-01	-5.749066e+00
4.280000e-06	-1.682940e-10	-8.606712e-11	-7.424896e-01	-1.335232e+01
4.290000e-06	-3.111965e-10	-1.472612e-10	-1.372858e+00	-2.095387e+01
4.300000e-06	-4.540585e-10	-2.105980e-10	-2.003048e+00	-2.855279e+01
4.310000e-06	-5.968591e-10	-2.728484e-10	-2.632967e+00	-3.614816e+01
4.320000e-06	-7.395813e-10	-3.348676e-10	-3.262540e+00	-4.373906e+01
4.330000e-06	-8.821964e-10	-3.979953e-10	-3.891640e+00	-5.132455e+01
4.340000e-06	-1.024691e-09	-4.666093e-10	-4.520211e+00	-5.890372e+01
4.350000e-06	-1.167046e-09	-5.375577e-10	-5.148164e+00	-6.647565e+01
4.360000e-06	-1.309235e-09	-6.074838e-10	-5.775384e+00	-7.403941e+01
4.370000e-06	-1.451249e-09	-6.732015e-10	-6.401831e+00	-8.159407e+01
4.380000e-06	-1.593070e-09	-7.342517e-10	-7.027430e+00	-8.913873e+01
4.390000e-06	-1.734679e-09	-7.948753e-10	-7.652089e+00	-9.667247e+01
4.400000e-06	-1.876055e-09	-8.561818e-10	-8.275724e+00	-1.041944e+02
4.410000e-06	-2.017185e-09	-9.178472e-10	-8.898274e+00	-1.117035e+02
4.420000e-06	-2.158049e-09	-9.804157e-10	-9.519646e+00	-1.191989e+02
4.430000e-06	-2.298618e-09	-1.047153e-09	-1.013972e+01	-1.266798e+02
4.440000e-06	-2.438870e-09	-1.116301e-09	-1.075839e+01	-1.341452e+02
4.450000e-06	-2.578804e-09	-1.182890e-09	-1.137567e+01	-1.415942e+02
4.460000e-06	-2.718419e-09	-1.244810e-09	-1.199154e+01	-1.490258e+02
4.470000e-06	-2.857683e-09	-1.304602e-09	-1.260585e+01	-1.564392e+02
4.480000e-06	-2.996576e-09	-1.364724e-09	-1.321853e+01	-1.638336e+02
4.490000e-06	-3.135100e-09	-1.426777e-09	-1.382958e+01	-1.712079e+02
4.500000e-06	-3.273235e-09	-1.489977e-09	-1.443892e+01	-1.785612e+02
4.510000e-06	-3.410948e-09	-1.553729e-09	-1.504640e+01	-1.858928e+02
4.520000e-06	-3.548215e-09	-1.618130e-09	-1.565191e+01	-1.932017e+02
4.530000e-06	-3.685002e-09	-1.682848e-09	-1.625530e+01	-2.004869e+02
4.540000e-06	-3.821281e-09	-1.746467e-09	-1.685645e+01	-2.077477e+02
4.550000e-06	-3.957044e-09	-1.808403e-09	-1.745533e+01	-2.149832e+02
4.560000e-06	-4.092313e-09	-1.869093e-09	-1.805202e+01	-2.221923e+02
4.570000e-06	-4.227099e-09	-1.929757e-09	-1.864658e+01	-2.293744e+02
4.580000e-06	-4.361395e-09	-1.991761e-09	-1.923899e+01	-2.365285e+02
4.590000e-06	-4.495181e-09	-2.055183e-09	-1.982914e+01	-2.436536e+02
4.600000e-06	-4.628437e-09	-2.117114e-09	-2.041696e+01	-2.507491e+02
4.610000e-06	-4.761171e-09	-2.176154e-09	-2.100247e+01	-2.578139e+02
4.620000e-06	-4.893372e-09	-2.235061e-09	-2.158564e+01	-2.648473e+02
4.630000e-06	-5.025000e-09	-2.296513e-09	-2.216627e+01	-2.718484e+02
4.640000e-06	-5.156003e-09	-2.359444e-09	-2.274414e+01	-2.788163e+02
4.650000e-06	-5.286392e-09	-2.421253e-09	-2.331931e+01	-2.857502e+02
4.660000e-06	-5.416180e-09	-2.481166e-09	-2.389183e+01	-2.926492e+02
4.670000e-06	-5.545349e-09	-2.540994e-09	-2.446162e+01	-2.995126e+02
4.680000e-06	-5.673876e-09	-2.601306e-09	-2.502858e+01	-3.063394e+02
4.690000e-06	-5.801708e-09	-2.661423e-09	-2.559247e+01	-3.131288e+02
4.700000e-06	-5.928822e-09	-2.719874e-09	-2.615319e+01	-3.198800e+02
4.710000e-06	-6.055227e-09	-2.777278e-09	-2.671079e+01	-3.265923e+02
4.720000e-06	-6.180913e-09	-2.837074e-09	-2.726521e+01	-3.332646e+02
4.730000e-06	-6.305852e-09	-2.899770e-09	-2.781634e+01	-3.398964e+02
4.740000e-06	-6.430035e-09	-2.960754e-09	-2.836413e+01	-3.464867e+02
4.750000e-06	-6.553428e-09	-3.017625e-09	-2.890844e+01	-3.530347e+02
4.760000e-06	-6.675992e-09	-3.071497e-09	-2.944909e+01	-3.595397e+02
4.770000e-06	-6.797736e-09	-3.125935e-09	-2.998612e+01	-3.660009e+02
4.780000e-06	-6.918637e-09	-3.183246e-09	-3.051944e+01	-3.724174e+02
4.790000e-06	-7.038637e-09	-3.240775e-09	-3.104878e+01	-3.787885e+02
4.800000e-06	-7.157698e-09	-3.297510e-09	-3.157398e+01	-3.851134e+02
4.810000e-06	-7.275819e-09	-3.354979e-09	-3.209503e+01	-3.913914e+02
4.820000e-06	-7.393007e-09	-3.414418e-09	-3.261196e+01	-3.976216e+02
4.830000e-06	-7.509244e-09	-3.473586e-09	-3.312470e+01	-4.038034e+02
4.840000e-06	-7.624446e-09	-3.529431e-09	-3.363288e+01	-4.099359e+02
4.850000e-06	-7.738512e-09	-3.581694e-09	-3.413604e+01	-4.160185e+02
4.860000e-06	-7.851447e-09	-3.633412e-09	-3.463422e+01	-4.220503e+02
4.870000e-06	-7.963349e-09	-3.689800e-09	-3.512783e+01	-4.280307e+02
4.880000e-06	-8.074261e-09	-3.748458e-09	-3.561709e+01	-4.339589e+02
4.890000e-06	-8.184167e-09	-3.805350e-09	-3.610190e+01	-4.398342e+02
4.900000e-06	-8.293085e-09	-3.859805e-09	-3.658236e+01	-4.456559e+02
4.910000e-06	-8.401045e-09	-3.910124e-09	-3.705859e+01	-4.514232e+02
4.920000e-06	-8.508076e-09	-3.961308e-09	-3.753072e+01	-4.571356e+02
4.930000e-06	-8.614191e-09	-4.010707e-09	-3.799881e+01	-4.627922e+02
4.940000e-06	-8.719377e-09	-4.058553e-09	-3.846281e+01	-4.683924e+02
4.950000e-06	-8.823554e-09	-4.106460e-09	-3.892235e+01	-4.739355e+02
4.960000e-06	-8.926616e-09	-4.157395e-09	-3.937698e+01	-4.794208e+02
4.970000e-06	-9.028569e-09	-4.213432e-09	-3.982671e+01	-4.848477e+02
4.980000e-06	-9.129434e-09	-4.267684e-09	-4.027164e+01	-4.902155e+02
4.990000e-06	-9.229178e-09	-4.317693e-09	-4.071163e+01	-4.955236e+02
5.000000e-06	-9.327792e-09	-4.363278e-09	-4.114663e+01	-5.007712e+02
5.010000e-06	-9.425342e-09	-4.408523e-09	-4.157694e+01	-5.059578e+02
5.020000e-06	-9.521883e-09	-4.455227e-09	-4.200280e+01	-5.110828e+02
5.030000e-06	-9.617340e-09	-4.501899e-09	-4.242388e+01	-5.161455e+02
5.040000e-06	-9.711638e-09	-4.548173e-09	-4.283984e+01	-5.211452e+02
5.050000e-06	-9.804768e-09	-4.594148e-09	-4.325066e+01	-5.260815e+02
5.060000e-06	-9.896686e-09	-4.641352e-09	-4.365612e+01	-5.309536e+02
5.070000e-06	-9.987357e-09	-4.687957e-09	-4.405609e+01	-5.357610e+02
5.080000e-06	-1.007684e-08	-4.731579e-09	-4.445083e+01	-5.405031e+02
5.090000e-06	-1.016519e-08	-4.773068e-09	-4.484053e+01	-5.451794e+02
5.100000e-06	-1.025228e-08	-4.812233e-09	-4.522473e+01	-5.497892e+02
5.110000e-06	-1.033811e-08	-4.852297e-09	-4.560333e+01	-5.543320e+02
5.120000e-06	-1.042271e-08	-4.892856e-09	-4.597652e+01	-5.588073e+02
5.130000e-06	-1.050605e-08	-4.932761e-09	-4.634412e+01	-5.632144e+02
5.140000e-06	-1.058814e-08	-4.971806e-09	-4.670623e+01	-5.675529e+02
5.150000e-06	-1.066905e-08	-5.010164e-09	-4.706316e+01	-5.718223e+02
5.160000e-06	-1.074873e-08	-5.048924e-09	-4.741464e+01	-5.760220e+02
5.170000e-06	-1.082705e-08	-5.087042e-09	-4.776010e+01	-5.801514e+02
5.180000e-06	-1.090393e-08	-5.123276e-09	-4.809924e+01	-5.842102e+02
5.190000e-06	-1.097933e-08	-5.156868e-09	-4.843185e+01	-5.881978e+02
5.200000e-06	-1.105331e-08	-5.189229e-09	-4.875820e+01	-5.921137e+02
5.210000e-06	-1.112598e-08	-5.221464e-09	-4.907875e+01	-5.959575e+02
5.220000e-06	-1.119730e-08	-5.253935e-09	-4.939333e+01	-5.997286e+02
5.230000e-06	-1.126720e-08	-5.286005e-09	-4.970170e+01	-6.034267e+02
5.240000e-06	-1.133570e-08	-5.316472e-09	-5.000386e+01	-6.070512e+02
5.250000e-06	-1.140280e-08	-5.345822e-09	-5.029985e+01	-6.106017e+02
5.260000e-06	-1.146857e-08	-5.375396e-09	-5.058996e+01	-6.140779e+02
5.270000e-06	-1.153308e-08	-5.404695e-09	-5.087453e+01	-6.174792e+02
5.280000e-06	-1.159628e-08	-5.432296e-09	-5.115330e+01	-6.208053e+02
5.290000e-06	-1.165804e-08	-5.458341e-09	-5.142576e+01	-6.240557e+02
5.300000e-06	-1.171833e-08	-5.483134e-09	-5.169171e+01	-6.272301e+02
5.310000e-06	-1.177720e-08	-5.507394e-09	-5.195138e+01	-6.303280e+02
5.320000e-06	-1.183473e-08	-5.532222e-09	-5.220516e+01	-6.333492e+02
5.330000e-06	-1.189094e-08	-5.556203e-09	-5.245311e+01	-6.362931e+02
5.340000e-06	-1.194569e-08	-5.578349e-09	-5.269460e+01	-6.391596e+02
5.350000e-06	-1.199881e-08	-5.599297e-09	-5.292894e+01	-6.419482e+02
5.360000e-06	-1.205027e-08	-5.620052e-09	-5.315592e+01	-6.446585e+02
5.370000e-06	-1.210003e-08	-5.640430e-09	-5.337542e+01	-6.472903e+02
5.380000e-06	-1.214803e-08	-5.659158e-09	-5.358717e+01	-6.498432e+02
5.390000e-06	-1.219437e-08	-5.675567e-09	-5.379157e+01	-6.523170e+02
5.400000e-06	-1.223931e-08	-5.692021e-09	-5.398982e+01	-6.547112e+02
5.410000e-06	-1.228303e-08	-5.709518e-09	-5.418268e+01	-6.570257e+02
5.420000e-06	-1.232552e-08	-5.726865e-09	-5.437012e+01	-6.592601e+02
5.430000e-06	-1.236671e-08	-5.742993e-09	-5.455181e+01	-6.614142e+02
5.440000e-06	-1.240656e-08	-5.757691e-09	-5.472760e+01	-6.634877e+02
5.450000e-06	-1.244497e-08	-5.771727e-09	-5.489699e+01	-6.654804e+02
5.460000e-06	-1.248173e-08	-5.786119e-09	-5.505917e+01	-6.673920e+02
5.470000e-06	-1.251693e-08	-5.799997e-09	-5.521442e+01	-6.692223e+02
5.480000e-06	-1.255070e-08	-5.811238e-09	-5.536341e+01	-6.709710e+02
5.490000e-06	-1.258306e-08	-5.820685e-09	-5.550617e+01	-6.726379e+02
5.500000e-06	-1.261392e-08	-5.830786e-09	-5.564228e+01	-6.742230e+02
5.510000e-06	-1.264310e-08	-5.842111e-09	-5.577098e+01	-6.757258e+02
5.520000e-06	-1.267066e-08	-5.853124e-09	-5.589256e+01	-6.771464e+02
5.530000e-06	-1.269678e-08	-5.863395e-09	-5.600777e+01	-6.784844e+02
5.540000e-06	-1.272144e-08	-5.871064e-09	-5.611658e+01	-6.797398e+02
5.550000e-06	-1.274468e-08	-5.877168e-09	-5.621906e+01	-6.809123e+02
5.560000e-06	-1.276630e-08	-5.883433e-09	-5.631443e+01	-6.820019e+02
5.570000e-06	-1.278624e-08	-5.890208e-09	-5.640239e+01	-6.830084e+02
5.580000e-06	-1.280471e-08	-5.897191e-09	-5.648390e+01	-6.839316e+02
5.590000e-06	-1.282179e-08	-5.903084e-09	-5.655920e+01	-6.847716e+02
5.600000e-06	-1.283743e-08	-5.907936e-09	-5.662819e+01	-6.855281e+02
5.610000e-06	-1.285137e-08	-5.911599e-09	-5.668972e+01	-6.862010e+02
5.620000e-06	-1.286345e-08	-5.915403e-09	-5.674297e+01	-6.867904e+02
5.630000e-06	-1.287387e-08	-5.919548e-09	-5.678895e+01	-6.872961e+02
5.640000e-06	-1.288281e-08	-5.922329e-09	-5.682840e+01	-6.877180e+02
5.650000e-06	-1.289034e-08	-5.923738e-09	-5.686161e+01	-6.880562e+02
5.660000e-06	-1.289630e-08	-5.924195e-09	-5.688787e+01	-6.883105e+02
5.670000e-06	-1.290053e-08	-5.924950e-09	-5.690656e+01	-6.884810e+02
5.680000e-06	-1.290329e-08	-5.925231e-09	-5.691872e+01	-6.885675e+02
5.690000e-06	-1.290466e-08	-5.923030e-09	-5.692477e+01	-6.885702e+02
