# Temperatura_=_20.0
# Concentracion g/m^3_=_10000.0
# C_Vs_to_Am_M_A/Vsm_=_116720831517.84952
# pendiente_HvsI_1/m_=_3716.3
# ordenada_HvsI_A/m_=_1297.0
# frecuencia_Hz_=_135449.10834002765
# Promedio de 26 ciclos

Tiempo_(s)	Campo_(V.s)	Magnetizacion_(V.s)	Campo_(kA/m)	Magnetizacion_(A/m)
0.000000e+00	-9.610497e-09	-4.147681e-09	-4.952251e+01	-4.833036e+02
1.000000e-08	-9.610519e-09	-4.143600e-09	-4.952262e+01	-4.832136e+02
2.000000e-08	-9.610086e-09	-4.136832e-09	-4.952039e+01	-4.830885e+02
3.000000e-08	-9.609133e-09	-4.130510e-09	-4.951548e+01	-4.829285e+02
4.000000e-08	-9.607424e-09	-4.126300e-09	-4.950668e+01	-4.827334e+02
5.000000e-08	-9.604805e-09	-4.124323e-09	-4.949318e+01	-4.825034e+02
6.000000e-08	-9.601324e-09	-4.124207e-09	-4.947524e+01	-4.822383e+02
7.000000e-08	-9.597194e-09	-4.124862e-09	-4.945396e+01	-4.819383e+02
8.000000e-08	-9.592593e-09	-4.122873e-09	-4.943025e+01	-4.816034e+02
9.000000e-08	-9.587367e-09	-4.115756e-09	-4.940333e+01	-4.812336e+02
1.000000e-07	-9.581220e-09	-4.108463e-09	-4.937165e+01	-4.808288e+02
1.100000e-07	-9.574003e-09	-4.111202e-09	-4.933446e+01	-4.803892e+02
1.200000e-07	-9.565895e-09	-4.112334e-09	-4.929269e+01	-4.799148e+02
1.300000e-07	-9.557364e-09	-4.095951e-09	-4.924872e+01	-4.794056e+02
1.400000e-07	-9.548638e-09	-4.060895e-09	-4.920376e+01	-4.788616e+02
1.500000e-07	-9.539273e-09	-4.070155e-09	-4.915550e+01	-4.782829e+02
1.600000e-07	-9.528709e-09	-4.100445e-09	-4.910107e+01	-4.776695e+02
1.700000e-07	-9.517129e-09	-4.075729e-09	-4.904140e+01	-4.770215e+02
1.800000e-07	-9.504972e-09	-4.041046e-09	-4.897875e+01	-4.763390e+02
1.900000e-07	-9.492166e-09	-4.066129e-09	-4.891276e+01	-4.756218e+02
2.000000e-07	-9.478599e-09	-4.069758e-09	-4.884286e+01	-4.748703e+02
2.100000e-07	-9.464476e-09	-4.028306e-09	-4.877008e+01	-4.740842e+02
2.200000e-07	-9.449652e-09	-4.013978e-09	-4.869369e+01	-4.732638e+02
2.300000e-07	-9.433646e-09	-4.034535e-09	-4.861122e+01	-4.724091e+02
2.400000e-07	-9.416606e-09	-4.003151e-09	-4.852341e+01	-4.715202e+02
2.500000e-07	-9.399035e-09	-3.989416e-09	-4.843286e+01	-4.705970e+02
2.600000e-07	-9.380910e-09	-4.027325e-09	-4.833947e+01	-4.696398e+02
2.700000e-07	-9.362069e-09	-4.039274e-09	-4.824238e+01	-4.686485e+02
2.800000e-07	-9.342588e-09	-4.013829e-09	-4.814200e+01	-4.676232e+02
2.900000e-07	-9.322575e-09	-4.029521e-09	-4.803887e+01	-4.665640e+02
3.000000e-07	-9.302102e-09	-4.055222e-09	-4.793337e+01	-4.654710e+02
3.100000e-07	-9.281167e-09	-4.019185e-09	-4.782550e+01	-4.643443e+02
3.200000e-07	-9.259604e-09	-4.000109e-09	-4.771438e+01	-4.631838e+02
3.300000e-07	-9.237290e-09	-4.012041e-09	-4.759940e+01	-4.619898e+02
3.400000e-07	-9.214402e-09	-3.997681e-09	-4.748146e+01	-4.607623e+02
3.500000e-07	-9.191081e-09	-3.968707e-09	-4.736129e+01	-4.595014e+02
3.600000e-07	-9.167184e-09	-3.978088e-09	-4.723815e+01	-4.582072e+02
3.700000e-07	-9.142693e-09	-3.956147e-09	-4.711195e+01	-4.568798e+02
3.800000e-07	-9.117645e-09	-3.920008e-09	-4.698288e+01	-4.555192e+02
3.900000e-07	-9.091731e-09	-3.921795e-09	-4.684935e+01	-4.541256e+02
4.000000e-07	-9.064709e-09	-3.929048e-09	-4.671010e+01	-4.526991e+02
4.100000e-07	-9.036800e-09	-3.899636e-09	-4.656629e+01	-4.512398e+02
4.200000e-07	-9.008294e-09	-3.881767e-09	-4.641940e+01	-4.497477e+02
4.300000e-07	-8.979233e-09	-3.868776e-09	-4.626965e+01	-4.482231e+02
4.400000e-07	-8.949648e-09	-3.857540e-09	-4.611720e+01	-4.466659e+02
4.500000e-07	-8.919512e-09	-3.854245e-09	-4.596191e+01	-4.450764e+02
4.600000e-07	-8.888728e-09	-3.841201e-09	-4.580328e+01	-4.434546e+02
4.700000e-07	-8.857329e-09	-3.810448e-09	-4.564149e+01	-4.418006e+02
4.800000e-07	-8.825447e-09	-3.796205e-09	-4.547720e+01	-4.401146e+02
4.900000e-07	-8.793151e-09	-3.785397e-09	-4.531078e+01	-4.383967e+02
5.000000e-07	-8.760363e-09	-3.769370e-09	-4.514182e+01	-4.366471e+02
5.100000e-07	-8.726894e-09	-3.753890e-09	-4.496936e+01	-4.348657e+02
5.200000e-07	-8.692514e-09	-3.733180e-09	-4.479220e+01	-4.330528e+02
5.300000e-07	-8.657191e-09	-3.714268e-09	-4.461019e+01	-4.312086e+02
5.400000e-07	-8.621171e-09	-3.707887e-09	-4.442458e+01	-4.293330e+02
5.500000e-07	-8.584626e-09	-3.691440e-09	-4.423626e+01	-4.274264e+02
5.600000e-07	-8.547535e-09	-3.662955e-09	-4.404513e+01	-4.254887e+02
5.700000e-07	-8.509835e-09	-3.646426e-09	-4.385087e+01	-4.235202e+02
5.800000e-07	-8.471504e-09	-3.635223e-09	-4.365335e+01	-4.215210e+02
5.900000e-07	-8.432582e-09	-3.620378e-09	-4.345279e+01	-4.194912e+02
6.000000e-07	-8.393126e-09	-3.604042e-09	-4.324947e+01	-4.174310e+02
6.100000e-07	-8.353190e-09	-3.579978e-09	-4.304368e+01	-4.153405e+02
6.200000e-07	-8.312829e-09	-3.551153e-09	-4.283570e+01	-4.132199e+02
6.300000e-07	-8.271992e-09	-3.535916e-09	-4.262527e+01	-4.110694e+02
6.400000e-07	-8.230531e-09	-3.521459e-09	-4.241162e+01	-4.088890e+02
6.500000e-07	-8.188271e-09	-3.499905e-09	-4.219386e+01	-4.066791e+02
6.600000e-07	-8.145155e-09	-3.475647e-09	-4.197169e+01	-4.044396e+02
6.700000e-07	-8.101316e-09	-3.455407e-09	-4.174579e+01	-4.021708e+02
6.800000e-07	-8.056906e-09	-3.434845e-09	-4.151695e+01	-3.998728e+02
6.900000e-07	-8.011980e-09	-3.415605e-09	-4.128544e+01	-3.975458e+02
7.000000e-07	-7.966515e-09	-3.388698e-09	-4.105117e+01	-3.951900e+02
7.100000e-07	-7.920468e-09	-3.358614e-09	-4.081389e+01	-3.928056e+02
7.200000e-07	-7.873847e-09	-3.334395e-09	-4.057365e+01	-3.903926e+02
7.300000e-07	-7.826680e-09	-3.320956e-09	-4.033060e+01	-3.879514e+02
7.400000e-07	-7.779015e-09	-3.306535e-09	-4.008498e+01	-3.854820e+02
7.500000e-07	-7.730891e-09	-3.286455e-09	-3.983700e+01	-3.829847e+02
7.600000e-07	-7.682244e-09	-3.259196e-09	-3.958633e+01	-3.804596e+02
7.700000e-07	-7.632963e-09	-3.234568e-09	-3.933239e+01	-3.779069e+02
7.800000e-07	-7.582904e-09	-3.213587e-09	-3.907443e+01	-3.753268e+02
7.900000e-07	-7.532009e-09	-3.192439e-09	-3.881218e+01	-3.727195e+02
8.000000e-07	-7.480349e-09	-3.166190e-09	-3.854598e+01	-3.700851e+02
8.100000e-07	-7.428006e-09	-3.139305e-09	-3.827626e+01	-3.674239e+02
8.200000e-07	-7.375054e-09	-3.115637e-09	-3.800340e+01	-3.647361e+02
8.300000e-07	-7.321544e-09	-3.094811e-09	-3.772766e+01	-3.620218e+02
8.400000e-07	-7.267506e-09	-3.069607e-09	-3.744921e+01	-3.592813e+02
8.500000e-07	-7.212949e-09	-3.040265e-09	-3.716808e+01	-3.565147e+02
8.600000e-07	-7.157884e-09	-3.014664e-09	-3.688433e+01	-3.537223e+02
8.700000e-07	-7.102356e-09	-2.994350e-09	-3.659820e+01	-3.509042e+02
8.800000e-07	-7.046436e-09	-2.974255e-09	-3.631004e+01	-3.480606e+02
8.900000e-07	-6.990146e-09	-2.948192e-09	-3.601998e+01	-3.451919e+02
9.000000e-07	-6.933469e-09	-2.916845e-09	-3.572793e+01	-3.422980e+02
9.100000e-07	-6.876305e-09	-2.886448e-09	-3.543337e+01	-3.393794e+02
9.200000e-07	-6.818528e-09	-2.861775e-09	-3.513564e+01	-3.364361e+02
9.300000e-07	-6.760078e-09	-2.838193e-09	-3.483445e+01	-3.334685e+02
9.400000e-07	-6.700977e-09	-2.812244e-09	-3.452991e+01	-3.304766e+02
9.500000e-07	-6.641288e-09	-2.783733e-09	-3.422233e+01	-3.274608e+02
9.600000e-07	-6.581082e-09	-2.757770e-09	-3.391209e+01	-3.244212e+02
9.700000e-07	-6.520439e-09	-2.732572e-09	-3.359961e+01	-3.213581e+02
9.800000e-07	-6.459389e-09	-2.705349e-09	-3.328502e+01	-3.182717e+02
9.900000e-07	-6.397957e-09	-2.673107e-09	-3.296846e+01	-3.151623e+02
1.000000e-06	-6.336143e-09	-2.641205e-09	-3.264994e+01	-3.120299e+02
1.010000e-06	-6.273901e-09	-2.612546e-09	-3.232921e+01	-3.088749e+02
1.020000e-06	-6.211232e-09	-2.587020e-09	-3.200627e+01	-3.056975e+02
1.030000e-06	-6.148169e-09	-2.558698e-09	-3.168131e+01	-3.024980e+02
1.040000e-06	-6.084743e-09	-2.526401e-09	-3.135448e+01	-2.992765e+02
1.050000e-06	-6.020936e-09	-2.495495e-09	-3.102569e+01	-2.960332e+02
1.060000e-06	-5.956722e-09	-2.471363e-09	-3.069480e+01	-2.927685e+02
1.070000e-06	-5.892119e-09	-2.447194e-09	-3.036190e+01	-2.894826e+02
1.080000e-06	-5.827093e-09	-2.417054e-09	-3.002682e+01	-2.861757e+02
1.090000e-06	-5.761584e-09	-2.380627e-09	-2.968926e+01	-2.828480e+02
1.100000e-06	-5.695569e-09	-2.345025e-09	-2.934909e+01	-2.794998e+02
1.110000e-06	-5.629027e-09	-2.314493e-09	-2.900620e+01	-2.761313e+02
1.120000e-06	-5.562007e-09	-2.286409e-09	-2.866085e+01	-2.727428e+02
1.130000e-06	-5.494571e-09	-2.256512e-09	-2.831335e+01	-2.693345e+02
1.140000e-06	-5.426721e-09	-2.225929e-09	-2.796373e+01	-2.659066e+02
1.150000e-06	-5.358499e-09	-2.197314e-09	-2.761218e+01	-2.624595e+02
1.160000e-06	-5.289976e-09	-2.170911e-09	-2.725908e+01	-2.589933e+02
1.170000e-06	-5.221167e-09	-2.141995e-09	-2.690452e+01	-2.555083e+02
1.180000e-06	-5.152086e-09	-2.107794e-09	-2.654854e+01	-2.520048e+02
1.190000e-06	-5.082732e-09	-2.071822e-09	-2.619116e+01	-2.484830e+02
1.200000e-06	-5.013018e-09	-2.040433e-09	-2.583193e+01	-2.449432e+02
1.210000e-06	-4.942903e-09	-2.012099e-09	-2.547063e+01	-2.413856e+02
1.220000e-06	-4.872385e-09	-1.980249e-09	-2.510726e+01	-2.378104e+02
1.230000e-06	-4.801498e-09	-1.945127e-09	-2.474198e+01	-2.342181e+02
1.240000e-06	-4.730280e-09	-1.910213e-09	-2.437499e+01	-2.306087e+02
1.250000e-06	-4.658739e-09	-1.879050e-09	-2.400634e+01	-2.269826e+02
1.260000e-06	-4.586913e-09	-1.851177e-09	-2.363623e+01	-2.233400e+02
1.270000e-06	-4.514844e-09	-1.821558e-09	-2.326486e+01	-2.196812e+02
1.280000e-06	-4.442516e-09	-1.785954e-09	-2.289216e+01	-2.160064e+02
1.290000e-06	-4.369893e-09	-1.747330e-09	-2.251794e+01	-2.123160e+02
1.300000e-06	-4.296949e-09	-1.710676e-09	-2.214206e+01	-2.086102e+02
1.310000e-06	-4.223706e-09	-1.678082e-09	-2.176464e+01	-2.048892e+02
1.320000e-06	-4.150154e-09	-1.646531e-09	-2.138563e+01	-2.011533e+02
1.330000e-06	-4.076246e-09	-1.615763e-09	-2.100479e+01	-1.974029e+02
1.340000e-06	-4.001948e-09	-1.583619e-09	-2.062193e+01	-1.936381e+02
1.350000e-06	-3.927219e-09	-1.551010e-09	-2.023686e+01	-1.898593e+02
1.360000e-06	-3.852084e-09	-1.512899e-09	-1.984969e+01	-1.860666e+02
1.370000e-06	-3.776589e-09	-1.472246e-09	-1.946067e+01	-1.822605e+02
1.380000e-06	-3.700757e-09	-1.434161e-09	-1.906991e+01	-1.784411e+02
1.390000e-06	-3.624606e-09	-1.401757e-09	-1.867751e+01	-1.746088e+02
1.400000e-06	-3.548165e-09	-1.372488e-09	-1.828361e+01	-1.707638e+02
1.410000e-06	-3.471494e-09	-1.340817e-09	-1.788853e+01	-1.669064e+02
1.420000e-06	-3.394617e-09	-1.304006e-09	-1.749239e+01	-1.630368e+02
1.430000e-06	-3.317518e-09	-1.264420e-09	-1.709510e+01	-1.591555e+02
1.440000e-06	-3.240200e-09	-1.224755e-09	-1.669668e+01	-1.552625e+02
1.450000e-06	-3.162653e-09	-1.187162e-09	-1.629708e+01	-1.513583e+02
1.460000e-06	-3.084872e-09	-1.150805e-09	-1.589628e+01	-1.474431e+02
1.470000e-06	-3.006837e-09	-1.116168e-09	-1.549417e+01	-1.435172e+02
1.480000e-06	-2.928534e-09	-1.083664e-09	-1.509068e+01	-1.395808e+02
1.490000e-06	-2.849945e-09	-1.050963e-09	-1.468572e+01	-1.356343e+02
1.500000e-06	-2.771041e-09	-1.015774e-09	-1.427912e+01	-1.316780e+02
1.510000e-06	-2.691854e-09	-9.771086e-10	-1.387108e+01	-1.277121e+02
1.520000e-06	-2.612417e-09	-9.391858e-10	-1.346175e+01	-1.237368e+02
1.530000e-06	-2.532772e-09	-9.029042e-10	-1.305134e+01	-1.197526e+02
1.540000e-06	-2.452922e-09	-8.667124e-10	-1.263988e+01	-1.157597e+02
1.550000e-06	-2.372894e-09	-8.298578e-10	-1.222749e+01	-1.117584e+02
1.560000e-06	-2.292692e-09	-7.942530e-10	-1.181422e+01	-1.077489e+02
1.570000e-06	-2.212333e-09	-7.603758e-10	-1.140013e+01	-1.037316e+02
1.580000e-06	-2.131830e-09	-7.273988e-10	-1.098530e+01	-9.970680e+01
1.590000e-06	-2.051139e-09	-6.930509e-10	-1.056950e+01	-9.567470e+01
1.600000e-06	-1.970298e-09	-6.570776e-10	-1.015294e+01	-9.163564e+01
1.610000e-06	-1.889282e-09	-6.195231e-10	-9.735463e+00	-8.758991e+01
1.620000e-06	-1.808074e-09	-5.834375e-10	-9.317003e+00	-8.353780e+01
1.630000e-06	-1.726713e-09	-5.486024e-10	-8.897751e+00	-7.947960e+01
1.640000e-06	-1.645236e-09	-5.143234e-10	-8.477902e+00	-7.541562e+01
1.650000e-06	-1.563657e-09	-4.792920e-10	-8.057528e+00	-7.134613e+01
1.660000e-06	-1.481967e-09	-4.451321e-10	-7.636582e+00	-6.727145e+01
1.670000e-06	-1.400189e-09	-4.129371e-10	-7.215184e+00	-6.319186e+01
1.680000e-06	-1.318340e-09	-3.799790e-10	-6.793420e+00	-5.910766e+01
1.690000e-06	-1.236433e-09	-3.431491e-10	-6.371352e+00	-5.501915e+01
1.700000e-06	-1.154484e-09	-3.062257e-10	-5.949072e+00	-5.092662e+01
1.710000e-06	-1.072475e-09	-2.719091e-10	-5.526485e+00	-4.683036e+01
1.720000e-06	-9.904019e-10	-2.406009e-10	-5.103563e+00	-4.273068e+01
1.730000e-06	-9.082776e-10	-2.091474e-10	-4.680380e+00	-3.862787e+01
1.740000e-06	-8.260836e-10	-1.750496e-10	-4.256837e+00	-3.452223e+01
1.750000e-06	-7.438319e-10	-1.383009e-10	-3.832996e+00	-3.041405e+01
1.760000e-06	-6.615143e-10	-1.013985e-10	-3.408817e+00	-2.630364e+01
1.770000e-06	-5.791341e-10	-6.619098e-11	-2.984315e+00	-2.219128e+01
1.780000e-06	-4.967004e-10	-3.191908e-11	-2.559537e+00	-1.807729e+01
1.790000e-06	-4.142127e-10	2.078020e-12	-2.134480e+00	-1.396195e+01
1.800000e-06	-3.317162e-10	3.574956e-11	-1.709378e+00	-9.845571e+00
1.810000e-06	-2.492219e-10	6.684798e-11	-1.284288e+00	-5.728443e+00
1.820000e-06	-1.667412e-10	9.724253e-11	-8.592682e-01	-1.610865e+00
1.830000e-06	-8.427779e-11	1.304373e-10	-4.343370e-01	2.506864e+00
1.840000e-06	-1.830892e-12	1.665038e-10	-9.490962e-03	6.624445e+00
1.850000e-06	8.060405e-11	2.028081e-10	4.152937e-01	1.074158e+01
1.860000e-06	1.630299e-10	2.364728e-10	8.400316e-01	1.485797e+01
1.870000e-06	2.454410e-10	2.672771e-10	1.264693e+00	1.897332e+01
1.880000e-06	3.278439e-10	2.969203e-10	1.689312e+00	2.308733e+01
1.890000e-06	4.102321e-10	3.268279e-10	2.113856e+00	2.719970e+01
1.900000e-06	4.926022e-10	3.579448e-10	2.538306e+00	3.131013e+01
1.910000e-06	5.749482e-10	3.897016e-10	2.962632e+00	3.541834e+01
1.920000e-06	6.572777e-10	4.227168e-10	3.386873e+00	3.952401e+01
1.930000e-06	7.395654e-10	4.562864e-10	3.810898e+00	4.362685e+01
1.940000e-06	8.217858e-10	4.910510e-10	4.234578e+00	4.772656e+01
1.950000e-06	9.039538e-10	5.252131e-10	4.657987e+00	5.182285e+01
1.960000e-06	9.860605e-10	5.581261e-10	5.081080e+00	5.591543e+01
1.970000e-06	1.068061e-09	5.896294e-10	5.503628e+00	6.000399e+01
1.980000e-06	1.149945e-09	6.208204e-10	5.925570e+00	6.408823e+01
1.990000e-06	1.231741e-09	6.533586e-10	6.347065e+00	6.816787e+01
2.000000e-06	1.313472e-09	6.880078e-10	6.768219e+00	7.224260e+01
2.010000e-06	1.395125e-09	7.228319e-10	7.188974e+00	7.631214e+01
2.020000e-06	1.476701e-09	7.565355e-10	7.609334e+00	8.037619e+01
2.030000e-06	1.558172e-09	7.893985e-10	8.029150e+00	8.443444e+01
2.040000e-06	1.639539e-09	8.218914e-10	8.448435e+00	8.848662e+01
2.050000e-06	1.720807e-09	8.540648e-10	8.867207e+00	9.253242e+01
2.060000e-06	1.801949e-09	8.863420e-10	9.285325e+00	9.657155e+01
2.070000e-06	1.882946e-09	9.185840e-10	9.702701e+00	1.006037e+02
2.080000e-06	1.963776e-09	9.508327e-10	1.011921e+01	1.046286e+02
2.090000e-06	2.044414e-09	9.838476e-10	1.053474e+01	1.086460e+02
2.100000e-06	2.124856e-09	1.017307e-09	1.094925e+01	1.126556e+02
2.110000e-06	2.205117e-09	1.050447e-09	1.136284e+01	1.166570e+02
2.120000e-06	2.285186e-09	1.083007e-09	1.177543e+01	1.206500e+02
2.130000e-06	2.365048e-09	1.115736e-09	1.218695e+01	1.246343e+02
2.140000e-06	2.444736e-09	1.148370e-09	1.259758e+01	1.286096e+02
2.150000e-06	2.524239e-09	1.180143e-09	1.300726e+01	1.325756e+02
2.160000e-06	2.603512e-09	1.211305e-09	1.341575e+01	1.365321e+02
2.170000e-06	2.682591e-09	1.241939e-09	1.382324e+01	1.404787e+02
2.180000e-06	2.761483e-09	1.271507e-09	1.422977e+01	1.444151e+02
2.190000e-06	2.840135e-09	1.302043e-09	1.463505e+01	1.483411e+02
2.200000e-06	2.918519e-09	1.335517e-09	1.503896e+01	1.522565e+02
2.210000e-06	2.996648e-09	1.370433e-09	1.544156e+01	1.561608e+02
2.220000e-06	3.074520e-09	1.403844e-09	1.584283e+01	1.600539e+02
2.230000e-06	3.152133e-09	1.435829e-09	1.624277e+01	1.639354e+02
2.240000e-06	3.229516e-09	1.466247e-09	1.664152e+01	1.678050e+02
2.250000e-06	3.306673e-09	1.495751e-09	1.703911e+01	1.716626e+02
2.260000e-06	3.383575e-09	1.524273e-09	1.743538e+01	1.755077e+02
2.270000e-06	3.460215e-09	1.552081e-09	1.783030e+01	1.793402e+02
2.280000e-06	3.536604e-09	1.581831e-09	1.822393e+01	1.831597e+02
2.290000e-06	3.612720e-09	1.615843e-09	1.861616e+01	1.869659e+02
2.300000e-06	3.688558e-09	1.651145e-09	1.900695e+01	1.907587e+02
2.310000e-06	3.764108e-09	1.683499e-09	1.939625e+01	1.945377e+02
2.320000e-06	3.839315e-09	1.713673e-09	1.978379e+01	1.983026e+02
2.330000e-06	3.914158e-09	1.742719e-09	2.016945e+01	2.020532e+02
2.340000e-06	3.988639e-09	1.771390e-09	2.055325e+01	2.057892e+02
2.350000e-06	4.062740e-09	1.799127e-09	2.093509e+01	2.095104e+02
2.360000e-06	4.136453e-09	1.825109e-09	2.131493e+01	2.132163e+02
2.370000e-06	4.209781e-09	1.852592e-09	2.169278e+01	2.169069e+02
2.380000e-06	4.282765e-09	1.883515e-09	2.206887e+01	2.205818e+02
2.390000e-06	4.355420e-09	1.915789e-09	2.244325e+01	2.242408e+02
2.400000e-06	4.427731e-09	1.947596e-09	2.281587e+01	2.278836e+02
2.410000e-06	4.499740e-09	1.978178e-09	2.318693e+01	2.315098e+02
2.420000e-06	4.571480e-09	2.007886e-09	2.355660e+01	2.351194e+02
2.430000e-06	4.642956e-09	2.038018e-09	2.392492e+01	2.387120e+02
2.440000e-06	4.714159e-09	2.067519e-09	2.429182e+01	2.422873e+02
2.450000e-06	4.785059e-09	2.094955e-09	2.465717e+01	2.458451e+02
2.460000e-06	4.855625e-09	2.120640e-09	2.502079e+01	2.493851e+02
2.470000e-06	4.925837e-09	2.146333e-09	2.538259e+01	2.529071e+02
2.480000e-06	4.995696e-09	2.172808e-09	2.574258e+01	2.564108e+02
2.490000e-06	5.065214e-09	2.200196e-09	2.610080e+01	2.598959e+02
2.500000e-06	5.134401e-09	2.228871e-09	2.645731e+01	2.633623e+02
2.510000e-06	5.203283e-09	2.257334e-09	2.681226e+01	2.668097e+02
2.520000e-06	5.271848e-09	2.286217e-09	2.716558e+01	2.702377e+02
2.530000e-06	5.340060e-09	2.315863e-09	2.751707e+01	2.736462e+02
2.540000e-06	5.407923e-09	2.343831e-09	2.786677e+01	2.770349e+02
2.550000e-06	5.475395e-09	2.368252e-09	2.821445e+01	2.804036e+02
2.560000e-06	5.542412e-09	2.389692e-09	2.855978e+01	2.837521e+02
2.570000e-06	5.608931e-09	2.412153e-09	2.890255e+01	2.870800e+02
2.580000e-06	5.674961e-09	2.438930e-09	2.924280e+01	2.903871e+02
2.590000e-06	5.740506e-09	2.468489e-09	2.958055e+01	2.936733e+02
2.600000e-06	5.805598e-09	2.496989e-09	2.991597e+01	2.969382e+02
2.610000e-06	5.870277e-09	2.524026e-09	3.024926e+01	3.001816e+02
2.620000e-06	5.934572e-09	2.550403e-09	3.058057e+01	3.034033e+02
2.630000e-06	5.998506e-09	2.575649e-09	3.091002e+01	3.066031e+02
2.640000e-06	6.062064e-09	2.600600e-09	3.123753e+01	3.097808e+02
2.650000e-06	6.125253e-09	2.625036e-09	3.156314e+01	3.129360e+02
2.660000e-06	6.188046e-09	2.649644e-09	3.188671e+01	3.160686e+02
2.670000e-06	6.250408e-09	2.675715e-09	3.220806e+01	3.191783e+02
2.680000e-06	6.312358e-09	2.702093e-09	3.252729e+01	3.222649e+02
2.690000e-06	6.373898e-09	2.728226e-09	3.284440e+01	3.253283e+02
2.700000e-06	6.435037e-09	2.752864e-09	3.315945e+01	3.283681e+02
2.710000e-06	6.495813e-09	2.776005e-09	3.347262e+01	3.313842e+02
2.720000e-06	6.556224e-09	2.799554e-09	3.378392e+01	3.343763e+02
2.730000e-06	6.616246e-09	2.823287e-09	3.409321e+01	3.373442e+02
2.740000e-06	6.675805e-09	2.847563e-09	3.440012e+01	3.402877e+02
2.750000e-06	6.734770e-09	2.872124e-09	3.470396e+01	3.432066e+02
2.760000e-06	6.793059e-09	2.894857e-09	3.500432e+01	3.461007e+02
2.770000e-06	6.850675e-09	2.915987e-09	3.530122e+01	3.489697e+02
2.780000e-06	6.907690e-09	2.938012e-09	3.559501e+01	3.518135e+02
2.790000e-06	6.964226e-09	2.961432e-09	3.588634e+01	3.546319e+02
2.800000e-06	7.020340e-09	2.985005e-09	3.617549e+01	3.574246e+02
2.810000e-06	7.076013e-09	3.008447e-09	3.646238e+01	3.601914e+02
2.820000e-06	7.131236e-09	3.032025e-09	3.674694e+01	3.629322e+02
2.830000e-06	7.186009e-09	3.056451e-09	3.702918e+01	3.656468e+02
2.840000e-06	7.240314e-09	3.079987e-09	3.730901e+01	3.683349e+02
2.850000e-06	7.294115e-09	3.101522e-09	3.758625e+01	3.709963e+02
2.860000e-06	7.347404e-09	3.122768e-09	3.786085e+01	3.736310e+02
2.870000e-06	7.400171e-09	3.144911e-09	3.813275e+01	3.762386e+02
2.880000e-06	7.452342e-09	3.168353e-09	3.840159e+01	3.788189e+02
2.890000e-06	7.503831e-09	3.189895e-09	3.866691e+01	3.813719e+02
2.900000e-06	7.554546e-09	3.209388e-09	3.892824e+01	3.838973e+02
2.910000e-06	7.604453e-09	3.231085e-09	3.918541e+01	3.863949e+02
2.920000e-06	7.653636e-09	3.253578e-09	3.943885e+01	3.888646e+02
2.930000e-06	7.702236e-09	3.274031e-09	3.968928e+01	3.913061e+02
2.940000e-06	7.750357e-09	3.293824e-09	3.993725e+01	3.937194e+02
2.950000e-06	7.797998e-09	3.314434e-09	4.018274e+01	3.961041e+02
2.960000e-06	7.845131e-09	3.335247e-09	4.042561e+01	3.984602e+02
2.970000e-06	7.891721e-09	3.354559e-09	4.066569e+01	4.007875e+02
2.980000e-06	7.937753e-09	3.371147e-09	4.090289e+01	4.030857e+02
2.990000e-06	7.983242e-09	3.386755e-09	4.113730e+01	4.053549e+02
3.000000e-06	8.028237e-09	3.404407e-09	4.136915e+01	4.075947e+02
3.010000e-06	8.072810e-09	3.423346e-09	4.159884e+01	4.098050e+02
3.020000e-06	8.116986e-09	3.441475e-09	4.182648e+01	4.119856e+02
3.030000e-06	8.160656e-09	3.459819e-09	4.205151e+01	4.141365e+02
3.040000e-06	8.203631e-09	3.476536e-09	4.227296e+01	4.162574e+02
3.050000e-06	8.245772e-09	3.493166e-09	4.249010e+01	4.183481e+02
3.060000e-06	8.287088e-09	3.511146e-09	4.270301e+01	4.204086e+02
3.070000e-06	8.327753e-09	3.527938e-09	4.291255e+01	4.224387e+02
3.080000e-06	8.367920e-09	3.544450e-09	4.311953e+01	4.244383e+02
3.090000e-06	8.407607e-09	3.561738e-09	4.332404e+01	4.264071e+02
3.100000e-06	8.446742e-09	3.582632e-09	4.352570e+01	4.283451e+02
3.110000e-06	8.485283e-09	3.601005e-09	4.372430e+01	4.302521e+02
3.120000e-06	8.523236e-09	3.613869e-09	4.391987e+01	4.321279e+02
3.130000e-06	8.560605e-09	3.622702e-09	4.411243e+01	4.339725e+02
3.140000e-06	8.597453e-09	3.631623e-09	4.430231e+01	4.357857e+02
3.150000e-06	8.633866e-09	3.645915e-09	4.448994e+01	4.375674e+02
3.160000e-06	8.669820e-09	3.663816e-09	4.467521e+01	4.393174e+02
3.170000e-06	8.705151e-09	3.682168e-09	4.485727e+01	4.410357e+02
3.180000e-06	8.739621e-09	3.697919e-09	4.503489e+01	4.427220e+02
3.190000e-06	8.773185e-09	3.711185e-09	4.520785e+01	4.443763e+02
3.200000e-06	8.806019e-09	3.724628e-09	4.537704e+01	4.459984e+02
3.210000e-06	8.838322e-09	3.736651e-09	4.554350e+01	4.475883e+02
3.220000e-06	8.870125e-09	3.746742e-09	4.570738e+01	4.491458e+02
3.230000e-06	8.901334e-09	3.755845e-09	4.586820e+01	4.506708e+02
3.240000e-06	8.931933e-09	3.768096e-09	4.602587e+01	4.521632e+02
3.250000e-06	8.961932e-09	3.784730e-09	4.618046e+01	4.536228e+02
3.260000e-06	8.991319e-09	3.801270e-09	4.633189e+01	4.550497e+02
3.270000e-06	9.020145e-09	3.815637e-09	4.648043e+01	4.564436e+02
3.280000e-06	9.048536e-09	3.825902e-09	4.662673e+01	4.578045e+02
3.290000e-06	9.076476e-09	3.835184e-09	4.677070e+01	4.591323e+02
3.300000e-06	9.103696e-09	3.845079e-09	4.691096e+01	4.604269e+02
3.310000e-06	9.129938e-09	3.855373e-09	4.704619e+01	4.616881e+02
3.320000e-06	9.155242e-09	3.865597e-09	4.717658e+01	4.629160e+02
3.330000e-06	9.179827e-09	3.877225e-09	4.730326e+01	4.641103e+02
3.340000e-06	9.203826e-09	3.891204e-09	4.742693e+01	4.652711e+02
3.350000e-06	9.227223e-09	3.905444e-09	4.754750e+01	4.663982e+02
3.360000e-06	9.249974e-09	3.918546e-09	4.766473e+01	4.674915e+02
3.370000e-06	9.272105e-09	3.929416e-09	4.777877e+01	4.685511e+02
3.380000e-06	9.293633e-09	3.936925e-09	4.788970e+01	4.695767e+02
3.390000e-06	9.314581e-09	3.943064e-09	4.799765e+01	4.705684e+02
3.400000e-06	9.335060e-09	3.948853e-09	4.810318e+01	4.715260e+02
3.410000e-06	9.355089e-09	3.957042e-09	4.820639e+01	4.724495e+02
3.420000e-06	9.374505e-09	3.965986e-09	4.830644e+01	4.733388e+02
3.430000e-06	9.393220e-09	3.976228e-09	4.840288e+01	4.741938e+02
3.440000e-06	9.411289e-09	3.987121e-09	4.849598e+01	4.750146e+02
3.450000e-06	9.428770e-09	3.999881e-09	4.858607e+01	4.758010e+02
3.460000e-06	9.445584e-09	4.013818e-09	4.867271e+01	4.765529e+02
3.470000e-06	9.461558e-09	4.023082e-09	4.875502e+01	4.772704e+02
3.480000e-06	9.476662e-09	4.026301e-09	4.883285e+01	4.779533e+02
3.490000e-06	9.490995e-09	4.026045e-09	4.890671e+01	4.786017e+02
3.500000e-06	9.504625e-09	4.028224e-09	4.897694e+01	4.792154e+02
3.510000e-06	9.517561e-09	4.034960e-09	4.904360e+01	4.797945e+02
3.520000e-06	9.529852e-09	4.044675e-09	4.910694e+01	4.803388e+02
3.530000e-06	9.541427e-09	4.056408e-09	4.916658e+01	4.808484e+02
3.540000e-06	9.552045e-09	4.068227e-09	4.922130e+01	4.813232e+02
3.550000e-06	9.561633e-09	4.077631e-09	4.927071e+01	4.817631e+02
3.560000e-06	9.570445e-09	4.082956e-09	4.931612e+01	4.821682e+02
3.570000e-06	9.578726e-09	4.082538e-09	4.935879e+01	4.825384e+02
3.580000e-06	9.586448e-09	4.079147e-09	4.939858e+01	4.828737e+02
3.590000e-06	9.593510e-09	4.077426e-09	4.943497e+01	4.831741e+02
3.600000e-06	9.599885e-09	4.080987e-09	4.946782e+01	4.834395e+02
3.610000e-06	9.605575e-09	4.087199e-09	4.949714e+01	4.836699e+02
3.620000e-06	9.610627e-09	4.093179e-09	4.952318e+01	4.838653e+02
3.630000e-06	9.615157e-09	4.095642e-09	4.954652e+01	4.840258e+02
3.640000e-06	9.619195e-09	4.096174e-09	4.956733e+01	4.841511e+02
3.650000e-06	9.622523e-09	4.097247e-09	4.958448e+01	4.842415e+02
3.660000e-06	9.624881e-09	4.099989e-09	4.959662e+01	4.842968e+02
3.670000e-06	9.626301e-09	4.101573e-09	4.960394e+01	4.843171e+02
3.680000e-06	9.627029e-09	4.099485e-09	4.960770e+01	4.843023e+02
3.690000e-06	9.627241e-09	4.096030e-09	4.960879e+01	4.842525e+02
3.700000e-06	9.626895e-09	4.093708e-09	4.960701e+01	4.841677e+02
3.710000e-06	9.625911e-09	4.093146e-09	4.960194e+01	4.840478e+02
3.720000e-06	9.624304e-09	4.092863e-09	4.959366e+01	4.838929e+02
3.730000e-06	9.622083e-09	4.094393e-09	4.958221e+01	4.837030e+02
3.740000e-06	9.619227e-09	4.098563e-09	4.956750e+01	4.834781e+02
3.750000e-06	9.615859e-09	4.101526e-09	4.955014e+01	4.832182e+02
3.760000e-06	9.612119e-09	4.096873e-09	4.953087e+01	4.829233e+02
3.770000e-06	9.607844e-09	4.089322e-09	4.950884e+01	4.825935e+02
3.780000e-06	9.602688e-09	4.085338e-09	4.948228e+01	4.822288e+02
3.790000e-06	9.596317e-09	4.068741e-09	4.944945e+01	4.818292e+02
3.800000e-06	9.588555e-09	4.045630e-09	4.940945e+01	4.813947e+02
3.810000e-06	9.579679e-09	4.038672e-09	4.936371e+01	4.809254e+02
3.820000e-06	9.570471e-09	4.074883e-09	4.931627e+01	4.804213e+02
3.830000e-06	9.561398e-09	4.087862e-09	4.926951e+01	4.798824e+02
3.840000e-06	9.551894e-09	4.056067e-09	4.922053e+01	4.793088e+02
3.850000e-06	9.541281e-09	4.035475e-09	4.916585e+01	4.787005e+02
3.860000e-06	9.529900e-09	4.063387e-09	4.910720e+01	4.780576e+02
3.870000e-06	9.518262e-09	4.049229e-09	4.904723e+01	4.773801e+02
3.880000e-06	9.505821e-09	3.988834e-09	4.898313e+01	4.766680e+02
3.890000e-06	9.491950e-09	4.015135e-09	4.891165e+01	4.759215e+02
3.900000e-06	9.477134e-09	4.047850e-09	4.883530e+01	4.751405e+02
3.910000e-06	9.461943e-09	4.006669e-09	4.875703e+01	4.743252e+02
3.920000e-06	9.446150e-09	3.963546e-09	4.867564e+01	4.734755e+02
3.930000e-06	9.429614e-09	4.004736e-09	4.859044e+01	4.725916e+02
3.940000e-06	9.412612e-09	3.986349e-09	4.850282e+01	4.716735e+02
3.950000e-06	9.395002e-09	3.907189e-09	4.841208e+01	4.707212e+02
3.960000e-06	9.376437e-09	3.930106e-09	4.831642e+01	4.697349e+02
3.970000e-06	9.357193e-09	3.996535e-09	4.821725e+01	4.687146e+02
3.980000e-06	9.337547e-09	3.960754e-09	4.811602e+01	4.676604e+02
3.990000e-06	9.317226e-09	3.926993e-09	4.801131e+01	4.665724e+02
4.000000e-06	9.296135e-09	3.964471e-09	4.790263e+01	4.654506e+02
4.010000e-06	9.274475e-09	3.953338e-09	4.779102e+01	4.642951e+02
4.020000e-06	9.252043e-09	3.899362e-09	4.767543e+01	4.631060e+02
4.030000e-06	9.228738e-09	3.921227e-09	4.755534e+01	4.618834e+02
4.040000e-06	9.204897e-09	3.930330e-09	4.743249e+01	4.606274e+02
4.050000e-06	9.180539e-09	3.887604e-09	4.730697e+01	4.593381e+02
4.060000e-06	9.155458e-09	3.894036e-09	4.717773e+01	4.580155e+02
4.070000e-06	9.129765e-09	3.901595e-09	4.704533e+01	4.566598e+02
4.080000e-06	9.103524e-09	3.850821e-09	4.691011e+01	4.552710e+02
4.090000e-06	9.076616e-09	3.825278e-09	4.677146e+01	4.538494e+02
4.100000e-06	9.049108e-09	3.843621e-09	4.662971e+01	4.523948e+02
4.110000e-06	9.021014e-09	3.832637e-09	4.648494e+01	4.509076e+02
4.120000e-06	8.992080e-09	3.827266e-09	4.633585e+01	4.493877e+02
4.130000e-06	8.962239e-09	3.824931e-09	4.618208e+01	4.478353e+02
4.140000e-06	8.931652e-09	3.803445e-09	4.602447e+01	4.462505e+02
4.150000e-06	8.900433e-09	3.784249e-09	4.586360e+01	4.446334e+02
4.160000e-06	8.868681e-09	3.774700e-09	4.569998e+01	4.429842e+02
4.170000e-06	8.836397e-09	3.752617e-09	4.553363e+01	4.413029e+02
4.180000e-06	8.803499e-09	3.745065e-09	4.536410e+01	4.395896e+02
4.190000e-06	8.770009e-09	3.734171e-09	4.519153e+01	4.378446e+02
4.200000e-06	8.735943e-09	3.720022e-09	4.501599e+01	4.360679e+02
4.210000e-06	8.701280e-09	3.715934e-09	4.483737e+01	4.342596e+02
4.220000e-06	8.666105e-09	3.699373e-09	4.465612e+01	4.324199e+02
4.230000e-06	8.630422e-09	3.668687e-09	4.447225e+01	4.305490e+02
4.240000e-06	8.594071e-09	3.663645e-09	4.428493e+01	4.286469e+02
4.250000e-06	8.556903e-09	3.652626e-09	4.409341e+01	4.267137e+02
4.260000e-06	8.518858e-09	3.630686e-09	4.389736e+01	4.247497e+02
4.270000e-06	8.480020e-09	3.620893e-09	4.369723e+01	4.227550e+02
4.280000e-06	8.440631e-09	3.604429e-09	4.349426e+01	4.207297e+02
4.290000e-06	8.400822e-09	3.577568e-09	4.328913e+01	4.186739e+02
4.300000e-06	8.360514e-09	3.566748e-09	4.308143e+01	4.165879e+02
4.310000e-06	8.319649e-09	3.553618e-09	4.287085e+01	4.144717e+02
4.320000e-06	8.278221e-09	3.533202e-09	4.265737e+01	4.123255e+02
4.330000e-06	8.236225e-09	3.519522e-09	4.244097e+01	4.101495e+02
4.340000e-06	8.193691e-09	3.500945e-09	4.222180e+01	4.079439e+02
4.350000e-06	8.150664e-09	3.478273e-09	4.200008e+01	4.057087e+02
4.360000e-06	8.107194e-09	3.458500e-09	4.177608e+01	4.034441e+02
4.370000e-06	8.063257e-09	3.435528e-09	4.154967e+01	4.011504e+02
4.380000e-06	8.018764e-09	3.413606e-09	4.132040e+01	3.988277e+02
4.390000e-06	7.973654e-09	3.400139e-09	4.108795e+01	3.964761e+02
4.400000e-06	7.927933e-09	3.384508e-09	4.085236e+01	3.940958e+02
4.410000e-06	7.881700e-09	3.366888e-09	4.061412e+01	3.916870e+02
4.420000e-06	7.835013e-09	3.345364e-09	4.037354e+01	3.892499e+02
4.430000e-06	7.787800e-09	3.321788e-09	4.013026e+01	3.867846e+02
4.440000e-06	7.739972e-09	3.297567e-09	3.988380e+01	3.842914e+02
4.450000e-06	7.691484e-09	3.275093e-09	3.963395e+01	3.817703e+02
4.460000e-06	7.642346e-09	3.252483e-09	3.938074e+01	3.792216e+02
4.470000e-06	7.592604e-09	3.234720e-09	3.912442e+01	3.766455e+02
4.480000e-06	7.542283e-09	3.216912e-09	3.886512e+01	3.740422e+02
4.490000e-06	7.491384e-09	3.200195e-09	3.860284e+01	3.714118e+02
4.500000e-06	7.439878e-09	3.181200e-09	3.833743e+01	3.687545e+02
4.510000e-06	7.387706e-09	3.159615e-09	3.806859e+01	3.660705e+02
4.520000e-06	7.334793e-09	3.134394e-09	3.779593e+01	3.633601e+02
4.530000e-06	7.281113e-09	3.109601e-09	3.751933e+01	3.606234e+02
4.540000e-06	7.226731e-09	3.083848e-09	3.723910e+01	3.578606e+02
4.550000e-06	7.171750e-09	3.059172e-09	3.695578e+01	3.550719e+02
4.560000e-06	7.116285e-09	3.036490e-09	3.666998e+01	3.522575e+02
4.570000e-06	7.060420e-09	3.016336e-09	3.638210e+01	3.494177e+02
4.580000e-06	7.004157e-09	2.996516e-09	3.609218e+01	3.465525e+02
4.590000e-06	6.947466e-09	2.976007e-09	3.580006e+01	3.436624e+02
4.600000e-06	6.890298e-09	2.953080e-09	3.550547e+01	3.407473e+02
4.610000e-06	6.832607e-09	2.928506e-09	3.520820e+01	3.378076e+02
4.620000e-06	6.774436e-09	2.902310e-09	3.490844e+01	3.348435e+02
4.630000e-06	6.715837e-09	2.875395e-09	3.460648e+01	3.318551e+02
4.640000e-06	6.656812e-09	2.848974e-09	3.430233e+01	3.288428e+02
4.650000e-06	6.597352e-09	2.822027e-09	3.399593e+01	3.258067e+02
4.660000e-06	6.537460e-09	2.795884e-09	3.368731e+01	3.227470e+02
4.670000e-06	6.477106e-09	2.771416e-09	3.337631e+01	3.196639e+02
4.680000e-06	6.416195e-09	2.749135e-09	3.306244e+01	3.165578e+02
4.690000e-06	6.354693e-09	2.726376e-09	3.274552e+01	3.134287e+02
4.700000e-06	6.292626e-09	2.702358e-09	3.242570e+01	3.102770e+02
4.710000e-06	6.230042e-09	2.676940e-09	3.210321e+01	3.071028e+02
4.720000e-06	6.167015e-09	2.650524e-09	3.177843e+01	3.039065e+02
4.730000e-06	6.103579e-09	2.620569e-09	3.145154e+01	3.006881e+02
4.740000e-06	6.039754e-09	2.589836e-09	3.112266e+01	2.974480e+02
4.750000e-06	5.975545e-09	2.561576e-09	3.079179e+01	2.941864e+02
4.760000e-06	5.910921e-09	2.537836e-09	3.045879e+01	2.909036e+02
4.770000e-06	5.845855e-09	2.515098e-09	3.012351e+01	2.875997e+02
4.780000e-06	5.780354e-09	2.490947e-09	2.978598e+01	2.842750e+02
4.790000e-06	5.714439e-09	2.464302e-09	2.944632e+01	2.809297e+02
4.800000e-06	5.648146e-09	2.437185e-09	2.910472e+01	2.775641e+02
4.810000e-06	5.581505e-09	2.408988e-09	2.876132e+01	2.741785e+02
4.820000e-06	5.514531e-09	2.379333e-09	2.841621e+01	2.707730e+02
4.830000e-06	5.447229e-09	2.348232e-09	2.806940e+01	2.673480e+02
4.840000e-06	5.379598e-09	2.319288e-09	2.772090e+01	2.639036e+02
4.850000e-06	5.311612e-09	2.293931e-09	2.737057e+01	2.604401e+02
4.860000e-06	5.243216e-09	2.270481e-09	2.701813e+01	2.569578e+02
4.870000e-06	5.174373e-09	2.244823e-09	2.666339e+01	2.534570e+02
4.880000e-06	5.105066e-09	2.213457e-09	2.630625e+01	2.499378e+02
4.890000e-06	5.035272e-09	2.179044e-09	2.594661e+01	2.464005e+02
4.900000e-06	4.964997e-09	2.146754e-09	2.558448e+01	2.428454e+02
4.910000e-06	4.894276e-09	2.118522e-09	2.522006e+01	2.392728e+02
4.920000e-06	4.823146e-09	2.092133e-09	2.485353e+01	2.356829e+02
4.930000e-06	4.751653e-09	2.062246e-09	2.448513e+01	2.320759e+02
4.940000e-06	4.679856e-09	2.030563e-09	2.411516e+01	2.284522e+02
4.950000e-06	4.607798e-09	2.000816e-09	2.374385e+01	2.248119e+02
4.960000e-06	4.535506e-09	1.974855e-09	2.337133e+01	2.211554e+02
4.970000e-06	4.462954e-09	1.949554e-09	2.299747e+01	2.174829e+02
4.980000e-06	4.390119e-09	1.921656e-09	2.262216e+01	2.137947e+02
4.990000e-06	4.316993e-09	1.892643e-09	2.224535e+01	2.100911e+02
5.000000e-06	4.243562e-09	1.863982e-09	2.186696e+01	2.063722e+02
5.010000e-06	4.169825e-09	1.835843e-09	2.148700e+01	2.026385e+02
5.020000e-06	4.095786e-09	1.805255e-09	2.110547e+01	1.988901e+02
5.030000e-06	4.021462e-09	1.771759e-09	2.072249e+01	1.951273e+02
5.040000e-06	3.946865e-09	1.738480e-09	2.033809e+01	1.913505e+02
5.050000e-06	3.871976e-09	1.709757e-09	1.995219e+01	1.875598e+02
5.060000e-06	3.796774e-09	1.684426e-09	1.956468e+01	1.837555e+02
5.070000e-06	3.721252e-09	1.656854e-09	1.917552e+01	1.799380e+02
5.080000e-06	3.645402e-09	1.623739e-09	1.878467e+01	1.761075e+02
5.090000e-06	3.569227e-09	1.588274e-09	1.839214e+01	1.722642e+02
5.100000e-06	3.492746e-09	1.552447e-09	1.799804e+01	1.684085e+02
5.110000e-06	3.415942e-09	1.518107e-09	1.760227e+01	1.645407e+02
5.120000e-06	3.338834e-09	1.484831e-09	1.720494e+01	1.606609e+02
5.130000e-06	3.261456e-09	1.452140e-09	1.680622e+01	1.567696e+02
5.140000e-06	3.183810e-09	1.421074e-09	1.640611e+01	1.528669e+02
5.150000e-06	3.105882e-09	1.392569e-09	1.600455e+01	1.489532e+02
5.160000e-06	3.027679e-09	1.363346e-09	1.560158e+01	1.450288e+02
5.170000e-06	2.949203e-09	1.329995e-09	1.519719e+01	1.410939e+02
5.180000e-06	2.870441e-09	1.292219e-09	1.479133e+01	1.371487e+02
5.190000e-06	2.791452e-09	1.254011e-09	1.438430e+01	1.331937e+02
5.200000e-06	2.712248e-09	1.218605e-09	1.397617e+01	1.292291e+02
5.210000e-06	2.632835e-09	1.184305e-09	1.356696e+01	1.252551e+02
5.220000e-06	2.553264e-09	1.150353e-09	1.315693e+01	1.212722e+02
5.230000e-06	2.473548e-09	1.117975e-09	1.274616e+01	1.172804e+02
5.240000e-06	2.393685e-09	1.087794e-09	1.233463e+01	1.132802e+02
5.250000e-06	2.313692e-09	1.058513e-09	1.192243e+01	1.092718e+02
5.260000e-06	2.233573e-09	1.025943e-09	1.150957e+01	1.052556e+02
5.270000e-06	2.153349e-09	9.898020e-10	1.109618e+01	1.012317e+02
5.280000e-06	2.073029e-09	9.543062e-10	1.068230e+01	9.720056e+01
5.290000e-06	1.992578e-09	9.230693e-10	1.026774e+01	9.316240e+01
5.300000e-06	1.911992e-09	8.915202e-10	9.852481e+00	8.911753e+01
5.310000e-06	1.831265e-09	8.549675e-10	9.436499e+00	8.506623e+01
5.320000e-06	1.750395e-09	8.173187e-10	9.019780e+00	8.100881e+01
5.330000e-06	1.669400e-09	7.823917e-10	8.602417e+00	7.694555e+01
5.340000e-06	1.588257e-09	7.493291e-10	8.184287e+00	7.287675e+01
5.350000e-06	1.507012e-09	7.163419e-10	7.765634e+00	6.880271e+01
5.360000e-06	1.425701e-09	6.824728e-10	7.346642e+00	6.472371e+01
5.370000e-06	1.344333e-09	6.474205e-10	6.927355e+00	6.064006e+01
5.380000e-06	1.262910e-09	6.123354e-10	6.507787e+00	5.655205e+01
5.390000e-06	1.181425e-09	5.758640e-10	6.087897e+00	5.245998e+01
5.400000e-06	1.099875e-09	5.363184e-10	5.667673e+00	4.836414e+01
5.410000e-06	1.018233e-09	4.965085e-10	5.246976e+00	4.426483e+01
5.420000e-06	9.364969e-10	4.612505e-10	4.825793e+00	4.016234e+01
5.430000e-06	8.546844e-10	4.316113e-10	4.404215e+00	3.605698e+01
5.440000e-06	7.728037e-10	4.041272e-10	3.982287e+00	3.194904e+01
5.450000e-06	6.908582e-10	3.704077e-10	3.560025e+00	2.783882e+01
5.460000e-06	6.088753e-10	3.295659e-10	3.137570e+00	2.372662e+01
5.470000e-06	5.268876e-10	2.889568e-10	2.715090e+00	1.961273e+01
5.480000e-06	4.448891e-10	2.537117e-10	2.292555e+00	1.549745e+01
5.490000e-06	3.628595e-10	2.222841e-10	1.869859e+00	1.138108e+01
5.500000e-06	2.808051e-10	1.907323e-10	1.447036e+00	7.263916e+00
5.510000e-06	1.987380e-10	1.549892e-10	1.024147e+00	3.146260e+00
5.520000e-06	1.166784e-10	1.155628e-10	6.012967e-01	-9.715906e-01
5.530000e-06	3.465136e-11	7.545083e-11	1.786141e-01	-5.089339e+00
5.540000e-06	-4.735452e-11	3.747004e-11	-2.439593e-01	-9.206686e+00
5.550000e-06	-1.293716e-10	1.383230e-12	-6.665906e-01	-1.332333e+01
5.560000e-06	-2.113838e-10	-3.417109e-11	-1.089196e+00	-1.743899e+01
5.570000e-06	-2.933777e-10	-6.842270e-11	-1.511708e+00	-2.155334e+01
5.580000e-06	-3.753600e-10	-1.014535e-10	-1.934159e+00	-2.566610e+01
5.590000e-06	-4.573122e-10	-1.375644e-10	-2.356456e+00	-2.977698e+01
5.600000e-06	-5.392527e-10	-1.778026e-10	-2.778693e+00	-3.388566e+01
5.610000e-06	-6.211871e-10	-2.194184e-10	-3.200898e+00	-3.799185e+01
5.620000e-06	-7.030600e-10	-2.571994e-10	-3.622786e+00	-4.209527e+01
5.630000e-06	-7.848569e-10	-2.896495e-10	-4.044282e+00	-4.619560e+01
5.640000e-06	-8.666051e-10	-3.216242e-10	-4.465528e+00	-5.029255e+01
5.650000e-06	-9.482814e-10	-3.586036e-10	-4.886403e+00	-5.438583e+01
5.660000e-06	-1.029858e-09	-3.995374e-10	-5.306761e+00	-5.847514e+01
5.670000e-06	-1.111355e-09	-4.397024e-10	-5.726716e+00	-6.256018e+01
5.680000e-06	-1.192767e-09	-4.777459e-10	-6.146226e+00	-6.664065e+01
5.690000e-06	-1.274079e-09	-5.130280e-10	-6.565226e+00	-7.071627e+01
5.700000e-06	-1.355315e-09	-5.496494e-10	-6.983834e+00	-7.478674e+01
5.710000e-06	-1.436473e-09	-5.898091e-10	-7.402037e+00	-7.885175e+01
5.720000e-06	-1.517529e-09	-6.303074e-10	-7.819713e+00	-8.291102e+01
5.730000e-06	-1.598457e-09	-6.696479e-10	-8.236733e+00	-8.696426e+01
5.740000e-06	-1.679278e-09	-7.088373e-10	-8.653204e+00	-9.101117e+01
5.750000e-06	-1.760006e-09	-7.466470e-10	-9.069192e+00	-9.505145e+01
5.760000e-06	-1.840630e-09	-7.825347e-10	-9.484641e+00	-9.908481e+01
5.770000e-06	-1.921135e-09	-8.170908e-10	-9.899480e+00	-1.031110e+02
5.780000e-06	-2.001514e-09	-8.530639e-10	-1.031367e+01	-1.071296e+02
5.790000e-06	-2.081777e-09	-8.915933e-10	-1.072727e+01	-1.111405e+02
5.800000e-06	-2.161908e-09	-9.321248e-10	-1.114018e+01	-1.151433e+02
5.810000e-06	-2.241892e-09	-9.721912e-10	-1.155233e+01	-1.191377e+02
5.820000e-06	-2.321729e-09	-1.009271e-09	-1.196373e+01	-1.231234e+02
5.830000e-06	-2.401435e-09	-1.044299e-09	-1.237445e+01	-1.271002e+02
5.840000e-06	-2.480982e-09	-1.080467e-09	-1.278436e+01	-1.310678e+02
5.850000e-06	-2.560350e-09	-1.118489e-09	-1.319333e+01	-1.350258e+02
5.860000e-06	-2.639534e-09	-1.156913e-09	-1.360137e+01	-1.389741e+02
5.870000e-06	-2.718521e-09	-1.194890e-09	-1.400839e+01	-1.429122e+02
5.880000e-06	-2.797314e-09	-1.232109e-09	-1.441440e+01	-1.468400e+02
5.890000e-06	-2.875869e-09	-1.268452e-09	-1.481919e+01	-1.507570e+02
5.900000e-06	-2.954168e-09	-1.304425e-09	-1.522266e+01	-1.546632e+02
5.910000e-06	-3.032189e-09	-1.341081e-09	-1.562470e+01	-1.585581e+02
5.920000e-06	-3.109905e-09	-1.377128e-09	-1.602517e+01	-1.624414e+02
5.930000e-06	-3.187302e-09	-1.414681e-09	-1.642399e+01	-1.663130e+02
5.940000e-06	-3.264382e-09	-1.453061e-09	-1.682118e+01	-1.701725e+02
5.950000e-06	-3.341151e-09	-1.488252e-09	-1.721676e+01	-1.740197e+02
5.960000e-06	-3.417596e-09	-1.520966e-09	-1.761069e+01	-1.778542e+02
5.970000e-06	-3.493735e-09	-1.552121e-09	-1.800302e+01	-1.816758e+02
5.980000e-06	-3.569587e-09	-1.586543e-09	-1.839389e+01	-1.854842e+02
5.990000e-06	-3.645148e-09	-1.626196e-09	-1.878325e+01	-1.892792e+02
6.000000e-06	-3.720394e-09	-1.666452e-09	-1.917099e+01	-1.930604e+02
6.010000e-06	-3.795355e-09	-1.704474e-09	-1.955726e+01	-1.968276e+02
6.020000e-06	-3.870047e-09	-1.740030e-09	-1.994215e+01	-2.005805e+02
6.030000e-06	-3.944458e-09	-1.772420e-09	-2.032558e+01	-2.043188e+02
6.040000e-06	-4.018603e-09	-1.803777e-09	-2.070765e+01	-2.080423e+02
6.050000e-06	-4.092464e-09	-1.835553e-09	-2.108825e+01	-2.117507e+02
6.060000e-06	-4.166014e-09	-1.869573e-09	-2.146726e+01	-2.154438e+02
6.070000e-06	-4.239261e-09	-1.906178e-09	-2.184469e+01	-2.191212e+02
6.080000e-06	-4.312199e-09	-1.944684e-09	-2.222054e+01	-2.227827e+02
6.090000e-06	-4.384845e-09	-1.981812e-09	-2.259488e+01	-2.264280e+02
6.100000e-06	-4.457232e-09	-2.014535e-09	-2.296789e+01	-2.300570e+02
6.110000e-06	-4.529376e-09	-2.043228e-09	-2.333965e+01	-2.336692e+02
6.120000e-06	-4.601275e-09	-2.071571e-09	-2.371014e+01	-2.372644e+02
6.130000e-06	-4.672906e-09	-2.103790e-09	-2.407925e+01	-2.408425e+02
6.140000e-06	-4.744234e-09	-2.139113e-09	-2.444680e+01	-2.444031e+02
6.150000e-06	-4.815235e-09	-2.174248e-09	-2.481267e+01	-2.479459e+02
6.160000e-06	-4.885886e-09	-2.207652e-09	-2.517673e+01	-2.514707e+02
6.170000e-06	-4.956133e-09	-2.238988e-09	-2.553871e+01	-2.549773e+02
6.180000e-06	-5.025920e-09	-2.270539e-09	-2.589832e+01	-2.584654e+02
6.190000e-06	-5.095216e-09	-2.302791e-09	-2.625540e+01	-2.619348e+02
6.200000e-06	-5.164023e-09	-2.334105e-09	-2.660996e+01	-2.653851e+02
6.210000e-06	-5.232398e-09	-2.365636e-09	-2.696229e+01	-2.688162e+02
6.220000e-06	-5.300359e-09	-2.397998e-09	-2.731249e+01	-2.722278e+02
6.230000e-06	-5.367942e-09	-2.431189e-09	-2.766074e+01	-2.756197e+02
6.240000e-06	-5.435181e-09	-2.461268e-09	-2.800723e+01	-2.789915e+02
6.250000e-06	-5.502096e-09	-2.487012e-09	-2.835204e+01	-2.823432e+02
6.260000e-06	-5.568699e-09	-2.512095e-09	-2.869524e+01	-2.856743e+02
6.270000e-06	-5.634963e-09	-2.541017e-09	-2.903670e+01	-2.889847e+02
6.280000e-06	-5.700853e-09	-2.575097e-09	-2.937623e+01	-2.922742e+02
6.290000e-06	-5.766336e-09	-2.610384e-09	-2.971366e+01	-2.955424e+02
6.300000e-06	-5.831398e-09	-2.641353e-09	-3.004892e+01	-2.987892e+02
6.310000e-06	-5.896073e-09	-2.668540e-09	-3.038219e+01	-3.020144e+02
6.320000e-06	-5.960369e-09	-2.694863e-09	-3.071350e+01	-3.052176e+02
6.330000e-06	-6.024285e-09	-2.722927e-09	-3.104286e+01	-3.083987e+02
6.340000e-06	-6.087845e-09	-2.751636e-09	-3.137038e+01	-3.115574e+02
6.350000e-06	-6.151023e-09	-2.779756e-09	-3.169594e+01	-3.146936e+02
6.360000e-06	-6.213762e-09	-2.809842e-09	-3.201923e+01	-3.178069e+02
6.370000e-06	-6.275979e-09	-2.843211e-09	-3.233983e+01	-3.208972e+02
6.380000e-06	-6.337633e-09	-2.876219e-09	-3.265753e+01	-3.239642e+02
6.390000e-06	-6.398714e-09	-2.905463e-09	-3.297228e+01	-3.270076e+02
6.400000e-06	-6.459243e-09	-2.930986e-09	-3.328418e+01	-3.300274e+02
6.410000e-06	-6.519284e-09	-2.956105e-09	-3.359357e+01	-3.330233e+02
6.420000e-06	-6.578883e-09	-2.982808e-09	-3.390068e+01	-3.359950e+02
6.430000e-06	-6.638072e-09	-3.011130e-09	-3.420568e+01	-3.389423e+02
6.440000e-06	-6.696876e-09	-3.038918e-09	-3.450870e+01	-3.418650e+02
6.450000e-06	-6.755282e-09	-3.065463e-09	-3.480966e+01	-3.447630e+02
6.460000e-06	-6.813210e-09	-3.092594e-09	-3.510816e+01	-3.476360e+02
6.470000e-06	-6.870610e-09	-3.119251e-09	-3.540394e+01	-3.504837e+02
6.480000e-06	-6.927508e-09	-3.144225e-09	-3.569714e+01	-3.533060e+02
6.490000e-06	-6.983934e-09	-3.167939e-09	-3.598790e+01	-3.561027e+02
6.500000e-06	-7.039925e-09	-3.191978e-09	-3.627642e+01	-3.588736e+02
6.510000e-06	-7.095489e-09	-3.216490e-09	-3.656273e+01	-3.616185e+02
6.520000e-06	-7.150589e-09	-3.240421e-09	-3.684667e+01	-3.643371e+02
6.530000e-06	-7.205167e-09	-3.262725e-09	-3.712790e+01	-3.670294e+02
6.540000e-06	-7.259113e-09	-3.284538e-09	-3.740589e+01	-3.696950e+02
6.550000e-06	-7.312331e-09	-3.309023e-09	-3.768012e+01	-3.723338e+02
6.560000e-06	-7.364831e-09	-3.335507e-09	-3.795064e+01	-3.749456e+02
6.570000e-06	-7.416677e-09	-3.359359e-09	-3.821781e+01	-3.775302e+02
6.580000e-06	-7.467929e-09	-3.378328e-09	-3.848191e+01	-3.800874e+02
6.590000e-06	-7.518643e-09	-3.395958e-09	-3.874323e+01	-3.826171e+02
6.600000e-06	-7.568796e-09	-3.415927e-09	-3.900167e+01	-3.851191e+02
6.610000e-06	-7.618289e-09	-3.439012e-09	-3.925670e+01	-3.875931e+02
6.620000e-06	-7.667047e-09	-3.463642e-09	-3.950795e+01	-3.900390e+02
6.630000e-06	-7.715038e-09	-3.486391e-09	-3.975525e+01	-3.924566e+02
6.640000e-06	-7.762266e-09	-3.507520e-09	-3.999861e+01	-3.948458e+02
6.650000e-06	-7.808832e-09	-3.527192e-09	-4.023856e+01	-3.972063e+02
6.660000e-06	-7.854887e-09	-3.544975e-09	-4.047589e+01	-3.995381e+02
6.670000e-06	-7.900531e-09	-3.561911e-09	-4.071109e+01	-4.018409e+02
6.680000e-06	-7.945773e-09	-3.579981e-09	-4.094422e+01	-4.041145e+02
6.690000e-06	-7.990550e-09	-3.599755e-09	-4.117495e+01	-4.063589e+02
6.700000e-06	-8.034817e-09	-3.621561e-09	-4.140306e+01	-4.085737e+02
6.710000e-06	-8.078616e-09	-3.642661e-09	-4.162875e+01	-4.107590e+02
6.720000e-06	-8.122002e-09	-3.660331e-09	-4.185232e+01	-4.129145e+02
6.730000e-06	-8.164945e-09	-3.675324e-09	-4.207360e+01	-4.150400e+02
6.740000e-06	-8.207372e-09	-3.690645e-09	-4.229223e+01	-4.171355e+02
6.750000e-06	-8.249245e-09	-3.707951e-09	-4.250800e+01	-4.192007e+02
6.760000e-06	-8.290557e-09	-3.724639e-09	-4.272088e+01	-4.212355e+02
6.770000e-06	-8.331294e-09	-3.738560e-09	-4.293080e+01	-4.232398e+02
6.780000e-06	-8.371480e-09	-3.750877e-09	-4.313787e+01	-4.252134e+02
6.790000e-06	-8.411185e-09	-3.764882e-09	-4.334248e+01	-4.271561e+02
6.800000e-06	-8.450408e-09	-3.780984e-09	-4.354459e+01	-4.290679e+02
6.810000e-06	-8.489063e-09	-3.797822e-09	-4.374378e+01	-4.309486e+02
6.820000e-06	-8.527014e-09	-3.813776e-09	-4.393934e+01	-4.327981e+02
6.830000e-06	-8.564142e-09	-3.828525e-09	-4.413066e+01	-4.346161e+02
6.840000e-06	-8.600487e-09	-3.842816e-09	-4.431794e+01	-4.364027e+02
6.850000e-06	-8.636227e-09	-3.857270e-09	-4.450211e+01	-4.381576e+02
6.860000e-06	-8.671475e-09	-3.870532e-09	-4.468374e+01	-4.398808e+02
6.870000e-06	-8.706186e-09	-3.881649e-09	-4.486261e+01	-4.415720e+02
6.880000e-06	-8.740287e-09	-3.892380e-09	-4.503833e+01	-4.432313e+02
6.890000e-06	-8.773768e-09	-3.904218e-09	-4.521086e+01	-4.448584e+02
6.900000e-06	-8.806636e-09	-3.917189e-09	-4.538022e+01	-4.464533e+02
6.910000e-06	-8.838904e-09	-3.930168e-09	-4.554650e+01	-4.480158e+02
6.920000e-06	-8.870653e-09	-3.941895e-09	-4.571010e+01	-4.495458e+02
6.930000e-06	-8.901913e-09	-3.952840e-09	-4.587119e+01	-4.510432e+02
6.940000e-06	-8.932545e-09	-3.963324e-09	-4.602903e+01	-4.525079e+02
6.950000e-06	-8.962332e-09	-3.973391e-09	-4.618252e+01	-4.539399e+02
6.960000e-06	-8.991190e-09	-3.982860e-09	-4.633123e+01	-4.553389e+02
6.970000e-06	-9.019285e-09	-3.991921e-09	-4.647600e+01	-4.567049e+02
6.980000e-06	-9.046835e-09	-4.001414e-09	-4.661796e+01	-4.580378e+02
6.990000e-06	-9.073884e-09	-4.011625e-09	-4.675735e+01	-4.593375e+02
7.000000e-06	-9.100339e-09	-4.020028e-09	-4.689367e+01	-4.606039e+02
7.010000e-06	-9.126138e-09	-4.025571e-09	-4.702661e+01	-4.618369e+02
7.020000e-06	-9.151290e-09	-4.031674e-09	-4.715622e+01	-4.630364e+02
7.030000e-06	-9.175789e-09	-4.040029e-09	-4.728246e+01	-4.642024e+02
7.040000e-06	-9.199708e-09	-4.050704e-09	-4.740571e+01	-4.653347e+02
7.050000e-06	-9.223156e-09	-4.060030e-09	-4.752654e+01	-4.664333e+02
7.060000e-06	-9.246069e-09	-4.065590e-09	-4.764461e+01	-4.674980e+02
7.070000e-06	-9.268204e-09	-4.070817e-09	-4.775867e+01	-4.685289e+02
7.080000e-06	-9.289380e-09	-4.077546e-09	-4.786779e+01	-4.695258e+02
7.090000e-06	-9.309684e-09	-4.085463e-09	-4.797242e+01	-4.704887e+02
7.100000e-06	-9.329385e-09	-4.092260e-09	-4.807394e+01	-4.714175e+02
7.110000e-06	-9.348608e-09	-4.096661e-09	-4.817300e+01	-4.723120e+02
7.120000e-06	-9.367252e-09	-4.101543e-09	-4.826907e+01	-4.731724e+02
7.130000e-06	-9.385237e-09	-4.107139e-09	-4.836174e+01	-4.739984e+02
7.140000e-06	-9.402595e-09	-4.113336e-09	-4.845119e+01	-4.747901e+02
7.150000e-06	-9.419333e-09	-4.119919e-09	-4.853744e+01	-4.755474e+02
7.160000e-06	-9.435449e-09	-4.126599e-09	-4.862049e+01	-4.762702e+02
7.170000e-06	-9.451039e-09	-4.132420e-09	-4.870082e+01	-4.769585e+02
7.180000e-06	-9.466065e-09	-4.136484e-09	-4.877825e+01	-4.776122e+02
7.190000e-06	-9.480219e-09	-4.138097e-09	-4.885119e+01	-4.782312e+02
7.200000e-06	-9.493298e-09	-4.137243e-09	-4.891858e+01	-4.788156e+02
7.210000e-06	-9.505454e-09	-4.136570e-09	-4.898122e+01	-4.793653e+02
7.220000e-06	-9.516927e-09	-4.139349e-09	-4.904034e+01	-4.798803e+02
7.230000e-06	-9.527757e-09	-4.145839e-09	-4.909615e+01	-4.803604e+02
7.240000e-06	-9.537905e-09	-4.153002e-09	-4.914844e+01	-4.808058e+02
7.250000e-06	-9.547412e-09	-4.156745e-09	-4.919743e+01	-4.812163e+02
7.260000e-06	-9.556255e-09	-4.155985e-09	-4.924300e+01	-4.815919e+02
7.270000e-06	-9.564449e-09	-4.154332e-09	-4.928522e+01	-4.819325e+02
7.280000e-06	-9.572124e-09	-4.153699e-09	-4.932477e+01	-4.822383e+02
7.290000e-06	-9.579284e-09	-4.153177e-09	-4.936167e+01	-4.825091e+02
7.300000e-06	-9.585707e-09	-4.151211e-09	-4.939477e+01	-4.827449e+02
7.310000e-06	-9.591151e-09	-4.149252e-09	-4.942282e+01	-4.829457e+02
7.320000e-06	-9.595652e-09	-4.150248e-09	-4.944601e+01	-4.831116e+02
7.330000e-06	-9.599490e-09	-4.153643e-09	-4.946579e+01	-4.832423e+02
7.340000e-06	-9.602837e-09	-4.155349e-09	-4.948303e+01	-4.833381e+02
7.350000e-06	-9.605610e-09	-4.154184e-09	-4.949732e+01	-4.833988e+02
7.360000e-06	-9.607740e-09	-4.152113e-09	-4.950830e+01	-4.834245e+02
7.370000e-06	-9.609269e-09	-4.150482e-09	-4.951618e+01	-4.834152e+02
7.380000e-06	-9.610127e-09	-4.149160e-09	-4.952061e+01	-4.833708e+02
