# Temperatura_=_20.0
# Concentracion g/m^3_=_10000.0
# C_Vs_to_Am_M_A/Vsm_=_116720831517.84952
# pendiente_HvsI_1/m_=_3716.3
# ordenada_HvsI_A/m_=_1297.0
# frecuencia_Hz_=_212905.14538728242
# Promedio de 21 ciclos

Tiempo_(s)	Campo_(V.s)	Magnetizacion_(V.s)	Campo_(kA/m)	Magnetizacion_(A/m)
0.000000e+00	-6.162350e-09	-2.597549e-09	-3.099165e+01	-3.034136e+02
1.000000e-08	-6.161920e-09	-2.593898e-09	-3.098949e+01	-3.032732e+02
2.000000e-08	-6.160459e-09	-2.589858e-09	-3.098214e+01	-3.030785e+02
3.000000e-08	-6.157657e-09	-2.590159e-09	-3.096804e+01	-3.028296e+02
4.000000e-08	-6.153741e-09	-2.590506e-09	-3.094835e+01	-3.025264e+02
5.000000e-08	-6.148982e-09	-2.587749e-09	-3.092442e+01	-3.021691e+02
6.000000e-08	-6.143286e-09	-2.582680e-09	-3.089577e+01	-3.017576e+02
7.000000e-08	-6.136547e-09	-2.576187e-09	-3.086188e+01	-3.012921e+02
8.000000e-08	-6.128778e-09	-2.568605e-09	-3.082281e+01	-3.007726e+02
9.000000e-08	-6.119816e-09	-2.563794e-09	-3.077774e+01	-3.001993e+02
1.000000e-07	-6.109241e-09	-2.579052e-09	-3.072456e+01	-2.995723e+02
1.100000e-07	-6.097190e-09	-2.591441e-09	-3.066395e+01	-2.988916e+02
1.200000e-07	-6.084246e-09	-2.553482e-09	-3.059885e+01	-2.981574e+02
1.300000e-07	-6.070417e-09	-2.505441e-09	-3.052930e+01	-2.973697e+02
1.400000e-07	-6.055133e-09	-2.521109e-09	-3.045244e+01	-2.965289e+02
1.500000e-07	-6.038392e-09	-2.590249e-09	-3.036824e+01	-2.956349e+02
1.600000e-07	-6.020793e-09	-2.518611e-09	-3.027973e+01	-2.946880e+02
1.700000e-07	-6.002248e-09	-2.507019e-09	-3.018647e+01	-2.936883e+02
1.800000e-07	-5.982619e-09	-2.574725e-09	-3.008775e+01	-2.926361e+02
1.900000e-07	-5.962375e-09	-2.494208e-09	-2.998594e+01	-2.915314e+02
2.000000e-07	-5.941421e-09	-2.440908e-09	-2.988056e+01	-2.903746e+02
2.100000e-07	-5.919228e-09	-2.487659e-09	-2.976895e+01	-2.891657e+02
2.200000e-07	-5.895963e-09	-2.486585e-09	-2.965194e+01	-2.879051e+02
2.300000e-07	-5.871840e-09	-2.393685e-09	-2.953062e+01	-2.865929e+02
2.400000e-07	-5.846540e-09	-2.455187e-09	-2.940338e+01	-2.852293e+02
2.500000e-07	-5.820050e-09	-2.465736e-09	-2.927016e+01	-2.838147e+02
2.600000e-07	-5.792531e-09	-2.375366e-09	-2.913176e+01	-2.823493e+02
2.700000e-07	-5.763868e-09	-2.412222e-09	-2.898761e+01	-2.808333e+02
2.800000e-07	-5.734217e-09	-2.393553e-09	-2.883849e+01	-2.792671e+02
2.900000e-07	-5.703741e-09	-2.341720e-09	-2.868522e+01	-2.776508e+02
3.000000e-07	-5.672263e-09	-2.370479e-09	-2.852691e+01	-2.759848e+02
3.100000e-07	-5.639844e-09	-2.363363e-09	-2.836387e+01	-2.742694e+02
3.200000e-07	-5.606542e-09	-2.312430e-09	-2.819639e+01	-2.725048e+02
3.300000e-07	-5.572049e-09	-2.311835e-09	-2.802292e+01	-2.706915e+02
3.400000e-07	-5.536356e-09	-2.307744e-09	-2.784341e+01	-2.688297e+02
3.500000e-07	-5.499707e-09	-2.268147e-09	-2.765910e+01	-2.669197e+02
3.600000e-07	-5.462089e-09	-2.272141e-09	-2.746991e+01	-2.649620e+02
3.700000e-07	-5.423439e-09	-2.252225e-09	-2.727553e+01	-2.629568e+02
3.800000e-07	-5.383879e-09	-2.211115e-09	-2.707658e+01	-2.609045e+02
3.900000e-07	-5.343617e-09	-2.232919e-09	-2.687409e+01	-2.588055e+02
4.000000e-07	-5.302526e-09	-2.203227e-09	-2.666744e+01	-2.566601e+02
4.100000e-07	-5.260175e-09	-2.158336e-09	-2.645445e+01	-2.544688e+02
4.200000e-07	-5.216616e-09	-2.153301e-09	-2.623538e+01	-2.522319e+02
4.300000e-07	-5.172239e-09	-2.131726e-09	-2.601220e+01	-2.499498e+02
4.400000e-07	-5.127047e-09	-2.122972e-09	-2.578492e+01	-2.476230e+02
4.500000e-07	-5.080925e-09	-2.103817e-09	-2.555296e+01	-2.452518e+02
4.600000e-07	-5.033907e-09	-2.076311e-09	-2.531650e+01	-2.428367e+02
4.700000e-07	-4.986080e-09	-2.048284e-09	-2.507597e+01	-2.403781e+02
4.800000e-07	-4.937436e-09	-2.031298e-09	-2.483133e+01	-2.378764e+02
4.900000e-07	-4.887669e-09	-2.020132e-09	-2.458105e+01	-2.353322e+02
5.000000e-07	-4.836600e-09	-1.984541e-09	-2.432421e+01	-2.327458e+02
5.100000e-07	-4.784444e-09	-1.969265e-09	-2.406191e+01	-2.301177e+02
5.200000e-07	-4.731407e-09	-1.949642e-09	-2.379517e+01	-2.274484e+02
5.300000e-07	-4.677571e-09	-1.922847e-09	-2.352442e+01	-2.247384e+02
5.400000e-07	-4.622928e-09	-1.908228e-09	-2.324961e+01	-2.219881e+02
5.500000e-07	-4.567478e-09	-1.870226e-09	-2.297074e+01	-2.191980e+02
5.600000e-07	-4.511384e-09	-1.845078e-09	-2.268864e+01	-2.163687e+02
5.700000e-07	-4.454628e-09	-1.827041e-09	-2.240320e+01	-2.135007e+02
5.800000e-07	-4.396889e-09	-1.804029e-09	-2.211282e+01	-2.105944e+02
5.900000e-07	-4.338052e-09	-1.786448e-09	-2.181692e+01	-2.076504e+02
6.000000e-07	-4.278338e-09	-1.756131e-09	-2.151660e+01	-2.046691e+02
6.100000e-07	-4.217962e-09	-1.732185e-09	-2.121296e+01	-2.016513e+02
6.200000e-07	-4.156945e-09	-1.702654e-09	-2.090610e+01	-1.985973e+02
6.300000e-07	-4.095245e-09	-1.673115e-09	-2.059580e+01	-1.955077e+02
6.400000e-07	-4.032834e-09	-1.649181e-09	-2.028192e+01	-1.923831e+02
6.500000e-07	-3.969683e-09	-1.619285e-09	-1.996432e+01	-1.892241e+02
6.600000e-07	-3.905893e-09	-1.598860e-09	-1.964351e+01	-1.860311e+02
6.700000e-07	-3.841534e-09	-1.569400e-09	-1.931983e+01	-1.828048e+02
6.800000e-07	-3.776436e-09	-1.540736e-09	-1.899245e+01	-1.795458e+02
6.900000e-07	-3.710406e-09	-1.514825e-09	-1.866037e+01	-1.762546e+02
7.000000e-07	-3.643466e-09	-1.479366e-09	-1.832371e+01	-1.729319e+02
7.100000e-07	-3.575845e-09	-1.452642e-09	-1.798363e+01	-1.695781e+02
7.200000e-07	-3.507746e-09	-1.423242e-09	-1.764115e+01	-1.661940e+02
7.300000e-07	-3.439196e-09	-1.397260e-09	-1.729640e+01	-1.627801e+02
7.400000e-07	-3.370121e-09	-1.370178e-09	-1.694901e+01	-1.593370e+02
7.500000e-07	-3.300460e-09	-1.335893e-09	-1.659867e+01	-1.558654e+02
7.600000e-07	-3.230219e-09	-1.307948e-09	-1.624541e+01	-1.523659e+02
7.700000e-07	-3.159420e-09	-1.275215e-09	-1.588935e+01	-1.488391e+02
7.800000e-07	-3.088078e-09	-1.246931e-09	-1.553056e+01	-1.452855e+02
7.900000e-07	-3.016259e-09	-1.217535e-09	-1.516937e+01	-1.417060e+02
8.000000e-07	-2.944040e-09	-1.184369e-09	-1.480616e+01	-1.381011e+02
8.100000e-07	-2.871379e-09	-1.157328e-09	-1.444074e+01	-1.344714e+02
8.200000e-07	-2.798178e-09	-1.124082e-09	-1.407260e+01	-1.308176e+02
8.300000e-07	-2.724315e-09	-1.092564e-09	-1.370113e+01	-1.271404e+02
8.400000e-07	-2.649712e-09	-1.058901e-09	-1.332594e+01	-1.234403e+02
8.500000e-07	-2.574451e-09	-1.023913e-09	-1.294743e+01	-1.197182e+02
8.600000e-07	-2.498666e-09	-9.948027e-10	-1.256629e+01	-1.159746e+02
8.700000e-07	-2.422462e-09	-9.617255e-10	-1.218305e+01	-1.122102e+02
8.800000e-07	-2.345869e-09	-9.315838e-10	-1.179785e+01	-1.084257e+02
8.900000e-07	-2.268867e-09	-8.983926e-10	-1.141059e+01	-1.046218e+02
9.000000e-07	-2.191457e-09	-8.640203e-10	-1.102128e+01	-1.007991e+02
9.100000e-07	-2.113661e-09	-8.317975e-10	-1.063003e+01	-9.695828e+01
9.200000e-07	-2.035486e-09	-7.940863e-10	-1.023688e+01	-9.310012e+01
9.300000e-07	-1.956894e-09	-7.600952e-10	-9.841619e+00	-8.922526e+01
9.400000e-07	-1.877843e-09	-7.261697e-10	-9.444056e+00	-8.533440e+01
9.500000e-07	-1.798294e-09	-6.951294e-10	-9.043989e+00	-8.142823e+01
9.600000e-07	-1.718286e-09	-6.663890e-10	-8.641614e+00	-7.750746e+01
9.700000e-07	-1.637846e-09	-6.317882e-10	-8.237066e+00	-7.357278e+01
9.800000e-07	-1.557019e-09	-5.985509e-10	-7.830576e+00	-6.962490e+01
9.900000e-07	-1.475933e-09	-5.638479e-10	-7.422775e+00	-6.566453e+01
1.000000e-06	-1.394645e-09	-5.295406e-10	-7.013964e+00	-6.169237e+01
1.010000e-06	-1.313178e-09	-4.937133e-10	-6.604250e+00	-5.770913e+01
1.020000e-06	-1.231539e-09	-4.563035e-10	-6.193670e+00	-5.371553e+01
1.030000e-06	-1.149726e-09	-4.246360e-10	-5.782219e+00	-4.971229e+01
1.040000e-06	-1.067725e-09	-3.929392e-10	-5.369819e+00	-4.570011e+01
1.050000e-06	-9.855557e-10	-3.615136e-10	-4.956574e+00	-4.167971e+01
1.060000e-06	-9.032477e-10	-3.258402e-10	-4.542631e+00	-3.765183e+01
1.070000e-06	-8.207861e-10	-2.877177e-10	-4.127916e+00	-3.361717e+01
1.080000e-06	-7.381443e-10	-2.549151e-10	-3.712295e+00	-2.957646e+01
1.090000e-06	-6.553424e-10	-2.212193e-10	-3.295868e+00	-2.553042e+01
1.100000e-06	-5.724169e-10	-1.875598e-10	-2.878820e+00	-2.147977e+01
1.110000e-06	-4.894207e-10	-1.502941e-10	-2.461416e+00	-1.742525e+01
1.120000e-06	-4.063710e-10	-1.112888e-10	-2.043743e+00	-1.336757e+01
1.130000e-06	-3.232214e-10	-7.738722e-11	-1.625568e+00	-9.307460e+00
1.140000e-06	-2.399895e-10	-4.428545e-11	-1.206978e+00	-5.245652e+00
1.150000e-06	-1.567270e-10	-1.219472e-11	-7.882355e-01	-1.182869e+00
1.160000e-06	-7.348651e-11	2.396765e-11	-3.696030e-01	2.880161e+00
1.170000e-06	9.715359e-12	6.076342e-11	4.883515e-02	6.942713e+00
1.180000e-06	9.291887e-11	9.323918e-11	4.672817e-01	1.100406e+01
1.190000e-06	1.761262e-10	1.270353e-10	8.857475e-01	1.506347e+01
1.200000e-06	2.592845e-10	1.618399e-10	1.303967e+00	1.912022e+01
1.210000e-06	3.423232e-10	1.997103e-10	1.721584e+00	2.317359e+01
1.220000e-06	4.252340e-10	2.355998e-10	2.138559e+00	2.722284e+01
1.230000e-06	5.080547e-10	2.659653e-10	2.555080e+00	3.126726e+01
1.240000e-06	5.907731e-10	2.975349e-10	2.971086e+00	3.530612e+01
1.250000e-06	6.733484e-10	3.320803e-10	3.386374e+00	3.933870e+01
1.260000e-06	7.557512e-10	3.708060e-10	3.800793e+00	4.336428e+01
1.270000e-06	8.379929e-10	4.080395e-10	4.214403e+00	4.738213e+01
1.280000e-06	9.200865e-10	4.406824e-10	4.627267e+00	5.139154e+01
1.290000e-06	1.002027e-09	4.732902e-10	5.039363e+00	5.539179e+01
1.300000e-06	1.083791e-09	5.070667e-10	5.450567e+00	5.938216e+01
1.310000e-06	1.165363e-09	5.446393e-10	5.860809e+00	6.336194e+01
1.320000e-06	1.246780e-09	5.799828e-10	6.270273e+00	6.733042e+01
1.330000e-06	1.328073e-09	6.106248e-10	6.679111e+00	7.128689e+01
1.340000e-06	1.409183e-09	6.426522e-10	7.087031e+00	7.523064e+01
1.350000e-06	1.490052e-09	6.778713e-10	7.493734e+00	7.916096e+01
1.360000e-06	1.570647e-09	7.162894e-10	7.899065e+00	8.307715e+01
1.370000e-06	1.650945e-09	7.516188e-10	8.302896e+00	8.697851e+01
1.380000e-06	1.730886e-09	7.836636e-10	8.704936e+00	9.086435e+01
1.390000e-06	1.810404e-09	8.169698e-10	9.104847e+00	9.473396e+01
1.400000e-06	1.889500e-09	8.521282e-10	9.502637e+00	9.858665e+01
1.410000e-06	1.968211e-09	8.887000e-10	9.898489e+00	1.024217e+02
1.420000e-06	2.046579e-09	9.216593e-10	1.029261e+01	1.062385e+02
1.430000e-06	2.124597e-09	9.521973e-10	1.068498e+01	1.100364e+02
1.440000e-06	2.202234e-09	9.845735e-10	1.107544e+01	1.138145e+02
1.450000e-06	2.279437e-09	1.019211e-09	1.146370e+01	1.175724e+02
1.460000e-06	2.356206e-09	1.055163e-09	1.184979e+01	1.213092e+02
1.470000e-06	2.432585e-09	1.087279e-09	1.223392e+01	1.250244e+02
1.480000e-06	2.508566e-09	1.117899e-09	1.261604e+01	1.287172e+02
1.490000e-06	2.584075e-09	1.149309e-09	1.299579e+01	1.323870e+02
1.500000e-06	2.658941e-09	1.181482e-09	1.337230e+01	1.360332e+02
1.510000e-06	2.733040e-09	1.213760e-09	1.374496e+01	1.396550e+02
1.520000e-06	2.806367e-09	1.242092e-09	1.411374e+01	1.432520e+02
1.530000e-06	2.879056e-09	1.271549e-09	1.447931e+01	1.468233e+02
1.540000e-06	2.951304e-09	1.304003e-09	1.484266e+01	1.503683e+02
1.550000e-06	3.023160e-09	1.336525e-09	1.520403e+01	1.538866e+02
1.560000e-06	3.094544e-09	1.368540e-09	1.556304e+01	1.573773e+02
1.570000e-06	3.165369e-09	1.398235e-09	1.591923e+01	1.608398e+02
1.580000e-06	3.235622e-09	1.427938e-09	1.627254e+01	1.642737e+02
1.590000e-06	3.305298e-09	1.457780e-09	1.662296e+01	1.676781e+02
1.600000e-06	3.374372e-09	1.486496e-09	1.697035e+01	1.710526e+02
1.610000e-06	3.442907e-09	1.513983e-09	1.731502e+01	1.743966e+02
1.620000e-06	3.511004e-09	1.538739e-09	1.765749e+01	1.777093e+02
1.630000e-06	3.578619e-09	1.564830e-09	1.799754e+01	1.809903e+02
1.640000e-06	3.645515e-09	1.593805e-09	1.833398e+01	1.842390e+02
1.650000e-06	3.711479e-09	1.624135e-09	1.866572e+01	1.874547e+02
1.660000e-06	3.776541e-09	1.653583e-09	1.899293e+01	1.906369e+02
1.670000e-06	3.840952e-09	1.679746e-09	1.931687e+01	1.937850e+02
1.680000e-06	3.904868e-09	1.705916e-09	1.963832e+01	1.968985e+02
1.690000e-06	3.968213e-09	1.731071e-09	1.995689e+01	1.999768e+02
1.700000e-06	4.030895e-09	1.754218e-09	2.027213e+01	2.030193e+02
1.710000e-06	4.092931e-09	1.776303e-09	2.058412e+01	2.060256e+02
1.720000e-06	4.154343e-09	1.799029e-09	2.089297e+01	2.089950e+02
1.730000e-06	4.215124e-09	1.825531e-09	2.119865e+01	2.119270e+02
1.740000e-06	4.275343e-09	1.852778e-09	2.150150e+01	2.148212e+02
1.750000e-06	4.334953e-09	1.878905e-09	2.180129e+01	2.176770e+02
1.760000e-06	4.393646e-09	1.902444e-09	2.209647e+01	2.204938e+02
1.770000e-06	4.451196e-09	1.923502e-09	2.238590e+01	2.232712e+02
1.780000e-06	4.507803e-09	1.946062e-09	2.267059e+01	2.260087e+02
1.790000e-06	4.563735e-09	1.968638e-09	2.295188e+01	2.287058e+02
1.800000e-06	4.618969e-09	1.989404e-09	2.322967e+01	2.313620e+02
1.810000e-06	4.673437e-09	2.009629e-09	2.350360e+01	2.339769e+02
1.820000e-06	4.727089e-09	2.030504e-09	2.377343e+01	2.365499e+02
1.830000e-06	4.779880e-09	2.053016e-09	2.403892e+01	2.390806e+02
1.840000e-06	4.831719e-09	2.074765e-09	2.429963e+01	2.415686e+02
1.850000e-06	4.882407e-09	2.094588e-09	2.455455e+01	2.440133e+02
1.860000e-06	4.931845e-09	2.113240e-09	2.480318e+01	2.464145e+02
1.870000e-06	4.980268e-09	2.131912e-09	2.504671e+01	2.487716e+02
1.880000e-06	5.027890e-09	2.152113e-09	2.528622e+01	2.510842e+02
1.890000e-06	5.074695e-09	2.172009e-09	2.552160e+01	2.533519e+02
1.900000e-06	5.120642e-09	2.189112e-09	2.575268e+01	2.555743e+02
1.910000e-06	5.165722e-09	2.204499e-09	2.597940e+01	2.577510e+02
1.920000e-06	5.210063e-09	2.221736e-09	2.620240e+01	2.598817e+02
1.930000e-06	5.253681e-09	2.240915e-09	2.642176e+01	2.619658e+02
1.940000e-06	5.296228e-09	2.258875e-09	2.663574e+01	2.640032e+02
1.950000e-06	5.337496e-09	2.275647e-09	2.684328e+01	2.659933e+02
1.960000e-06	5.377744e-09	2.292689e-09	2.704570e+01	2.679358e+02
1.970000e-06	5.417162e-09	2.310443e-09	2.724394e+01	2.698305e+02
1.980000e-06	5.455692e-09	2.326825e-09	2.743771e+01	2.716769e+02
1.990000e-06	5.493311e-09	2.339220e-09	2.762691e+01	2.734747e+02
2.000000e-06	5.530064e-09	2.350391e-09	2.781175e+01	2.752236e+02
2.010000e-06	5.566047e-09	2.363936e-09	2.799271e+01	2.769233e+02
2.020000e-06	5.601075e-09	2.380202e-09	2.816888e+01	2.785735e+02
2.030000e-06	5.634832e-09	2.396413e-09	2.833865e+01	2.801738e+02
2.040000e-06	5.667444e-09	2.410433e-09	2.850266e+01	2.817241e+02
2.050000e-06	5.699164e-09	2.422737e-09	2.866218e+01	2.832240e+02
2.060000e-06	5.729988e-09	2.433933e-09	2.881720e+01	2.846732e+02
2.070000e-06	5.759884e-09	2.445329e-09	2.896756e+01	2.860716e+02
2.080000e-06	5.788878e-09	2.456326e-09	2.911337e+01	2.874188e+02
2.090000e-06	5.817050e-09	2.466624e-09	2.925506e+01	2.887146e+02
2.100000e-06	5.844273e-09	2.477536e-09	2.939197e+01	2.899587e+02
2.110000e-06	5.870207e-09	2.487924e-09	2.952240e+01	2.911510e+02
2.120000e-06	5.894858e-09	2.497831e-09	2.964637e+01	2.922913e+02
2.130000e-06	5.918461e-09	2.506116e-09	2.976507e+01	2.933792e+02
2.140000e-06	5.941086e-09	2.512599e-09	2.987886e+01	2.944148e+02
2.150000e-06	5.962717e-09	2.519633e-09	2.998765e+01	2.953976e+02
2.160000e-06	5.983438e-09	2.526367e-09	3.009186e+01	2.963277e+02
2.170000e-06	6.003344e-09	2.533595e-09	3.019197e+01	2.972047e+02
2.180000e-06	6.022286e-09	2.541119e-09	3.028723e+01	2.980286e+02
2.190000e-06	6.040112e-09	2.546750e-09	3.037688e+01	2.987992e+02
2.200000e-06	6.056836e-09	2.550399e-09	3.046099e+01	2.995164e+02
2.210000e-06	6.072382e-09	2.554325e-09	3.053918e+01	3.001800e+02
2.220000e-06	6.086716e-09	2.559824e-09	3.061126e+01	3.007899e+02
2.230000e-06	6.099927e-09	2.565526e-09	3.067771e+01	3.013461e+02
2.240000e-06	6.112035e-09	2.569710e-09	3.073860e+01	3.018484e+02
2.250000e-06	6.122852e-09	2.572013e-09	3.079300e+01	3.022966e+02
2.260000e-06	6.132266e-09	2.574514e-09	3.084035e+01	3.026908e+02
2.270000e-06	6.140528e-09	2.577322e-09	3.088190e+01	3.030309e+02
2.280000e-06	6.147798e-09	2.578436e-09	3.091846e+01	3.033168e+02
2.290000e-06	6.154011e-09	2.578136e-09	3.094970e+01	3.035485e+02
2.300000e-06	6.159191e-09	2.578284e-09	3.097576e+01	3.037259e+02
2.310000e-06	6.163485e-09	2.579936e-09	3.099735e+01	3.038489e+02
2.320000e-06	6.166778e-09	2.581734e-09	3.101391e+01	3.039177e+02
2.330000e-06	6.168742e-09	2.582162e-09	3.102379e+01	3.039320e+02
2.340000e-06	6.169459e-09	2.581405e-09	3.102740e+01	3.038921e+02
2.350000e-06	6.169197e-09	2.579779e-09	3.102608e+01	3.037977e+02
2.360000e-06	6.167966e-09	2.577653e-09	3.101989e+01	3.036491e+02
2.370000e-06	6.165746e-09	2.574313e-09	3.100872e+01	3.034461e+02
2.380000e-06	6.162631e-09	2.569133e-09	3.099306e+01	3.031889e+02
2.390000e-06	6.158702e-09	2.565139e-09	3.097330e+01	3.028775e+02
2.400000e-06	6.153719e-09	2.562426e-09	3.094824e+01	3.025119e+02
2.410000e-06	6.147411e-09	2.559761e-09	3.091652e+01	3.020922e+02
2.420000e-06	6.140022e-09	2.559283e-09	3.087936e+01	3.016185e+02
2.430000e-06	6.131771e-09	2.567813e-09	3.083786e+01	3.010908e+02
2.440000e-06	6.122328e-09	2.543183e-09	3.079037e+01	3.005093e+02
2.450000e-06	6.111094e-09	2.508021e-09	3.073387e+01	2.998741e+02
2.460000e-06	6.098116e-09	2.514879e-09	3.066860e+01	2.991853e+02
2.470000e-06	6.084504e-09	2.562739e-09	3.060015e+01	2.984429e+02
2.480000e-06	6.070658e-09	2.555871e-09	3.053051e+01	2.976472e+02
2.490000e-06	6.055499e-09	2.463018e-09	3.045428e+01	2.967982e+02
2.500000e-06	6.038760e-09	2.508677e-09	3.037009e+01	2.958962e+02
2.510000e-06	6.021393e-09	2.542095e-09	3.028275e+01	2.949412e+02
2.520000e-06	6.003342e-09	2.454498e-09	3.019197e+01	2.939335e+02
2.530000e-06	5.983935e-09	2.469061e-09	3.009437e+01	2.928733e+02
2.540000e-06	5.963683e-09	2.571601e-09	2.999252e+01	2.917607e+02
2.550000e-06	5.942738e-09	2.492482e-09	2.988718e+01	2.905959e+02
2.560000e-06	5.920242e-09	2.421910e-09	2.977404e+01	2.893791e+02
2.570000e-06	5.896459e-09	2.541118e-09	2.965444e+01	2.881106e+02
2.580000e-06	5.871959e-09	2.485701e-09	2.953122e+01	2.867905e+02
2.590000e-06	5.846211e-09	2.402865e-09	2.940173e+01	2.854192e+02
2.600000e-06	5.819201e-09	2.468349e-09	2.926589e+01	2.839969e+02
2.610000e-06	5.791498e-09	2.450244e-09	2.912657e+01	2.825237e+02
2.620000e-06	5.762679e-09	2.387479e-09	2.898163e+01	2.810001e+02
2.630000e-06	5.732360e-09	2.438540e-09	2.882915e+01	2.794262e+02
2.640000e-06	5.701023e-09	2.406345e-09	2.867155e+01	2.778023e+02
2.650000e-06	5.668796e-09	2.322744e-09	2.850948e+01	2.761287e+02
2.660000e-06	5.635600e-09	2.382036e-09	2.834253e+01	2.744058e+02
2.670000e-06	5.601493e-09	2.340504e-09	2.817100e+01	2.726338e+02
2.680000e-06	5.566461e-09	2.300141e-09	2.799482e+01	2.708130e+02
2.690000e-06	5.530658e-09	2.351742e-09	2.781475e+01	2.689439e+02
2.700000e-06	5.493879e-09	2.273574e-09	2.762979e+01	2.670266e+02
2.710000e-06	5.455679e-09	2.272753e-09	2.743768e+01	2.650616e+02
2.720000e-06	5.416316e-09	2.293600e-09	2.723971e+01	2.630492e+02
2.730000e-06	5.376098e-09	2.215797e-09	2.703745e+01	2.609897e+02
2.740000e-06	5.334964e-09	2.218005e-09	2.683057e+01	2.588836e+02
2.750000e-06	5.292993e-09	2.211445e-09	2.661949e+01	2.567312e+02
2.760000e-06	5.250213e-09	2.182633e-09	2.640435e+01	2.545329e+02
2.770000e-06	5.206674e-09	2.180161e-09	2.618538e+01	2.522891e+02
2.780000e-06	5.162420e-09	2.148406e-09	2.596282e+01	2.500002e+02
2.790000e-06	5.117232e-09	2.117665e-09	2.573556e+01	2.476665e+02
2.800000e-06	5.071078e-09	2.096509e-09	2.550344e+01	2.452886e+02
2.810000e-06	5.024107e-09	2.085574e-09	2.526722e+01	2.428668e+02
2.820000e-06	4.976233e-09	2.064373e-09	2.502645e+01	2.404016e+02
2.830000e-06	4.927325e-09	2.040310e-09	2.478048e+01	2.378934e+02
2.840000e-06	4.877449e-09	2.025572e-09	2.452965e+01	2.353427e+02
2.850000e-06	4.826723e-09	1.995656e-09	2.427453e+01	2.327499e+02
2.860000e-06	4.775159e-09	1.974428e-09	2.401521e+01	2.301155e+02
2.870000e-06	4.722620e-09	1.952739e-09	2.375098e+01	2.274399e+02
2.880000e-06	4.668894e-09	1.923692e-09	2.348078e+01	2.247237e+02
2.890000e-06	4.614043e-09	1.905506e-09	2.320493e+01	2.219673e+02
2.900000e-06	4.558407e-09	1.890356e-09	2.292513e+01	2.191712e+02
2.910000e-06	4.502094e-09	1.864881e-09	2.264191e+01	2.163360e+02
2.920000e-06	4.445016e-09	1.834750e-09	2.235486e+01	2.134620e+02
2.930000e-06	4.387180e-09	1.806663e-09	2.206399e+01	2.105499e+02
2.940000e-06	4.328589e-09	1.772562e-09	2.176933e+01	2.076002e+02
2.950000e-06	4.269317e-09	1.753311e-09	2.147124e+01	2.046133e+02
2.960000e-06	4.209452e-09	1.734869e-09	2.117016e+01	2.015898e+02
2.970000e-06	4.148833e-09	1.704547e-09	2.086530e+01	1.985304e+02
2.980000e-06	4.087203e-09	1.681828e-09	2.055535e+01	1.954354e+02
2.990000e-06	4.024562e-09	1.649735e-09	2.024032e+01	1.923055e+02
3.000000e-06	3.961162e-09	1.625527e-09	1.992147e+01	1.891412e+02
3.010000e-06	3.897162e-09	1.603403e-09	1.959960e+01	1.859431e+02
3.020000e-06	3.832515e-09	1.567498e-09	1.927448e+01	1.827117e+02
3.030000e-06	3.767191e-09	1.540890e-09	1.894595e+01	1.794477e+02
3.040000e-06	3.701209e-09	1.514591e-09	1.861411e+01	1.761516e+02
3.050000e-06	3.634588e-09	1.493201e-09	1.827906e+01	1.728241e+02
3.060000e-06	3.567407e-09	1.465612e-09	1.794119e+01	1.694656e+02
3.070000e-06	3.499764e-09	1.426659e-09	1.760101e+01	1.660769e+02
3.080000e-06	3.431597e-09	1.397796e-09	1.725818e+01	1.626584e+02
3.090000e-06	3.362663e-09	1.370442e-09	1.691150e+01	1.592109e+02
3.100000e-06	3.292843e-09	1.348057e-09	1.656036e+01	1.557350e+02
3.110000e-06	3.222216e-09	1.318879e-09	1.620516e+01	1.522312e+02
3.120000e-06	3.150976e-09	1.281443e-09	1.584689e+01	1.487002e+02
3.130000e-06	3.079305e-09	1.254248e-09	1.548644e+01	1.451426e+02
3.140000e-06	3.007218e-09	1.226586e-09	1.512390e+01	1.415591e+02
3.150000e-06	2.934671e-09	1.200832e-09	1.475905e+01	1.379503e+02
3.160000e-06	2.861630e-09	1.166917e-09	1.439171e+01	1.343168e+02
3.170000e-06	2.788093e-09	1.128499e-09	1.402188e+01	1.306593e+02
3.180000e-06	2.714096e-09	1.103490e-09	1.364973e+01	1.269785e+02
3.190000e-06	2.639629e-09	1.075742e-09	1.327522e+01	1.232750e+02
3.200000e-06	2.564697e-09	1.046599e-09	1.289838e+01	1.195495e+02
3.210000e-06	2.489326e-09	1.010032e-09	1.251932e+01	1.158026e+02
3.220000e-06	2.413541e-09	9.707586e-10	1.213819e+01	1.120350e+02
3.230000e-06	2.337304e-09	9.443738e-10	1.175477e+01	1.082475e+02
3.240000e-06	2.260510e-09	9.159114e-10	1.136857e+01	1.044405e+02
3.250000e-06	2.183098e-09	8.852715e-10	1.097925e+01	1.006150e+02
3.260000e-06	2.105036e-09	8.481311e-10	1.058665e+01	9.677141e+01
3.270000e-06	2.026398e-09	8.098810e-10	1.019117e+01	9.291058e+01
3.280000e-06	1.947338e-09	7.817520e-10	9.793562e+00	8.903316e+01
3.290000e-06	1.867984e-09	7.501595e-10	9.394477e+00	8.513984e+01
3.300000e-06	1.788420e-09	7.139972e-10	8.994334e+00	8.123132e+01
3.310000e-06	1.708645e-09	6.732115e-10	8.593131e+00	7.730830e+01
3.320000e-06	1.628646e-09	6.364408e-10	8.190801e+00	7.337147e+01
3.330000e-06	1.548387e-09	6.096416e-10	7.787159e+00	6.942155e+01
3.340000e-06	1.467838e-09	5.793759e-10	7.382064e+00	6.545925e+01
3.350000e-06	1.387016e-09	5.451256e-10	6.975594e+00	6.148526e+01
3.360000e-06	1.305921e-09	5.042311e-10	6.567751e+00	5.750030e+01
3.370000e-06	1.224566e-09	4.663283e-10	6.158604e+00	5.350509e+01
3.380000e-06	1.142992e-09	4.363175e-10	5.748350e+00	4.950034e+01
3.390000e-06	1.061233e-09	4.004316e-10	5.337169e+00	4.548676e+01
3.400000e-06	9.793226e-10	3.630986e-10	4.925227e+00	4.146508e+01
3.410000e-06	8.972671e-10	3.233069e-10	4.512554e+00	3.743601e+01
3.420000e-06	8.150595e-10	2.889815e-10	4.099116e+00	3.340027e+01
3.430000e-06	7.327210e-10	2.614458e-10	3.685020e+00	2.935860e+01
3.440000e-06	6.502837e-10	2.271284e-10	3.270427e+00	2.531170e+01
3.450000e-06	5.677403e-10	1.895239e-10	2.855300e+00	2.126031e+01
3.460000e-06	4.850845e-10	1.481736e-10	2.439609e+00	1.720514e+01
3.470000e-06	4.023567e-10	1.131373e-10	2.023555e+00	1.314693e+01
3.480000e-06	3.195814e-10	8.220642e-11	1.607262e+00	9.086403e+00
3.490000e-06	2.367644e-10	4.486363e-11	1.190759e+00	5.024282e+00
3.500000e-06	1.539436e-10	7.335220e-12	7.742373e-01	9.612951e-01
3.510000e-06	7.113127e-11	-3.059024e-11	3.577581e-01	-3.101830e+00
3.520000e-06	-1.168949e-11	-6.123911e-11	-5.876344e-02	-7.164367e+00
3.530000e-06	-9.449424e-11	-9.025778e-11	-4.752044e-01	-1.122559e+01
3.540000e-06	-1.772663e-10	-1.262235e-10	-8.914809e-01	-1.528477e+01
3.550000e-06	-2.599784e-10	-1.641338e-10	-1.307456e+00	-1.934118e+01
3.560000e-06	-3.426076e-10	-2.036977e-10	-1.723014e+00	-2.339409e+01
3.570000e-06	-4.251729e-10	-2.361399e-10	-2.138251e+00	-2.744279e+01
3.580000e-06	-5.076559e-10	-2.664534e-10	-2.553074e+00	-3.148654e+01
3.590000e-06	-5.900209e-10	-3.006286e-10	-2.967304e+00	-3.552463e+01
3.600000e-06	-6.722687e-10	-3.357581e-10	-3.380943e+00	-3.955632e+01
3.610000e-06	-7.543991e-10	-3.733794e-10	-3.793993e+00	-4.358091e+01
3.620000e-06	-8.364025e-10	-4.063680e-10	-4.206404e+00	-4.759766e+01
3.630000e-06	-9.182723e-10	-4.398056e-10	-4.618143e+00	-5.160586e+01
3.640000e-06	-9.999986e-10	-4.766316e-10	-5.029161e+00	-5.560479e+01
3.650000e-06	-1.081570e-09	-5.126621e-10	-5.439397e+00	-5.959374e+01
3.660000e-06	-1.162965e-09	-5.477104e-10	-5.848750e+00	-6.357200e+01
3.670000e-06	-1.244187e-09	-5.758505e-10	-6.257233e+00	-6.753884e+01
3.680000e-06	-1.325230e-09	-6.062266e-10	-6.664814e+00	-7.149357e+01
3.690000e-06	-1.406062e-09	-6.431374e-10	-7.071334e+00	-7.543547e+01
3.700000e-06	-1.486657e-09	-6.818131e-10	-7.476663e+00	-7.936383e+01
3.710000e-06	-1.566999e-09	-7.187773e-10	-7.880717e+00	-8.327796e+01
3.720000e-06	-1.647111e-09	-7.478657e-10	-8.283616e+00	-8.717716e+01
3.730000e-06	-1.727017e-09	-7.773097e-10	-8.685480e+00	-9.106073e+01
3.740000e-06	-1.806723e-09	-8.103004e-10	-9.086333e+00	-9.492796e+01
3.750000e-06	-1.886205e-09	-8.445504e-10	-9.486067e+00	-9.877818e+01
3.760000e-06	-1.965396e-09	-8.786195e-10	-9.884331e+00	-1.026107e+02
3.770000e-06	-2.044170e-09	-9.080162e-10	-1.028050e+01	-1.064248e+02
3.780000e-06	-2.122411e-09	-9.399886e-10	-1.067399e+01	-1.102198e+02
3.790000e-06	-2.200014e-09	-9.754298e-10	-1.106427e+01	-1.139951e+02
3.800000e-06	-2.276976e-09	-1.010908e-09	-1.145133e+01	-1.177500e+02
3.810000e-06	-2.353399e-09	-1.044451e-09	-1.183568e+01	-1.214837e+02
3.820000e-06	-2.429351e-09	-1.072276e-09	-1.221765e+01	-1.251957e+02
3.830000e-06	-2.504861e-09	-1.101044e-09	-1.259741e+01	-1.288852e+02
3.840000e-06	-2.579902e-09	-1.133060e-09	-1.297480e+01	-1.325517e+02
3.850000e-06	-2.654441e-09	-1.166835e-09	-1.334967e+01	-1.361944e+02
3.860000e-06	-2.728479e-09	-1.198918e-09	-1.372202e+01	-1.398126e+02
3.870000e-06	-2.802012e-09	-1.227210e-09	-1.409184e+01	-1.434059e+02
3.880000e-06	-2.875019e-09	-1.258913e-09	-1.445900e+01	-1.469734e+02
3.890000e-06	-2.947490e-09	-1.292958e-09	-1.482347e+01	-1.505146e+02
3.900000e-06	-3.019483e-09	-1.326393e-09	-1.518554e+01	-1.540289e+02
3.910000e-06	-3.091100e-09	-1.356689e-09	-1.554572e+01	-1.575155e+02
3.920000e-06	-3.162297e-09	-1.382390e-09	-1.590378e+01	-1.609739e+02
3.930000e-06	-3.232875e-09	-1.408858e-09	-1.625873e+01	-1.644035e+02
3.940000e-06	-3.302651e-09	-1.438567e-09	-1.660965e+01	-1.678037e+02
3.950000e-06	-3.371552e-09	-1.472189e-09	-1.695616e+01	-1.711737e+02
3.960000e-06	-3.439713e-09	-1.504030e-09	-1.729896e+01	-1.745131e+02
3.970000e-06	-3.507343e-09	-1.532418e-09	-1.763908e+01	-1.778213e+02
3.980000e-06	-3.574474e-09	-1.562024e-09	-1.797670e+01	-1.810976e+02
3.990000e-06	-3.641019e-09	-1.590506e-09	-1.831137e+01	-1.843415e+02
4.000000e-06	-3.706948e-09	-1.617399e-09	-1.864294e+01	-1.875523e+02
4.010000e-06	-3.772259e-09	-1.642490e-09	-1.897140e+01	-1.907296e+02
4.020000e-06	-3.836929e-09	-1.667915e-09	-1.929664e+01	-1.938726e+02
4.030000e-06	-3.900986e-09	-1.697322e-09	-1.961879e+01	-1.969810e+02
4.040000e-06	-3.964497e-09	-1.727174e-09	-1.993820e+01	-2.000541e+02
4.050000e-06	-4.027403e-09	-1.754364e-09	-2.025457e+01	-2.030913e+02
4.060000e-06	-4.089478e-09	-1.778232e-09	-2.056675e+01	-2.060922e+02
4.070000e-06	-4.150579e-09	-1.801549e-09	-2.087404e+01	-2.090562e+02
4.080000e-06	-4.210834e-09	-1.825817e-09	-2.117708e+01	-2.119827e+02
4.090000e-06	-4.270447e-09	-1.850182e-09	-2.147688e+01	-2.148712e+02
4.100000e-06	-4.329442e-09	-1.875759e-09	-2.177358e+01	-2.177213e+02
4.110000e-06	-4.387730e-09	-1.902017e-09	-2.206672e+01	-2.205324e+02
4.120000e-06	-4.445270e-09	-1.928464e-09	-2.235610e+01	-2.233040e+02
4.130000e-06	-4.502046e-09	-1.953167e-09	-2.264164e+01	-2.260356e+02
4.140000e-06	-4.558094e-09	-1.974667e-09	-2.292352e+01	-2.287267e+02
4.150000e-06	-4.613483e-09	-1.996399e-09	-2.320208e+01	-2.313768e+02
4.160000e-06	-4.668009e-09	-2.018347e-09	-2.347630e+01	-2.339856e+02
4.170000e-06	-4.721375e-09	-2.041352e-09	-2.374469e+01	-2.365524e+02
4.180000e-06	-4.773620e-09	-2.064184e-09	-2.400744e+01	-2.390768e+02
4.190000e-06	-4.824914e-09	-2.085023e-09	-2.426541e+01	-2.415585e+02
4.200000e-06	-4.875309e-09	-2.106150e-09	-2.451885e+01	-2.439969e+02
4.210000e-06	-4.924758e-09	-2.126733e-09	-2.476754e+01	-2.463915e+02
4.220000e-06	-4.973061e-09	-2.146558e-09	-2.501047e+01	-2.487421e+02
4.230000e-06	-5.020140e-09	-2.164947e-09	-2.524724e+01	-2.510481e+02
4.240000e-06	-5.066291e-09	-2.182666e-09	-2.547934e+01	-2.533092e+02
4.250000e-06	-5.111722e-09	-2.202007e-09	-2.570782e+01	-2.555249e+02
4.260000e-06	-5.156353e-09	-2.221432e-09	-2.593228e+01	-2.576949e+02
4.270000e-06	-5.200236e-09	-2.240705e-09	-2.615298e+01	-2.598187e+02
4.280000e-06	-5.243450e-09	-2.257826e-09	-2.637031e+01	-2.618959e+02
4.290000e-06	-5.285857e-09	-2.272245e-09	-2.658358e+01	-2.639263e+02
4.300000e-06	-5.327375e-09	-2.287572e-09	-2.679238e+01	-2.659094e+02
4.310000e-06	-5.368018e-09	-2.304432e-09	-2.699679e+01	-2.678449e+02
4.320000e-06	-5.407864e-09	-2.321587e-09	-2.719718e+01	-2.697325e+02
4.330000e-06	-5.446876e-09	-2.337789e-09	-2.739338e+01	-2.715717e+02
4.340000e-06	-5.484720e-09	-2.353961e-09	-2.758370e+01	-2.733624e+02
4.350000e-06	-5.521314e-09	-2.370584e-09	-2.776774e+01	-2.751040e+02
4.360000e-06	-5.556988e-09	-2.386167e-09	-2.794715e+01	-2.767964e+02
4.370000e-06	-5.591837e-09	-2.399151e-09	-2.812241e+01	-2.784393e+02
4.380000e-06	-5.625755e-09	-2.409103e-09	-2.829300e+01	-2.800323e+02
4.390000e-06	-5.658713e-09	-2.419564e-09	-2.845875e+01	-2.815751e+02
4.400000e-06	-5.690779e-09	-2.432729e-09	-2.862002e+01	-2.830676e+02
4.410000e-06	-5.721971e-09	-2.447337e-09	-2.877688e+01	-2.845093e+02
4.420000e-06	-5.752015e-09	-2.460532e-09	-2.892799e+01	-2.859001e+02
4.430000e-06	-5.780778e-09	-2.470380e-09	-2.907264e+01	-2.872397e+02
4.440000e-06	-5.808528e-09	-2.480026e-09	-2.921220e+01	-2.885279e+02
4.450000e-06	-5.835396e-09	-2.489793e-09	-2.934732e+01	-2.897644e+02
4.460000e-06	-5.861272e-09	-2.498099e-09	-2.947746e+01	-2.909491e+02
4.470000e-06	-5.886120e-09	-2.505087e-09	-2.960243e+01	-2.920816e+02
4.480000e-06	-5.910070e-09	-2.511820e-09	-2.972287e+01	-2.931618e+02
4.490000e-06	-5.933129e-09	-2.521665e-09	-2.983884e+01	-2.941896e+02
4.500000e-06	-5.954961e-09	-2.533212e-09	-2.994864e+01	-2.951646e+02
4.510000e-06	-5.975490e-09	-2.542060e-09	-3.005189e+01	-2.960869e+02
4.520000e-06	-5.995034e-09	-2.548353e-09	-3.015018e+01	-2.969561e+02
4.530000e-06	-6.013671e-09	-2.554168e-09	-3.024391e+01	-2.977721e+02
4.540000e-06	-6.031297e-09	-2.560466e-09	-3.033255e+01	-2.985348e+02
4.550000e-06	-6.047922e-09	-2.566640e-09	-3.041616e+01	-2.992441e+02
4.560000e-06	-6.063630e-09	-2.571558e-09	-3.049516e+01	-2.998998e+02
4.570000e-06	-6.078234e-09	-2.575242e-09	-3.056861e+01	-3.005018e+02
4.580000e-06	-6.091408e-09	-2.580243e-09	-3.063486e+01	-3.010500e+02
4.590000e-06	-6.103228e-09	-2.587103e-09	-3.069431e+01	-3.015443e+02
4.600000e-06	-6.113900e-09	-2.592307e-09	-3.074798e+01	-3.019846e+02
4.610000e-06	-6.123508e-09	-2.593966e-09	-3.079630e+01	-3.023708e+02
4.620000e-06	-6.132100e-09	-2.593564e-09	-3.083951e+01	-3.027029e+02
4.630000e-06	-6.139772e-09	-2.593671e-09	-3.087809e+01	-3.029808e+02
4.640000e-06	-6.146379e-09	-2.595679e-09	-3.091132e+01	-3.032044e+02
4.650000e-06	-6.151621e-09	-2.598535e-09	-3.093769e+01	-3.033738e+02
4.660000e-06	-6.155677e-09	-2.598807e-09	-3.095809e+01	-3.034888e+02
4.670000e-06	-6.158795e-09	-2.598239e-09	-3.097377e+01	-3.035495e+02
4.680000e-06	-6.160958e-09	-2.598540e-09	-3.098465e+01	-3.035558e+02
4.690000e-06	-6.162084e-09	-2.598284e-09	-3.099031e+01	-3.035078e+02
