# Temperatura_=_20.0
# Concentracion g/m^3_=_10000.0
# C_Vs_to_Am_M_A/Vsm_=_116720831517.84952
# pendiente_HvsI_1/m_=_3716.3
# ordenada_HvsI_A/m_=_1297.0
# frecuencia_Hz_=_114880.73932934947
# Promedio de 27 ciclos

Tiempo_(s)	Campo_(V.s)	Magnetizacion_(V.s)	Campo_(kA/m)	Magnetizacion_(A/m)
0.000000e+00	-6.560267e-09	-2.689485e-09	-3.098006e+01	-3.235875e+02
1.000000e-08	-6.560331e-09	-2.691325e-09	-3.098037e+01	-3.235666e+02
2.000000e-08	-6.560163e-09	-2.693964e-09	-3.097957e+01	-3.235289e+02
3.000000e-08	-6.559819e-09	-2.695806e-09	-3.097795e+01	-3.234743e+02
4.000000e-08	-6.559276e-09	-2.695395e-09	-3.097538e+01	-3.234028e+02
5.000000e-08	-6.558443e-09	-2.688730e-09	-3.097145e+01	-3.233144e+02
6.000000e-08	-6.557276e-09	-2.672660e-09	-3.096594e+01	-3.232092e+02
7.000000e-08	-6.555630e-09	-2.666775e-09	-3.095817e+01	-3.230871e+02
8.000000e-08	-6.553345e-09	-2.699483e-09	-3.094738e+01	-3.229482e+02
9.000000e-08	-6.550392e-09	-2.751680e-09	-3.093343e+01	-3.227924e+02
1.000000e-07	-6.546842e-09	-2.767187e-09	-3.091667e+01	-3.226198e+02
1.100000e-07	-6.542874e-09	-2.703704e-09	-3.089793e+01	-3.224304e+02
1.200000e-07	-6.538689e-09	-2.628228e-09	-3.087817e+01	-3.222241e+02
1.300000e-07	-6.534345e-09	-2.659801e-09	-3.085766e+01	-3.220011e+02
1.400000e-07	-6.529790e-09	-2.720135e-09	-3.083614e+01	-3.217612e+02
1.500000e-07	-6.525017e-09	-2.693884e-09	-3.081360e+01	-3.215046e+02
1.600000e-07	-6.520016e-09	-2.646782e-09	-3.078998e+01	-3.212312e+02
1.700000e-07	-6.514677e-09	-2.685175e-09	-3.076478e+01	-3.209411e+02
1.800000e-07	-6.508957e-09	-2.758519e-09	-3.073776e+01	-3.206342e+02
1.900000e-07	-6.502910e-09	-2.711777e-09	-3.070921e+01	-3.203106e+02
2.000000e-07	-6.496574e-09	-2.632965e-09	-3.067928e+01	-3.199702e+02
2.100000e-07	-6.489895e-09	-2.645920e-09	-3.064774e+01	-3.196132e+02
2.200000e-07	-6.482809e-09	-2.695005e-09	-3.061428e+01	-3.192396e+02
2.300000e-07	-6.475378e-09	-2.683646e-09	-3.057919e+01	-3.188492e+02
2.400000e-07	-6.467643e-09	-2.658513e-09	-3.054266e+01	-3.184423e+02
2.500000e-07	-6.459625e-09	-2.703006e-09	-3.050480e+01	-3.180187e+02
2.600000e-07	-6.451368e-09	-2.701944e-09	-3.046581e+01	-3.175786e+02
2.700000e-07	-6.442893e-09	-2.631993e-09	-3.042579e+01	-3.171218e+02
2.800000e-07	-6.434148e-09	-2.606773e-09	-3.038449e+01	-3.166486e+02
2.900000e-07	-6.425036e-09	-2.663501e-09	-3.034146e+01	-3.161588e+02
3.000000e-07	-6.415487e-09	-2.683023e-09	-3.029636e+01	-3.156526e+02
3.100000e-07	-6.405417e-09	-2.638873e-09	-3.024881e+01	-3.151298e+02
3.200000e-07	-6.394843e-09	-2.637676e-09	-3.019887e+01	-3.145907e+02
3.300000e-07	-6.383796e-09	-2.657300e-09	-3.014671e+01	-3.140351e+02
3.400000e-07	-6.372310e-09	-2.637963e-09	-3.009247e+01	-3.134632e+02
3.500000e-07	-6.360434e-09	-2.605842e-09	-3.003638e+01	-3.128749e+02
3.600000e-07	-6.348195e-09	-2.612614e-09	-2.997859e+01	-3.122703e+02
3.700000e-07	-6.335627e-09	-2.613835e-09	-2.991924e+01	-3.116494e+02
3.800000e-07	-6.322707e-09	-2.608422e-09	-2.985822e+01	-3.110122e+02
3.900000e-07	-6.309410e-09	-2.635281e-09	-2.979543e+01	-3.103588e+02
4.000000e-07	-6.295749e-09	-2.634050e-09	-2.973092e+01	-3.096893e+02
4.100000e-07	-6.281742e-09	-2.579512e-09	-2.966477e+01	-3.090035e+02
4.200000e-07	-6.267391e-09	-2.552567e-09	-2.959700e+01	-3.083017e+02
4.300000e-07	-6.252714e-09	-2.593348e-09	-2.952769e+01	-3.075838e+02
4.400000e-07	-6.237600e-09	-2.601186e-09	-2.945632e+01	-3.068498e+02
4.500000e-07	-6.221968e-09	-2.567925e-09	-2.938249e+01	-3.060999e+02
4.600000e-07	-6.205842e-09	-2.562337e-09	-2.930634e+01	-3.053340e+02
4.700000e-07	-6.189264e-09	-2.573013e-09	-2.922805e+01	-3.045521e+02
4.800000e-07	-6.172292e-09	-2.565695e-09	-2.914791e+01	-3.037544e+02
4.900000e-07	-6.154955e-09	-2.551244e-09	-2.906603e+01	-3.029408e+02
5.000000e-07	-6.137356e-09	-2.539838e-09	-2.898293e+01	-3.021114e+02
5.100000e-07	-6.119538e-09	-2.518457e-09	-2.889878e+01	-3.012663e+02
5.200000e-07	-6.101461e-09	-2.525563e-09	-2.881342e+01	-3.004054e+02
5.300000e-07	-6.083124e-09	-2.548252e-09	-2.872682e+01	-2.995289e+02
5.400000e-07	-6.064514e-09	-2.535158e-09	-2.863894e+01	-2.986368e+02
5.500000e-07	-6.045583e-09	-2.500600e-09	-2.854954e+01	-2.977291e+02
5.600000e-07	-6.026286e-09	-2.490477e-09	-2.845841e+01	-2.968058e+02
5.700000e-07	-6.006649e-09	-2.499478e-09	-2.836568e+01	-2.958671e+02
5.800000e-07	-5.986725e-09	-2.496175e-09	-2.827159e+01	-2.949129e+02
5.900000e-07	-5.966584e-09	-2.486760e-09	-2.817648e+01	-2.939434e+02
6.000000e-07	-5.946284e-09	-2.468344e-09	-2.808061e+01	-2.929585e+02
6.100000e-07	-5.925822e-09	-2.455495e-09	-2.798399e+01	-2.919584e+02
6.200000e-07	-5.905167e-09	-2.460409e-09	-2.788644e+01	-2.909430e+02
6.300000e-07	-5.884256e-09	-2.462404e-09	-2.778769e+01	-2.899124e+02
6.400000e-07	-5.863024e-09	-2.446396e-09	-2.768743e+01	-2.888668e+02
6.500000e-07	-5.841462e-09	-2.427928e-09	-2.758561e+01	-2.878060e+02
6.600000e-07	-5.819591e-09	-2.423866e-09	-2.748232e+01	-2.867303e+02
6.700000e-07	-5.797420e-09	-2.421765e-09	-2.737762e+01	-2.856395e+02
6.800000e-07	-5.774980e-09	-2.418371e-09	-2.727165e+01	-2.845339e+02
6.900000e-07	-5.752269e-09	-2.405735e-09	-2.716440e+01	-2.834135e+02
7.000000e-07	-5.729257e-09	-2.387061e-09	-2.705573e+01	-2.822782e+02
7.100000e-07	-5.705915e-09	-2.379246e-09	-2.694550e+01	-2.811283e+02
7.200000e-07	-5.682245e-09	-2.381693e-09	-2.683372e+01	-2.799637e+02
7.300000e-07	-5.658332e-09	-2.378018e-09	-2.672079e+01	-2.787844e+02
7.400000e-07	-5.634224e-09	-2.360792e-09	-2.660695e+01	-2.775907e+02
7.500000e-07	-5.609937e-09	-2.344970e-09	-2.649226e+01	-2.763824e+02
7.600000e-07	-5.585450e-09	-2.337314e-09	-2.637662e+01	-2.751597e+02
7.700000e-07	-5.560713e-09	-2.337035e-09	-2.625980e+01	-2.739227e+02
7.800000e-07	-5.535693e-09	-2.328956e-09	-2.614165e+01	-2.726714e+02
7.900000e-07	-5.510308e-09	-2.308077e-09	-2.602177e+01	-2.714059e+02
8.000000e-07	-5.484454e-09	-2.291746e-09	-2.589968e+01	-2.701262e+02
8.100000e-07	-5.458064e-09	-2.287953e-09	-2.577505e+01	-2.688324e+02
8.200000e-07	-5.431186e-09	-2.286294e-09	-2.564813e+01	-2.675246e+02
8.300000e-07	-5.403894e-09	-2.271917e-09	-2.551924e+01	-2.662029e+02
8.400000e-07	-5.376259e-09	-2.250044e-09	-2.538874e+01	-2.648672e+02
8.500000e-07	-5.348355e-09	-2.233404e-09	-2.525697e+01	-2.635178e+02
8.600000e-07	-5.320227e-09	-2.229391e-09	-2.512414e+01	-2.621546e+02
8.700000e-07	-5.291932e-09	-2.226931e-09	-2.499052e+01	-2.607777e+02
8.800000e-07	-5.263493e-09	-2.214997e-09	-2.485622e+01	-2.593872e+02
8.900000e-07	-5.234884e-09	-2.199213e-09	-2.472112e+01	-2.579832e+02
9.000000e-07	-5.206042e-09	-2.186879e-09	-2.458491e+01	-2.565657e+02
9.100000e-07	-5.176903e-09	-2.180244e-09	-2.444731e+01	-2.551349e+02
9.200000e-07	-5.147472e-09	-2.170392e-09	-2.430832e+01	-2.536907e+02
9.300000e-07	-5.117771e-09	-2.153114e-09	-2.416806e+01	-2.522333e+02
9.400000e-07	-5.087809e-09	-2.133460e-09	-2.402657e+01	-2.507628e+02
9.500000e-07	-5.057617e-09	-2.120755e-09	-2.388399e+01	-2.492791e+02
9.600000e-07	-5.027194e-09	-2.113803e-09	-2.374032e+01	-2.477825e+02
9.700000e-07	-4.996546e-09	-2.103946e-09	-2.359559e+01	-2.462729e+02
9.800000e-07	-4.965675e-09	-2.089396e-09	-2.344981e+01	-2.447505e+02
9.900000e-07	-4.934555e-09	-2.072409e-09	-2.330285e+01	-2.432153e+02
1.000000e-06	-4.903177e-09	-2.060821e-09	-2.315467e+01	-2.416675e+02
1.010000e-06	-4.871559e-09	-2.053125e-09	-2.300536e+01	-2.401070e+02
1.020000e-06	-4.839723e-09	-2.041783e-09	-2.285502e+01	-2.385340e+02
1.030000e-06	-4.807678e-09	-2.024533e-09	-2.270369e+01	-2.369485e+02
1.040000e-06	-4.775474e-09	-2.008590e-09	-2.255161e+01	-2.353507e+02
1.050000e-06	-4.743118e-09	-1.997532e-09	-2.239881e+01	-2.337406e+02
1.060000e-06	-4.710580e-09	-1.985817e-09	-2.224515e+01	-2.321183e+02
1.070000e-06	-4.677832e-09	-1.970239e-09	-2.209050e+01	-2.304840e+02
1.080000e-06	-4.644841e-09	-1.951215e-09	-2.193471e+01	-2.288375e+02
1.090000e-06	-4.611559e-09	-1.935523e-09	-2.177754e+01	-2.271792e+02
1.100000e-06	-4.577939e-09	-1.924580e-09	-2.161877e+01	-2.255090e+02
1.110000e-06	-4.543935e-09	-1.914220e-09	-2.145820e+01	-2.238270e+02
1.120000e-06	-4.509509e-09	-1.900009e-09	-2.129562e+01	-2.221334e+02
1.130000e-06	-4.474692e-09	-1.883787e-09	-2.113120e+01	-2.204281e+02
1.140000e-06	-4.439529e-09	-1.870133e-09	-2.096515e+01	-2.187114e+02
1.150000e-06	-4.404038e-09	-1.858036e-09	-2.079755e+01	-2.169832e+02
1.160000e-06	-4.368262e-09	-1.844610e-09	-2.062860e+01	-2.152438e+02
1.170000e-06	-4.332282e-09	-1.827491e-09	-2.045869e+01	-2.134931e+02
1.180000e-06	-4.296150e-09	-1.810691e-09	-2.028806e+01	-2.117312e+02
1.190000e-06	-4.259875e-09	-1.798784e-09	-2.011675e+01	-2.099583e+02
1.200000e-06	-4.223483e-09	-1.789262e-09	-1.994490e+01	-2.081745e+02
1.210000e-06	-4.186977e-09	-1.775806e-09	-1.977251e+01	-2.063798e+02
1.220000e-06	-4.150311e-09	-1.757808e-09	-1.959935e+01	-2.045743e+02
1.230000e-06	-4.113438e-09	-1.741041e-09	-1.942522e+01	-2.027582e+02
1.240000e-06	-4.076354e-09	-1.727048e-09	-1.925010e+01	-2.009314e+02
1.250000e-06	-4.039055e-09	-1.713291e-09	-1.907396e+01	-1.990942e+02
1.260000e-06	-4.001527e-09	-1.697866e-09	-1.889674e+01	-1.972466e+02
1.270000e-06	-3.963782e-09	-1.682108e-09	-1.871849e+01	-1.953887e+02
1.280000e-06	-3.925839e-09	-1.666682e-09	-1.853931e+01	-1.935207e+02
1.290000e-06	-3.887709e-09	-1.652475e-09	-1.835925e+01	-1.916425e+02
1.300000e-06	-3.849398e-09	-1.638176e-09	-1.817833e+01	-1.897543e+02
1.310000e-06	-3.810898e-09	-1.621013e-09	-1.799652e+01	-1.878562e+02
1.320000e-06	-3.772214e-09	-1.604134e-09	-1.781383e+01	-1.859483e+02
1.330000e-06	-3.733343e-09	-1.589805e-09	-1.763027e+01	-1.840307e+02
1.340000e-06	-3.694239e-09	-1.579192e-09	-1.744561e+01	-1.821035e+02
1.350000e-06	-3.654914e-09	-1.568122e-09	-1.725990e+01	-1.801668e+02
1.360000e-06	-3.615436e-09	-1.552784e-09	-1.707347e+01	-1.782207e+02
1.370000e-06	-3.575801e-09	-1.533711e-09	-1.688630e+01	-1.762653e+02
1.380000e-06	-3.535977e-09	-1.513920e-09	-1.669824e+01	-1.743007e+02
1.390000e-06	-3.495985e-09	-1.498423e-09	-1.650938e+01	-1.723270e+02
1.400000e-06	-3.455869e-09	-1.482300e-09	-1.631994e+01	-1.703443e+02
1.410000e-06	-3.415657e-09	-1.464648e-09	-1.613004e+01	-1.683527e+02
1.420000e-06	-3.375356e-09	-1.448360e-09	-1.593972e+01	-1.663524e+02
1.430000e-06	-3.334945e-09	-1.434878e-09	-1.574889e+01	-1.643433e+02
1.440000e-06	-3.294433e-09	-1.423516e-09	-1.555757e+01	-1.623257e+02
1.450000e-06	-3.253822e-09	-1.407752e-09	-1.536579e+01	-1.602996e+02
1.460000e-06	-3.213067e-09	-1.388372e-09	-1.517333e+01	-1.582651e+02
1.470000e-06	-3.172122e-09	-1.368923e-09	-1.497997e+01	-1.562224e+02
1.480000e-06	-3.130978e-09	-1.353029e-09	-1.478568e+01	-1.541715e+02
1.490000e-06	-3.089617e-09	-1.338827e-09	-1.459036e+01	-1.521126e+02
1.500000e-06	-3.047986e-09	-1.322287e-09	-1.439376e+01	-1.500457e+02
1.510000e-06	-3.006091e-09	-1.304455e-09	-1.419591e+01	-1.479710e+02
1.520000e-06	-2.963967e-09	-1.287682e-09	-1.399699e+01	-1.458886e+02
1.530000e-06	-2.921575e-09	-1.274554e-09	-1.379680e+01	-1.437985e+02
1.540000e-06	-2.878906e-09	-1.261942e-09	-1.359530e+01	-1.417010e+02
1.550000e-06	-2.836009e-09	-1.247129e-09	-1.339272e+01	-1.395960e+02
1.560000e-06	-2.792888e-09	-1.229999e-09	-1.318909e+01	-1.374838e+02
1.570000e-06	-2.749566e-09	-1.212053e-09	-1.298451e+01	-1.353644e+02
1.580000e-06	-2.706033e-09	-1.194583e-09	-1.277893e+01	-1.332379e+02
1.590000e-06	-2.662313e-09	-1.176624e-09	-1.257247e+01	-1.311045e+02
1.600000e-06	-2.618447e-09	-1.158390e-09	-1.236531e+01	-1.289642e+02
1.610000e-06	-2.574456e-09	-1.141746e-09	-1.215757e+01	-1.268172e+02
1.620000e-06	-2.530373e-09	-1.129221e-09	-1.194939e+01	-1.246635e+02
1.630000e-06	-2.486194e-09	-1.117727e-09	-1.174077e+01	-1.225034e+02
1.640000e-06	-2.441935e-09	-1.101075e-09	-1.153176e+01	-1.203369e+02
1.650000e-06	-2.397616e-09	-1.077986e-09	-1.132247e+01	-1.181640e+02
1.660000e-06	-2.353248e-09	-1.054563e-09	-1.111294e+01	-1.159850e+02
1.670000e-06	-2.308823e-09	-1.037403e-09	-1.090315e+01	-1.138000e+02
1.680000e-06	-2.264336e-09	-1.023323e-09	-1.069306e+01	-1.116090e+02
1.690000e-06	-2.219774e-09	-1.006466e-09	-1.048263e+01	-1.094121e+02
1.700000e-06	-2.175127e-09	-9.853297e-10	-1.027179e+01	-1.072096e+02
1.710000e-06	-2.130396e-09	-9.641933e-10	-1.006055e+01	-1.050015e+02
1.720000e-06	-2.085561e-09	-9.469498e-10	-9.848821e+00	-1.027878e+02
1.730000e-06	-2.040620e-09	-9.316611e-10	-9.636595e+00	-1.005688e+02
1.740000e-06	-1.995568e-09	-9.143462e-10	-9.423840e+00	-9.834458e+01
1.750000e-06	-1.950395e-09	-8.949991e-10	-9.210517e+00	-9.611519e+01
1.760000e-06	-1.905091e-09	-8.772125e-10	-8.996578e+00	-9.388078e+01
1.770000e-06	-1.859665e-09	-8.607439e-10	-8.782059e+00	-9.164146e+01
1.780000e-06	-1.814170e-09	-8.422201e-10	-8.567211e+00	-8.939736e+01
1.790000e-06	-1.768584e-09	-8.184951e-10	-8.351940e+00	-8.714858e+01
1.800000e-06	-1.722890e-09	-7.942941e-10	-8.136156e+00	-8.489525e+01
1.810000e-06	-1.677108e-09	-7.765306e-10	-7.919956e+00	-8.263748e+01
1.820000e-06	-1.631236e-09	-7.648688e-10	-7.703328e+00	-8.037539e+01
1.830000e-06	-1.585277e-09	-7.514160e-10	-7.486292e+00	-7.810910e+01
1.840000e-06	-1.539247e-09	-7.312390e-10	-7.268923e+00	-7.583873e+01
1.850000e-06	-1.493145e-09	-7.085849e-10	-7.051210e+00	-7.356439e+01
1.860000e-06	-1.446973e-09	-6.874670e-10	-6.833172e+00	-7.128621e+01
1.870000e-06	-1.400736e-09	-6.697040e-10	-6.614821e+00	-6.900430e+01
1.880000e-06	-1.354436e-09	-6.521378e-10	-6.396173e+00	-6.671878e+01
1.890000e-06	-1.308085e-09	-6.321639e-10	-6.177288e+00	-6.442977e+01
1.900000e-06	-1.261685e-09	-6.108992e-10	-5.958171e+00	-6.213739e+01
1.910000e-06	-1.215213e-09	-5.885311e-10	-5.738711e+00	-5.984175e+01
1.920000e-06	-1.168687e-09	-5.671255e-10	-5.518996e+00	-5.754299e+01
1.930000e-06	-1.122116e-09	-5.462991e-10	-5.299072e+00	-5.524122e+01
1.940000e-06	-1.075491e-09	-5.275575e-10	-5.078892e+00	-5.293655e+01
1.950000e-06	-1.028835e-09	-5.120643e-10	-4.858561e+00	-5.062911e+01
1.960000e-06	-9.821484e-10	-4.978289e-10	-4.638092e+00	-4.831902e+01
1.970000e-06	-9.354113e-10	-4.802275e-10	-4.417381e+00	-4.600640e+01
1.980000e-06	-8.885997e-10	-4.556911e-10	-4.196319e+00	-4.369137e+01
1.990000e-06	-8.417388e-10	-4.276283e-10	-3.975024e+00	-4.137405e+01
2.000000e-06	-7.948551e-10	-4.022412e-10	-3.753622e+00	-3.905457e+01
2.010000e-06	-7.479158e-10	-3.840280e-10	-3.531956e+00	-3.673303e+01
2.020000e-06	-7.009227e-10	-3.711834e-10	-3.310037e+00	-3.440956e+01
2.030000e-06	-6.538889e-10	-3.607985e-10	-3.087926e+00	-3.208429e+01
2.040000e-06	-6.068280e-10	-3.480536e-10	-2.865687e+00	-2.975734e+01
2.050000e-06	-5.597755e-10	-3.303807e-10	-2.643487e+00	-2.742882e+01
2.060000e-06	-5.126688e-10	-3.071679e-10	-2.421031e+00	-2.509886e+01
2.070000e-06	-4.654987e-10	-2.782119e-10	-2.198276e+00	-2.276758e+01
2.080000e-06	-4.182976e-10	-2.483998e-10	-1.975375e+00	-2.043510e+01
2.090000e-06	-3.710940e-10	-2.231287e-10	-1.752462e+00	-1.810154e+01
2.100000e-06	-3.239031e-10	-2.055901e-10	-1.529609e+00	-1.576703e+01
2.110000e-06	-2.767035e-10	-1.929797e-10	-1.306715e+00	-1.343168e+01
2.120000e-06	-2.294911e-10	-1.804184e-10	-1.083760e+00	-1.109562e+01
2.130000e-06	-1.822532e-10	-1.652116e-10	-8.606844e-01	-8.758971e+00
2.140000e-06	-1.349960e-10	-1.461577e-10	-6.375184e-01	-6.421850e+00
2.150000e-06	-8.772463e-11	-1.231439e-10	-4.142853e-01	-4.084382e+00
2.160000e-06	-4.044574e-11	-9.816509e-11	-1.910166e-01	-1.746689e+00
2.170000e-06	6.818839e-12	-7.518749e-11	3.218462e-02	5.911081e-01
2.180000e-06	5.408217e-11	-5.630770e-11	2.553799e-01	2.928887e+00
2.190000e-06	1.013561e-10	-4.132818e-11	4.786254e-01	5.266526e+00
2.200000e-06	1.486210e-10	-2.622812e-11	7.018280e-01	7.603903e+00
2.210000e-06	1.958668e-10	-8.146038e-12	9.249401e-01	9.940897e+00
2.220000e-06	2.430973e-10	1.207695e-11	1.147980e+00	1.227738e+01
2.230000e-06	2.903098e-10	3.296514e-11	1.370935e+00	1.461325e+01
2.240000e-06	3.374975e-10	5.369209e-11	1.593774e+00	1.694836e+01
2.250000e-06	3.846431e-10	7.492545e-11	1.816413e+00	1.928260e+01
2.260000e-06	4.317482e-10	9.688687e-11	2.038861e+00	2.161585e+01
2.270000e-06	4.788486e-10	1.183576e-10	2.261287e+00	2.394798e+01
2.280000e-06	5.259420e-10	1.382102e-10	2.483680e+00	2.627888e+01
2.290000e-06	5.730175e-10	1.557169e-10	2.705988e+00	2.860843e+01
2.300000e-06	6.200718e-10	1.719143e-10	2.928196e+00	3.093649e+01
2.310000e-06	6.670942e-10	1.893822e-10	3.150254e+00	3.326295e+01
2.320000e-06	7.140870e-10	2.073326e-10	3.372172e+00	3.558770e+01
2.330000e-06	7.610298e-10	2.258467e-10	3.593853e+00	3.791060e+01
2.340000e-06	8.079028e-10	2.467038e-10	3.815206e+00	4.023154e+01
2.350000e-06	8.547307e-10	2.690567e-10	4.036345e+00	4.255039e+01
2.360000e-06	9.014971e-10	2.928696e-10	4.257193e+00	4.486704e+01
2.370000e-06	9.482083e-10	3.175398e-10	4.477781e+00	4.718137e+01
2.380000e-06	9.948835e-10	3.405366e-10	4.698199e+00	4.949325e+01
2.390000e-06	1.041512e-09	3.594346e-10	4.918397e+00	5.180256e+01
2.400000e-06	1.088088e-09	3.761087e-10	5.138346e+00	5.410918e+01
2.410000e-06	1.134601e-09	3.944978e-10	5.358000e+00	5.641300e+01
2.420000e-06	1.181052e-09	4.146782e-10	5.577359e+00	5.871389e+01
2.430000e-06	1.227459e-09	4.366428e-10	5.796508e+00	6.101173e+01
2.440000e-06	1.273833e-09	4.593452e-10	6.015506e+00	6.330641e+01
2.450000e-06	1.320159e-09	4.805274e-10	6.234276e+00	6.559779e+01
2.460000e-06	1.366442e-09	5.001829e-10	6.452841e+00	6.788578e+01
2.470000e-06	1.412669e-09	5.192285e-10	6.671143e+00	7.017023e+01
2.480000e-06	1.458825e-09	5.393582e-10	6.889108e+00	7.245105e+01
2.490000e-06	1.504893e-09	5.617287e-10	7.106656e+00	7.472810e+01
2.500000e-06	1.550871e-09	5.841614e-10	7.323783e+00	7.700126e+01
2.510000e-06	1.596771e-09	6.045356e-10	7.540543e+00	7.927043e+01
2.520000e-06	1.642568e-09	6.254878e-10	7.756813e+00	8.153548e+01
2.530000e-06	1.688257e-09	6.479516e-10	7.972573e+00	8.379629e+01
2.540000e-06	1.733884e-09	6.703904e-10	8.188039e+00	8.605275e+01
2.550000e-06	1.779455e-09	6.936596e-10	8.403247e+00	8.830474e+01
2.560000e-06	1.824912e-09	7.166431e-10	8.617909e+00	9.055213e+01
2.570000e-06	1.870223e-09	7.375965e-10	8.831886e+00	9.279482e+01
2.580000e-06	1.915418e-09	7.573602e-10	9.045313e+00	9.503269e+01
2.590000e-06	1.960521e-09	7.767452e-10	9.258306e+00	9.726561e+01
2.600000e-06	2.005524e-09	7.967168e-10	9.470829e+00	9.949348e+01
2.610000e-06	2.050427e-09	8.176848e-10	9.682877e+00	1.017162e+02
2.620000e-06	2.095223e-09	8.384782e-10	9.894419e+00	1.039336e+02
2.630000e-06	2.139904e-09	8.589685e-10	1.010542e+01	1.061456e+02
2.640000e-06	2.184497e-09	8.797770e-10	1.031600e+01	1.083521e+02
2.650000e-06	2.229014e-09	9.001811e-10	1.052623e+01	1.105529e+02
2.660000e-06	2.273456e-09	9.196151e-10	1.073610e+01	1.127480e+02
2.670000e-06	2.317844e-09	9.390357e-10	1.094572e+01	1.149373e+02
2.680000e-06	2.362194e-09	9.586734e-10	1.115516e+01	1.171205e+02
2.690000e-06	2.406493e-09	9.788798e-10	1.136436e+01	1.192977e+02
2.700000e-06	2.450736e-09	9.991515e-10	1.157329e+01	1.214687e+02
2.710000e-06	2.494921e-09	1.018694e-09	1.178195e+01	1.236333e+02
2.720000e-06	2.539031e-09	1.038996e-09	1.199025e+01	1.257915e+02
2.730000e-06	2.583056e-09	1.059310e-09	1.219815e+01	1.279432e+02
2.740000e-06	2.626960e-09	1.078599e-09	1.240548e+01	1.300882e+02
2.750000e-06	2.670702e-09	1.096337e-09	1.261205e+01	1.322265e+02
2.760000e-06	2.714273e-09	1.114672e-09	1.281781e+01	1.343579e+02
2.770000e-06	2.757630e-09	1.135590e-09	1.302256e+01	1.364822e+02
2.780000e-06	2.800746e-09	1.155153e-09	1.322617e+01	1.385995e+02
2.790000e-06	2.843581e-09	1.173215e-09	1.342845e+01	1.407096e+02
2.800000e-06	2.886125e-09	1.193011e-09	1.362936e+01	1.428124e+02
2.810000e-06	2.928419e-09	1.213667e-09	1.382909e+01	1.449077e+02
2.820000e-06	2.970453e-09	1.233787e-09	1.402759e+01	1.469955e+02
2.830000e-06	3.012228e-09	1.253709e-09	1.422486e+01	1.490756e+02
2.840000e-06	3.053772e-09	1.272269e-09	1.442106e+01	1.511480e+02
2.850000e-06	3.095081e-09	1.289959e-09	1.461613e+01	1.532125e+02
2.860000e-06	3.136156e-09	1.309998e-09	1.481010e+01	1.552690e+02
2.870000e-06	3.177055e-09	1.332255e-09	1.500324e+01	1.573175e+02
2.880000e-06	3.217797e-09	1.354819e-09	1.519564e+01	1.593578e+02
2.890000e-06	3.258393e-09	1.375864e-09	1.538735e+01	1.613898e+02
2.900000e-06	3.298893e-09	1.394156e-09	1.557861e+01	1.634133e+02
2.910000e-06	3.339303e-09	1.412049e-09	1.576944e+01	1.654284e+02
2.920000e-06	3.379610e-09	1.430343e-09	1.595978e+01	1.674349e+02
2.930000e-06	3.419826e-09	1.448167e-09	1.614970e+01	1.694327e+02
2.940000e-06	3.459950e-09	1.466082e-09	1.633918e+01	1.714216e+02
2.950000e-06	3.499941e-09	1.484941e-09	1.652803e+01	1.734016e+02
2.960000e-06	3.539776e-09	1.505278e-09	1.671615e+01	1.753726e+02
2.970000e-06	3.579444e-09	1.525576e-09	1.690348e+01	1.773345e+02
2.980000e-06	3.618899e-09	1.544142e-09	1.708980e+01	1.792871e+02
2.990000e-06	3.658128e-09	1.561578e-09	1.727505e+01	1.812304e+02
3.000000e-06	3.697147e-09	1.580510e-09	1.745931e+01	1.831643e+02
3.010000e-06	3.735966e-09	1.601825e-09	1.764263e+01	1.850887e+02
3.020000e-06	3.774600e-09	1.622870e-09	1.782508e+01	1.870034e+02
3.030000e-06	3.813057e-09	1.642245e-09	1.800668e+01	1.889083e+02
3.040000e-06	3.851349e-09	1.660993e-09	1.818752e+01	1.908035e+02
3.050000e-06	3.889483e-09	1.679623e-09	1.836760e+01	1.926887e+02
3.060000e-06	3.927433e-09	1.697681e-09	1.854681e+01	1.945639e+02
3.070000e-06	3.965189e-09	1.714944e-09	1.872511e+01	1.964289e+02
3.080000e-06	4.002717e-09	1.731653e-09	1.890233e+01	1.982838e+02
3.090000e-06	4.040008e-09	1.749257e-09	1.907843e+01	2.001283e+02
3.100000e-06	4.077078e-09	1.769017e-09	1.925349e+01	2.019624e+02
3.110000e-06	4.113933e-09	1.788225e-09	1.942754e+01	2.037860e+02
3.120000e-06	4.150616e-09	1.804779e-09	1.960077e+01	2.055989e+02
3.130000e-06	4.187170e-09	1.821199e-09	1.977339e+01	2.074012e+02
3.140000e-06	4.223618e-09	1.839098e-09	1.994551e+01	2.091927e+02
3.150000e-06	4.259954e-09	1.857144e-09	2.011710e+01	2.109733e+02
3.160000e-06	4.296165e-09	1.874247e-09	2.028810e+01	2.127429e+02
3.170000e-06	4.332219e-09	1.888683e-09	2.045837e+01	2.145014e+02
3.180000e-06	4.368112e-09	1.901479e-09	2.062786e+01	2.162488e+02
3.190000e-06	4.403778e-09	1.916235e-09	2.079630e+01	2.179849e+02
3.200000e-06	4.439107e-09	1.934171e-09	2.096313e+01	2.197096e+02
3.210000e-06	4.474056e-09	1.952505e-09	2.112817e+01	2.214230e+02
3.220000e-06	4.508634e-09	1.969428e-09	2.129146e+01	2.231247e+02
3.230000e-06	4.542834e-09	1.985274e-09	2.145297e+01	2.248149e+02
3.240000e-06	4.576646e-09	1.999509e-09	2.161264e+01	2.264934e+02
3.250000e-06	4.610082e-09	2.012485e-09	2.177054e+01	2.281601e+02
3.260000e-06	4.643175e-09	2.025090e-09	2.192682e+01	2.298149e+02
3.270000e-06	4.676004e-09	2.037822e-09	2.208185e+01	2.314577e+02
3.280000e-06	4.708633e-09	2.051596e-09	2.223594e+01	2.330885e+02
3.290000e-06	4.741116e-09	2.067621e-09	2.238933e+01	2.347072e+02
3.300000e-06	4.773473e-09	2.084034e-09	2.254213e+01	2.363136e+02
3.310000e-06	4.805688e-09	2.098113e-09	2.269426e+01	2.379077e+02
3.320000e-06	4.837723e-09	2.109483e-09	2.284555e+01	2.394895e+02
3.330000e-06	4.869539e-09	2.119633e-09	2.299579e+01	2.410588e+02
3.340000e-06	4.901110e-09	2.131471e-09	2.314488e+01	2.426155e+02
3.350000e-06	4.932414e-09	2.146984e-09	2.329272e+01	2.441596e+02
3.360000e-06	4.963436e-09	2.164691e-09	2.343921e+01	2.456910e+02
3.370000e-06	4.994184e-09	2.180687e-09	2.358442e+01	2.472096e+02
3.380000e-06	5.024681e-09	2.193791e-09	2.372844e+01	2.487153e+02
3.390000e-06	5.054967e-09	2.205488e-09	2.387146e+01	2.502080e+02
3.400000e-06	5.085055e-09	2.216304e-09	2.401354e+01	2.516878e+02
3.410000e-06	5.114924e-09	2.226669e-09	2.415460e+01	2.531544e+02
3.420000e-06	5.144543e-09	2.237552e-09	2.429447e+01	2.546079e+02
3.430000e-06	5.173885e-09	2.250505e-09	2.443303e+01	2.560481e+02
3.440000e-06	5.202945e-09	2.264946e-09	2.457027e+01	2.574750e+02
3.450000e-06	5.231735e-09	2.277878e-09	2.470622e+01	2.588884e+02
3.460000e-06	5.260318e-09	2.287570e-09	2.484120e+01	2.602884e+02
3.470000e-06	5.288753e-09	2.295831e-09	2.497548e+01	2.616748e+02
3.480000e-06	5.317050e-09	2.305890e-09	2.510911e+01	2.630477e+02
3.490000e-06	5.345211e-09	2.319225e-09	2.524210e+01	2.644068e+02
3.500000e-06	5.373162e-09	2.334922e-09	2.537409e+01	2.657521e+02
3.510000e-06	5.400811e-09	2.350108e-09	2.550467e+01	2.670836e+02
3.520000e-06	5.428056e-09	2.362135e-09	2.563333e+01	2.684012e+02
3.530000e-06	5.454837e-09	2.371691e-09	2.575980e+01	2.697048e+02
3.540000e-06	5.481154e-09	2.381888e-09	2.588408e+01	2.709944e+02
3.550000e-06	5.507005e-09	2.392892e-09	2.600615e+01	2.722699e+02
3.560000e-06	5.532396e-09	2.402576e-09	2.612606e+01	2.735312e+02
3.570000e-06	5.557389e-09	2.410262e-09	2.624409e+01	2.747783e+02
3.580000e-06	5.582074e-09	2.417948e-09	2.636066e+01	2.760110e+02
3.590000e-06	5.606554e-09	2.428694e-09	2.647626e+01	2.772294e+02
3.600000e-06	5.630879e-09	2.439730e-09	2.659113e+01	2.784333e+02
3.610000e-06	5.654985e-09	2.448110e-09	2.670497e+01	2.796227e+02
3.620000e-06	5.678817e-09	2.455875e-09	2.681751e+01	2.807976e+02
3.630000e-06	5.702362e-09	2.464140e-09	2.692870e+01	2.819579e+02
3.640000e-06	5.725604e-09	2.474548e-09	2.703846e+01	2.831035e+02
3.650000e-06	5.748533e-09	2.486433e-09	2.714674e+01	2.842343e+02
3.660000e-06	5.771173e-09	2.496811e-09	2.725366e+01	2.853503e+02
3.670000e-06	5.793561e-09	2.505183e-09	2.735938e+01	2.864515e+02
3.680000e-06	5.815693e-09	2.512588e-09	2.746390e+01	2.875378e+02
3.690000e-06	5.837543e-09	2.520977e-09	2.756708e+01	2.886091e+02
3.700000e-06	5.859098e-09	2.529579e-09	2.766887e+01	2.896653e+02
3.710000e-06	5.880331e-09	2.536357e-09	2.776914e+01	2.907065e+02
3.720000e-06	5.901275e-09	2.542770e-09	2.786805e+01	2.917325e+02
3.730000e-06	5.921980e-09	2.550966e-09	2.796582e+01	2.927434e+02
3.740000e-06	5.942473e-09	2.560578e-09	2.806260e+01	2.937390e+02
3.750000e-06	5.962795e-09	2.569647e-09	2.815857e+01	2.947193e+02
3.760000e-06	5.982952e-09	2.576856e-09	2.825376e+01	2.956842e+02
3.770000e-06	6.002900e-09	2.582335e-09	2.834796e+01	2.966338e+02
3.780000e-06	6.022588e-09	2.588299e-09	2.844094e+01	2.975679e+02
3.790000e-06	6.041937e-09	2.597338e-09	2.853231e+01	2.984865e+02
3.800000e-06	6.060874e-09	2.606879e-09	2.862173e+01	2.993896e+02
3.810000e-06	6.079426e-09	2.613331e-09	2.870935e+01	3.002771e+02
3.820000e-06	6.097653e-09	2.617105e-09	2.879542e+01	3.011490e+02
3.830000e-06	6.115601e-09	2.622020e-09	2.888018e+01	3.020051e+02
3.840000e-06	6.133308e-09	2.631130e-09	2.896380e+01	3.028456e+02
3.850000e-06	6.150790e-09	2.640260e-09	2.904635e+01	3.036702e+02
3.860000e-06	6.168006e-09	2.646292e-09	2.912766e+01	3.044791e+02
3.870000e-06	6.184914e-09	2.652037e-09	2.920750e+01	3.052721e+02
3.880000e-06	6.201457e-09	2.658883e-09	2.928562e+01	3.060492e+02
3.890000e-06	6.217559e-09	2.665607e-09	2.936167e+01	3.068104e+02
3.900000e-06	6.233201e-09	2.670758e-09	2.943553e+01	3.075556e+02
3.910000e-06	6.248405e-09	2.674152e-09	2.950733e+01	3.082847e+02
3.920000e-06	6.263217e-09	2.676158e-09	2.957728e+01	3.089979e+02
3.930000e-06	6.277691e-09	2.678561e-09	2.964563e+01	3.096949e+02
3.940000e-06	6.291871e-09	2.682374e-09	2.971259e+01	3.103758e+02
3.950000e-06	6.305740e-09	2.685204e-09	2.977809e+01	3.110405e+02
3.960000e-06	6.319240e-09	2.686207e-09	2.984184e+01	3.116891e+02
3.970000e-06	6.332371e-09	2.688495e-09	2.990385e+01	3.123214e+02
3.980000e-06	6.345182e-09	2.693983e-09	2.996435e+01	3.129374e+02
3.990000e-06	6.357693e-09	2.700569e-09	3.002343e+01	3.135372e+02
4.000000e-06	6.369918e-09	2.704339e-09	3.008116e+01	3.141206e+02
4.010000e-06	6.381814e-09	2.704342e-09	3.013734e+01	3.146877e+02
4.020000e-06	6.393306e-09	2.704148e-09	3.019161e+01	3.152383e+02
4.030000e-06	6.404306e-09	2.706375e-09	3.024355e+01	3.157726e+02
4.040000e-06	6.414725e-09	2.710022e-09	3.029276e+01	3.162904e+02
4.050000e-06	6.424590e-09	2.712939e-09	3.033934e+01	3.167918e+02
4.060000e-06	6.433964e-09	2.714917e-09	3.038361e+01	3.172766e+02
4.070000e-06	6.442941e-09	2.717616e-09	3.042601e+01	3.177449e+02
4.080000e-06	6.451631e-09	2.722594e-09	3.046704e+01	3.181967e+02
4.090000e-06	6.460084e-09	2.727056e-09	3.050696e+01	3.186319e+02
4.100000e-06	6.468341e-09	2.727987e-09	3.054596e+01	3.190505e+02
4.110000e-06	6.476362e-09	2.727348e-09	3.058383e+01	3.194525e+02
4.120000e-06	6.484066e-09	2.726987e-09	3.062021e+01	3.198379e+02
4.130000e-06	6.491430e-09	2.728066e-09	3.065499e+01	3.202066e+02
4.140000e-06	6.498438e-09	2.729580e-09	3.068808e+01	3.205586e+02
4.150000e-06	6.505109e-09	2.731258e-09	3.071959e+01	3.208940e+02
4.160000e-06	6.511486e-09	2.734135e-09	3.074970e+01	3.212126e+02
4.170000e-06	6.517567e-09	2.737937e-09	3.077842e+01	3.215145e+02
4.180000e-06	6.523306e-09	2.742077e-09	3.080552e+01	3.217997e+02
4.190000e-06	6.528685e-09	2.743454e-09	3.083092e+01	3.220681e+02
4.200000e-06	6.533729e-09	2.741784e-09	3.085474e+01	3.223197e+02
4.210000e-06	6.538484e-09	2.738053e-09	3.087720e+01	3.225545e+02
4.220000e-06	6.543021e-09	2.734333e-09	3.089862e+01	3.227726e+02
4.230000e-06	6.547372e-09	2.734233e-09	3.091917e+01	3.229738e+02
4.240000e-06	6.551509e-09	2.737544e-09	3.093871e+01	3.231582e+02
4.250000e-06	6.555376e-09	2.742379e-09	3.095697e+01	3.233258e+02
4.260000e-06	6.558878e-09	2.745322e-09	3.097351e+01	3.234766e+02
4.270000e-06	6.561896e-09	2.745131e-09	3.098776e+01	3.236105e+02
4.280000e-06	6.564368e-09	2.742671e-09	3.099943e+01	3.237275e+02
4.290000e-06	6.566313e-09	2.739809e-09	3.100862e+01	3.238277e+02
4.300000e-06	6.567763e-09	2.737767e-09	3.101546e+01	3.239110e+02
4.310000e-06	6.568791e-09	2.737840e-09	3.102032e+01	3.239775e+02
4.320000e-06	6.569500e-09	2.740015e-09	3.102367e+01	3.240271e+02
4.330000e-06	6.569965e-09	2.742925e-09	3.102586e+01	3.240598e+02
4.340000e-06	6.570227e-09	2.746751e-09	3.102710e+01	3.240756e+02
4.350000e-06	6.570260e-09	2.748380e-09	3.102726e+01	3.240746e+02
4.360000e-06	6.569990e-09	2.744924e-09	3.102598e+01	3.240567e+02
4.370000e-06	6.569384e-09	2.737748e-09	3.102312e+01	3.240219e+02
4.380000e-06	6.568433e-09	2.733325e-09	3.101863e+01	3.239702e+02
4.390000e-06	6.567169e-09	2.736557e-09	3.101266e+01	3.239017e+02
4.400000e-06	6.565634e-09	2.753032e-09	3.100541e+01	3.238163e+02
4.410000e-06	6.563814e-09	2.776793e-09	3.099682e+01	3.237140e+02
4.420000e-06	6.561703e-09	2.766198e-09	3.098685e+01	3.235949e+02
4.430000e-06	6.559235e-09	2.705875e-09	3.097519e+01	3.234589e+02
4.440000e-06	6.556338e-09	2.645510e-09	3.096151e+01	3.233061e+02
4.450000e-06	6.553077e-09	2.666160e-09	3.094611e+01	3.231364e+02
4.460000e-06	6.549564e-09	2.776815e-09	3.092952e+01	3.229499e+02
4.470000e-06	6.545873e-09	2.812163e-09	3.091209e+01	3.227466e+02
4.480000e-06	6.541969e-09	2.734677e-09	3.089366e+01	3.225265e+02
4.490000e-06	6.537742e-09	2.715355e-09	3.087370e+01	3.222896e+02
4.500000e-06	6.533186e-09	2.754033e-09	3.085218e+01	3.220359e+02
4.510000e-06	6.528325e-09	2.741318e-09	3.082923e+01	3.217655e+02
4.520000e-06	6.523046e-09	2.655937e-09	3.080429e+01	3.214782e+02
4.530000e-06	6.517163e-09	2.653766e-09	3.077651e+01	3.211743e+02
4.540000e-06	6.510659e-09	2.761553e-09	3.074580e+01	3.208536e+02
4.550000e-06	6.503696e-09	2.775473e-09	3.071292e+01	3.205162e+02
4.560000e-06	6.496423e-09	2.699859e-09	3.067858e+01	3.201621e+02
4.570000e-06	6.488889e-09	2.687121e-09	3.064299e+01	3.197913e+02
4.580000e-06	6.481133e-09	2.743844e-09	3.060637e+01	3.194039e+02
4.590000e-06	6.473155e-09	2.700166e-09	3.056869e+01	3.189999e+02
4.600000e-06	6.464854e-09	2.603457e-09	3.052949e+01	3.185792e+02
4.610000e-06	6.456173e-09	2.662569e-09	3.048850e+01	3.181420e+02
4.620000e-06	6.447137e-09	2.787900e-09	3.044582e+01	3.176882e+02
4.630000e-06	6.437800e-09	2.761016e-09	3.040173e+01	3.172178e+02
4.640000e-06	6.428184e-09	2.640290e-09	3.035632e+01	3.167309e+02
4.650000e-06	6.418281e-09	2.641537e-09	3.030956e+01	3.162275e+02
4.660000e-06	6.408084e-09	2.700729e-09	3.026140e+01	3.157077e+02
4.670000e-06	6.397536e-09	2.668749e-09	3.021159e+01	3.151714e+02
4.680000e-06	6.386596e-09	2.634458e-09	3.015993e+01	3.146187e+02
4.690000e-06	6.375311e-09	2.681221e-09	3.010664e+01	3.140496e+02
4.700000e-06	6.363739e-09	2.696871e-09	3.005199e+01	3.134642e+02
4.710000e-06	6.351827e-09	2.639105e-09	2.999574e+01	3.128624e+02
4.720000e-06	6.339510e-09	2.636901e-09	2.993757e+01	3.122444e+02
4.730000e-06	6.326747e-09	2.663187e-09	2.987730e+01	3.116101e+02
4.740000e-06	6.313459e-09	2.616563e-09	2.981455e+01	3.109595e+02
4.750000e-06	6.299558e-09	2.581730e-09	2.974890e+01	3.102928e+02
4.760000e-06	6.285075e-09	2.644631e-09	2.968051e+01	3.096099e+02
4.770000e-06	6.270162e-09	2.674407e-09	2.961009e+01	3.089109e+02
4.780000e-06	6.254941e-09	2.610131e-09	2.953821e+01	3.081958e+02
4.790000e-06	6.239502e-09	2.582930e-09	2.946530e+01	3.074646e+02
4.800000e-06	6.223882e-09	2.599476e-09	2.939153e+01	3.067175e+02
4.810000e-06	6.208032e-09	2.583163e-09	2.931668e+01	3.059543e+02
4.820000e-06	6.191877e-09	2.570898e-09	2.924040e+01	3.051753e+02
4.830000e-06	6.175405e-09	2.600325e-09	2.916261e+01	3.043803e+02
4.840000e-06	6.158610e-09	2.592403e-09	2.908329e+01	3.035695e+02
4.850000e-06	6.141497e-09	2.557984e-09	2.900248e+01	3.027429e+02
4.860000e-06	6.124104e-09	2.568578e-09	2.892034e+01	3.019005e+02
4.870000e-06	6.106435e-09	2.571442e-09	2.883690e+01	3.010424e+02
4.880000e-06	6.088469e-09	2.539941e-09	2.875206e+01	3.001686e+02
4.890000e-06	6.070146e-09	2.530257e-09	2.866553e+01	2.992792e+02
4.900000e-06	6.051471e-09	2.542273e-09	2.857734e+01	2.983742e+02
4.910000e-06	6.032506e-09	2.532812e-09	2.848779e+01	2.974537e+02
4.920000e-06	6.013294e-09	2.525550e-09	2.839706e+01	2.965177e+02
4.930000e-06	5.993907e-09	2.521856e-09	2.830551e+01	2.955662e+02
4.940000e-06	5.974360e-09	2.494234e-09	2.821320e+01	2.945994e+02
4.950000e-06	5.954636e-09	2.478039e-09	2.812005e+01	2.936172e+02
4.960000e-06	5.934690e-09	2.482236e-09	2.802586e+01	2.926197e+02
4.970000e-06	5.914429e-09	2.477040e-09	2.793018e+01	2.916070e+02
4.980000e-06	5.893774e-09	2.465161e-09	2.783264e+01	2.905791e+02
4.990000e-06	5.872637e-09	2.460077e-09	2.773282e+01	2.895360e+02
5.000000e-06	5.850920e-09	2.445162e-09	2.763027e+01	2.884779e+02
5.010000e-06	5.828627e-09	2.427876e-09	2.752499e+01	2.874048e+02
5.020000e-06	5.805881e-09	2.419123e-09	2.741758e+01	2.863167e+02
5.030000e-06	5.782801e-09	2.403113e-09	2.730858e+01	2.852137e+02
5.040000e-06	5.759468e-09	2.392925e-09	2.719840e+01	2.840958e+02
5.050000e-06	5.735935e-09	2.392857e-09	2.708727e+01	2.829631e+02
5.060000e-06	5.712245e-09	2.385674e-09	2.697539e+01	2.818158e+02
5.070000e-06	5.688360e-09	2.373191e-09	2.686260e+01	2.806537e+02
5.080000e-06	5.664200e-09	2.365063e-09	2.674851e+01	2.794770e+02
5.090000e-06	5.639750e-09	2.353191e-09	2.663305e+01	2.782858e+02
5.100000e-06	5.614997e-09	2.339067e-09	2.651615e+01	2.770801e+02
5.110000e-06	5.589950e-09	2.329294e-09	2.639787e+01	2.758599e+02
5.120000e-06	5.564639e-09	2.316894e-09	2.627834e+01	2.746254e+02
5.130000e-06	5.539074e-09	2.307165e-09	2.615762e+01	2.733766e+02
5.140000e-06	5.513249e-09	2.301745e-09	2.603566e+01	2.721135e+02
5.150000e-06	5.487142e-09	2.293261e-09	2.591237e+01	2.708363e+02
5.160000e-06	5.460722e-09	2.280345e-09	2.578761e+01	2.695450e+02
5.170000e-06	5.433992e-09	2.267947e-09	2.566138e+01	2.682397e+02
5.180000e-06	5.406977e-09	2.254524e-09	2.553380e+01	2.669203e+02
5.190000e-06	5.379716e-09	2.241244e-09	2.540507e+01	2.655871e+02
5.200000e-06	5.352272e-09	2.230739e-09	2.527547e+01	2.642401e+02
5.210000e-06	5.324692e-09	2.218707e-09	2.514522e+01	2.628793e+02
5.220000e-06	5.296985e-09	2.208556e-09	2.501438e+01	2.615048e+02
5.230000e-06	5.269102e-09	2.198622e-09	2.488271e+01	2.601167e+02
5.240000e-06	5.240966e-09	2.185898e-09	2.474984e+01	2.587150e+02
5.250000e-06	5.212496e-09	2.171792e-09	2.461539e+01	2.572999e+02
5.260000e-06	5.183618e-09	2.157787e-09	2.447902e+01	2.558714e+02
5.270000e-06	5.154272e-09	2.145272e-09	2.434044e+01	2.544295e+02
5.280000e-06	5.124438e-09	2.135217e-09	2.419955e+01	2.529744e+02
5.290000e-06	5.094171e-09	2.126323e-09	2.405662e+01	2.515062e+02
5.300000e-06	5.063528e-09	2.113180e-09	2.391191e+01	2.500248e+02
5.310000e-06	5.032546e-09	2.097210e-09	2.376560e+01	2.485304e+02
5.320000e-06	5.001306e-09	2.081130e-09	2.361807e+01	2.470231e+02
5.330000e-06	4.969878e-09	2.068761e-09	2.346966e+01	2.455029e+02
5.340000e-06	4.938287e-09	2.059806e-09	2.332048e+01	2.439700e+02
5.350000e-06	4.906520e-09	2.048079e-09	2.317046e+01	2.424243e+02
5.360000e-06	4.874565e-09	2.034228e-09	2.301955e+01	2.408661e+02
5.370000e-06	4.842398e-09	2.021617e-09	2.286765e+01	2.392952e+02
5.380000e-06	4.809985e-09	2.009057e-09	2.271458e+01	2.377120e+02
5.390000e-06	4.777331e-09	1.992236e-09	2.256038e+01	2.361163e+02
5.400000e-06	4.744415e-09	1.974545e-09	2.240494e+01	2.345083e+02
5.410000e-06	4.711243e-09	1.961031e-09	2.224829e+01	2.328882e+02
5.420000e-06	4.677854e-09	1.951719e-09	2.209061e+01	2.312559e+02
5.430000e-06	4.644261e-09	1.941935e-09	2.193197e+01	2.296116e+02
5.440000e-06	4.610439e-09	1.928411e-09	2.177225e+01	2.279553e+02
5.450000e-06	4.576357e-09	1.911776e-09	2.161131e+01	2.262872e+02
5.460000e-06	4.542013e-09	1.892601e-09	2.144912e+01	2.246072e+02
5.470000e-06	4.507409e-09	1.874162e-09	2.128571e+01	2.229156e+02
5.480000e-06	4.472555e-09	1.856355e-09	2.112111e+01	2.212124e+02
5.490000e-06	4.437486e-09	1.840378e-09	2.095550e+01	2.194977e+02
5.500000e-06	4.402233e-09	1.828555e-09	2.078903e+01	2.177715e+02
5.510000e-06	4.366835e-09	1.820232e-09	2.062186e+01	2.160340e+02
5.520000e-06	4.331327e-09	1.811721e-09	2.045418e+01	2.142853e+02
5.530000e-06	4.295702e-09	1.796362e-09	2.028594e+01	2.125254e+02
5.540000e-06	4.259958e-09	1.774142e-09	2.011715e+01	2.107544e+02
5.550000e-06	4.224062e-09	1.750440e-09	1.994763e+01	2.089724e+02
5.560000e-06	4.187958e-09	1.731788e-09	1.977714e+01	2.071796e+02
5.570000e-06	4.151598e-09	1.716754e-09	1.960543e+01	2.053760e+02
5.580000e-06	4.114918e-09	1.702155e-09	1.943221e+01	2.035617e+02
5.590000e-06	4.077903e-09	1.689205e-09	1.925742e+01	2.017369e+02
5.600000e-06	4.040526e-09	1.679163e-09	1.908091e+01	1.999015e+02
5.610000e-06	4.002769e-09	1.670927e-09	1.890261e+01	1.980557e+02
5.620000e-06	3.964672e-09	1.657420e-09	1.872270e+01	1.961996e+02
5.630000e-06	3.926258e-09	1.635908e-09	1.854129e+01	1.943333e+02
5.640000e-06	3.887543e-09	1.612326e-09	1.835847e+01	1.924568e+02
5.650000e-06	3.848581e-09	1.593945e-09	1.817447e+01	1.905704e+02
5.660000e-06	3.809420e-09	1.580827e-09	1.798954e+01	1.886740e+02
5.670000e-06	3.770087e-09	1.568442e-09	1.780379e+01	1.867678e+02
5.680000e-06	3.730607e-09	1.554905e-09	1.761735e+01	1.848519e+02
5.690000e-06	3.691012e-09	1.542115e-09	1.743037e+01	1.829264e+02
5.700000e-06	3.651319e-09	1.530581e-09	1.724293e+01	1.809913e+02
5.710000e-06	3.611520e-09	1.516260e-09	1.705498e+01	1.790469e+02
5.720000e-06	3.571601e-09	1.496386e-09	1.686647e+01	1.770931e+02
5.730000e-06	3.531541e-09	1.472761e-09	1.667729e+01	1.751301e+02
5.740000e-06	3.491326e-09	1.452263e-09	1.648738e+01	1.731579e+02
5.750000e-06	3.450922e-09	1.437946e-09	1.629657e+01	1.711768e+02
5.760000e-06	3.410307e-09	1.424988e-09	1.610478e+01	1.691868e+02
5.770000e-06	3.369506e-09	1.409001e-09	1.591210e+01	1.671879e+02
5.780000e-06	3.328542e-09	1.390683e-09	1.571865e+01	1.651804e+02
5.790000e-06	3.287413e-09	1.374290e-09	1.552442e+01	1.631642e+02
5.800000e-06	3.246117e-09	1.360974e-09	1.532941e+01	1.611396e+02
5.810000e-06	3.204662e-09	1.347510e-09	1.513364e+01	1.591066e+02
5.820000e-06	3.163069e-09	1.330362e-09	1.493722e+01	1.570653e+02
5.830000e-06	3.121322e-09	1.312745e-09	1.474008e+01	1.550158e+02
5.840000e-06	3.079417e-09	1.296786e-09	1.454219e+01	1.529583e+02
5.850000e-06	3.037362e-09	1.279428e-09	1.434359e+01	1.508928e+02
5.860000e-06	2.995156e-09	1.258955e-09	1.414427e+01	1.488194e+02
5.870000e-06	2.952786e-09	1.235522e-09	1.394419e+01	1.467383e+02
5.880000e-06	2.910238e-09	1.215464e-09	1.374326e+01	1.446496e+02
5.890000e-06	2.867542e-09	1.200672e-09	1.354163e+01	1.425534e+02
5.900000e-06	2.824693e-09	1.188073e-09	1.333928e+01	1.404497e+02
5.910000e-06	2.781683e-09	1.174450e-09	1.313618e+01	1.383387e+02
5.920000e-06	2.738545e-09	1.154921e-09	1.293246e+01	1.362205e+02
5.930000e-06	2.695308e-09	1.131305e-09	1.272828e+01	1.340953e+02
5.940000e-06	2.651976e-09	1.107757e-09	1.252365e+01	1.319631e+02
5.950000e-06	2.608551e-09	1.086147e-09	1.231858e+01	1.298240e+02
5.960000e-06	2.565053e-09	1.065838e-09	1.211317e+01	1.276781e+02
5.970000e-06	2.521494e-09	1.047606e-09	1.190746e+01	1.255256e+02
5.980000e-06	2.477866e-09	1.034863e-09	1.170144e+01	1.233666e+02
5.990000e-06	2.434179e-09	1.025321e-09	1.149513e+01	1.212011e+02
6.000000e-06	2.390422e-09	1.013683e-09	1.128850e+01	1.190294e+02
6.010000e-06	2.346589e-09	9.940733e-10	1.108150e+01	1.168515e+02
6.020000e-06	2.302684e-09	9.677706e-10	1.087416e+01	1.146674e+02
6.030000e-06	2.258706e-09	9.438234e-10	1.066648e+01	1.124775e+02
6.040000e-06	2.214645e-09	9.247992e-10	1.045841e+01	1.102816e+02
6.050000e-06	2.170485e-09	9.095880e-10	1.024987e+01	1.080801e+02
6.060000e-06	2.126230e-09	8.941754e-10	1.004088e+01	1.058729e+02
6.070000e-06	2.081857e-09	8.771189e-10	9.831331e+00	1.036602e+02
6.080000e-06	2.037327e-09	8.596155e-10	9.621046e+00	1.014421e+02
6.090000e-06	1.992630e-09	8.415490e-10	9.409967e+00	9.921878e+01
6.100000e-06	1.947787e-09	8.223471e-10	9.198204e+00	9.699027e+01
6.110000e-06	1.902824e-09	8.012711e-10	8.985873e+00	9.475672e+01
6.120000e-06	1.857737e-09	7.810277e-10	8.772955e+00	9.251824e+01
6.130000e-06	1.812534e-09	7.625403e-10	8.559489e+00	9.027496e+01
6.140000e-06	1.767247e-09	7.440950e-10	8.345627e+00	8.802698e+01
6.150000e-06	1.721889e-09	7.240620e-10	8.131430e+00	8.577442e+01
6.160000e-06	1.676438e-09	7.031231e-10	7.916792e+00	8.351741e+01
6.170000e-06	1.630874e-09	6.835013e-10	7.701620e+00	8.125606e+01
6.180000e-06	1.585211e-09	6.664750e-10	7.485986e+00	7.899049e+01
6.190000e-06	1.539481e-09	6.512774e-10	7.270027e+00	7.672081e+01
6.200000e-06	1.493690e-09	6.344987e-10	7.053789e+00	7.444715e+01
6.210000e-06	1.447845e-09	6.135963e-10	6.837289e+00	7.216961e+01
6.220000e-06	1.401955e-09	5.915603e-10	6.620581e+00	6.988834e+01
6.230000e-06	1.356012e-09	5.729033e-10	6.403621e+00	6.760343e+01
6.240000e-06	1.310012e-09	5.569316e-10	6.186391e+00	6.531501e+01
6.250000e-06	1.263974e-09	5.408615e-10	5.968978e+00	6.302319e+01
6.260000e-06	1.217891e-09	5.238364e-10	5.751360e+00	6.072811e+01
6.270000e-06	1.171772e-09	5.050468e-10	5.533568e+00	5.842987e+01
6.280000e-06	1.125633e-09	4.858924e-10	5.315681e+00	5.612861e+01
6.290000e-06	1.079465e-09	4.678809e-10	5.097659e+00	5.382442e+01
6.300000e-06	1.033260e-09	4.503410e-10	4.879463e+00	5.151745e+01
6.310000e-06	9.870066e-10	4.310858e-10	4.661035e+00	4.920780e+01
6.320000e-06	9.407172e-10	4.091776e-10	4.442439e+00	4.689561e+01
6.330000e-06	8.943951e-10	3.867404e-10	4.223689e+00	4.458098e+01
6.340000e-06	8.480378e-10	3.659883e-10	4.004772e+00	4.226404e+01
6.350000e-06	8.016493e-10	3.472606e-10	3.785708e+00	3.994490e+01
6.360000e-06	7.552375e-10	3.297374e-10	3.566533e+00	3.762370e+01
6.370000e-06	7.088225e-10	3.135198e-10	3.347344e+00	3.530056e+01
6.380000e-06	6.623501e-10	2.971518e-10	3.127884e+00	3.297558e+01
6.390000e-06	6.158498e-10	2.785610e-10	2.908292e+00	3.064890e+01
6.400000e-06	5.693602e-10	2.566804e-10	2.688751e+00	2.832063e+01
6.410000e-06	5.228469e-10	2.330195e-10	2.469097e+00	2.599090e+01
6.420000e-06	4.763282e-10	2.119716e-10	2.249418e+00	2.365983e+01
6.430000e-06	4.297916e-10	1.968497e-10	2.029654e+00	2.132754e+01
6.440000e-06	3.832233e-10	1.850837e-10	1.809741e+00	1.899415e+01
6.450000e-06	3.366614e-10	1.688956e-10	1.589858e+00	1.665978e+01
6.460000e-06	2.900982e-10	1.466431e-10	1.369969e+00	1.432455e+01
6.470000e-06	2.435186e-10	1.222426e-10	1.150003e+00	1.198859e+01
6.480000e-06	1.969215e-10	1.000349e-10	9.299541e-01	9.652023e+00
6.490000e-06	1.502823e-10	8.200084e-11	7.097060e-01	7.314962e+00
6.500000e-06	1.036544e-10	6.568360e-11	4.895114e-01	4.977531e+00
6.510000e-06	5.703503e-11	4.782831e-11	2.693570e-01	2.639854e+00
6.520000e-06	1.038665e-11	2.732607e-11	4.906582e-02	3.020518e-01
6.530000e-06	-3.625755e-11	7.364524e-12	-1.712058e-01	-2.035754e+00
6.540000e-06	-8.289141e-11	-1.105446e-11	-3.914285e-01	-4.373441e+00
6.550000e-06	-1.295123e-10	-2.986382e-11	-6.115897e-01	-6.710888e+00
6.560000e-06	-1.760892e-10	-4.976473e-11	-8.315435e-01	-9.047972e+00
6.570000e-06	-2.226365e-10	-6.992907e-11	-1.051357e+00	-1.138457e+01
6.580000e-06	-2.691856e-10	-8.889345e-11	-1.271180e+00	-1.372057e+01
6.590000e-06	-3.157243e-10	-1.076098e-10	-1.490953e+00	-1.605583e+01
6.600000e-06	-3.622355e-10	-1.272827e-10	-1.710597e+00	-1.839025e+01
6.610000e-06	-4.087229e-10	-1.483654e-10	-1.930128e+00	-2.072370e+01
6.620000e-06	-4.551964e-10	-1.702435e-10	-2.149594e+00	-2.305605e+01
6.630000e-06	-5.016570e-10	-1.913353e-10	-2.368998e+00	-2.538719e+01
6.640000e-06	-5.481052e-10	-2.112343e-10	-2.588344e+00	-2.771700e+01
6.650000e-06	-5.945294e-10	-2.304439e-10	-2.807577e+00	-3.004535e+01
6.660000e-06	-6.409073e-10	-2.503126e-10	-3.026591e+00	-3.237212e+01
6.670000e-06	-6.872582e-10	-2.703457e-10	-3.245478e+00	-3.469719e+01
6.680000e-06	-7.335937e-10	-2.883804e-10	-3.464291e+00	-3.702043e+01
6.690000e-06	-7.798899e-10	-3.040748e-10	-3.682920e+00	-3.934174e+01
6.700000e-06	-8.261500e-10	-3.206972e-10	-3.901378e+00	-4.166099e+01
6.710000e-06	-8.723879e-10	-3.423353e-10	-4.119730e+00	-4.397805e+01
6.720000e-06	-9.185929e-10	-3.668557e-10	-4.337928e+00	-4.629280e+01
6.730000e-06	-9.647585e-10	-3.898824e-10	-4.555940e+00	-4.860514e+01
6.740000e-06	-1.010882e-09	-4.099773e-10	-4.773753e+00	-5.091492e+01
6.750000e-06	-1.056961e-09	-4.272305e-10	-4.991357e+00	-5.322204e+01
6.760000e-06	-1.103020e-09	-4.432854e-10	-5.208865e+00	-5.552638e+01
6.770000e-06	-1.149053e-09	-4.593884e-10	-5.426247e+00	-5.782780e+01
6.780000e-06	-1.195036e-09	-4.765813e-10	-5.643396e+00	-6.012620e+01
6.790000e-06	-1.240971e-09	-4.965305e-10	-5.860321e+00	-6.242146e+01
6.800000e-06	-1.286861e-09	-5.183589e-10	-6.077028e+00	-6.471345e+01
6.810000e-06	-1.332702e-09	-5.399255e-10	-6.293509e+00	-6.700205e+01
6.820000e-06	-1.378503e-09	-5.594997e-10	-6.509799e+00	-6.928715e+01
6.830000e-06	-1.424271e-09	-5.762213e-10	-6.725934e+00	-7.156863e+01
6.840000e-06	-1.469977e-09	-5.927752e-10	-6.941775e+00	-7.384637e+01
6.850000e-06	-1.515609e-09	-6.123045e-10	-7.157264e+00	-7.612024e+01
6.860000e-06	-1.561183e-09	-6.351928e-10	-7.372483e+00	-7.839013e+01
6.870000e-06	-1.606667e-09	-6.578530e-10	-7.587275e+00	-8.065593e+01
6.880000e-06	-1.652079e-09	-6.776094e-10	-7.801726e+00	-8.291751e+01
6.890000e-06	-1.697425e-09	-6.957370e-10	-8.015868e+00	-8.517476e+01
6.900000e-06	-1.742657e-09	-7.144475e-10	-8.229474e+00	-8.742755e+01
6.910000e-06	-1.787806e-09	-7.349661e-10	-8.442682e+00	-8.967578e+01
6.920000e-06	-1.832869e-09	-7.553160e-10	-8.655486e+00	-9.191932e+01
6.930000e-06	-1.877812e-09	-7.741455e-10	-8.867724e+00	-9.415806e+01
6.940000e-06	-1.922621e-09	-7.929599e-10	-9.079331e+00	-9.639187e+01
6.950000e-06	-1.967278e-09	-8.132090e-10	-9.290216e+00	-9.862066e+01
6.960000e-06	-2.011787e-09	-8.335102e-10	-9.500403e+00	-1.008443e+02
6.970000e-06	-2.056172e-09	-8.513444e-10	-9.710009e+00	-1.030626e+02
6.980000e-06	-2.100445e-09	-8.681244e-10	-9.919081e+00	-1.052756e+02
6.990000e-06	-2.144579e-09	-8.872238e-10	-1.012750e+01	-1.074831e+02
7.000000e-06	-2.188587e-09	-9.087668e-10	-1.033532e+01	-1.096850e+02
7.010000e-06	-2.232516e-09	-9.289559e-10	-1.054277e+01	-1.118811e+02
7.020000e-06	-2.276371e-09	-9.458320e-10	-1.074987e+01	-1.140714e+02
7.030000e-06	-2.320161e-09	-9.620881e-10	-1.095666e+01	-1.162557e+02
7.040000e-06	-2.363884e-09	-9.804794e-10	-1.116314e+01	-1.184340e+02
7.050000e-06	-2.407542e-09	-1.002125e-09	-1.136931e+01	-1.206061e+02
7.060000e-06	-2.451156e-09	-1.024160e-09	-1.157527e+01	-1.227719e+02
7.070000e-06	-2.494723e-09	-1.044713e-09	-1.178101e+01	-1.249312e+02
7.080000e-06	-2.538231e-09	-1.063885e-09	-1.198647e+01	-1.270841e+02
7.090000e-06	-2.581667e-09	-1.081875e-09	-1.219160e+01	-1.292303e+02
7.100000e-06	-2.625023e-09	-1.098970e-09	-1.239634e+01	-1.313698e+02
7.110000e-06	-2.668293e-09	-1.114957e-09	-1.260068e+01	-1.335024e+02
7.120000e-06	-2.711455e-09	-1.132827e-09	-1.280450e+01	-1.356280e+02
7.130000e-06	-2.754468e-09	-1.153827e-09	-1.300763e+01	-1.377466e+02
7.140000e-06	-2.797322e-09	-1.176217e-09	-1.321000e+01	-1.398579e+02
7.150000e-06	-2.840018e-09	-1.196544e-09	-1.341163e+01	-1.419620e+02
7.160000e-06	-2.882530e-09	-1.213697e-09	-1.361238e+01	-1.440586e+02
7.170000e-06	-2.924866e-09	-1.231353e-09	-1.381231e+01	-1.461478e+02
7.180000e-06	-2.967065e-09	-1.250613e-09	-1.401159e+01	-1.482293e+02
7.190000e-06	-3.009112e-09	-1.270958e-09	-1.421015e+01	-1.503030e+02
7.200000e-06	-3.051003e-09	-1.292155e-09	-1.440798e+01	-1.523689e+02
7.210000e-06	-3.092761e-09	-1.313553e-09	-1.460518e+01	-1.544269e+02
7.220000e-06	-3.134406e-09	-1.335238e-09	-1.480184e+01	-1.564768e+02
7.230000e-06	-3.175916e-09	-1.355314e-09	-1.499787e+01	-1.585186e+02
7.240000e-06	-3.217264e-09	-1.372904e-09	-1.519313e+01	-1.605520e+02
7.250000e-06	-3.258471e-09	-1.389380e-09	-1.538772e+01	-1.625771e+02
7.260000e-06	-3.299512e-09	-1.407692e-09	-1.558153e+01	-1.645937e+02
7.270000e-06	-3.340343e-09	-1.427419e-09	-1.577435e+01	-1.666017e+02
7.280000e-06	-3.380952e-09	-1.445264e-09	-1.596612e+01	-1.686010e+02
7.290000e-06	-3.421359e-09	-1.461698e-09	-1.615694e+01	-1.705915e+02
7.300000e-06	-3.461594e-09	-1.478539e-09	-1.634695e+01	-1.725732e+02
7.310000e-06	-3.501659e-09	-1.497090e-09	-1.653614e+01	-1.745458e+02
7.320000e-06	-3.541552e-09	-1.516816e-09	-1.672454e+01	-1.765093e+02
7.330000e-06	-3.581310e-09	-1.535023e-09	-1.691229e+01	-1.784635e+02
7.340000e-06	-3.620983e-09	-1.550326e-09	-1.709964e+01	-1.804085e+02
7.350000e-06	-3.660584e-09	-1.565210e-09	-1.728665e+01	-1.823441e+02
7.360000e-06	-3.700097e-09	-1.583676e-09	-1.747325e+01	-1.842701e+02
7.370000e-06	-3.739510e-09	-1.603956e-09	-1.765937e+01	-1.861865e+02
7.380000e-06	-3.778801e-09	-1.620799e-09	-1.784492e+01	-1.880933e+02
7.390000e-06	-3.817931e-09	-1.633768e-09	-1.802971e+01	-1.899901e+02
7.400000e-06	-3.856842e-09	-1.647804e-09	-1.821346e+01	-1.918771e+02
7.410000e-06	-3.895498e-09	-1.665197e-09	-1.839600e+01	-1.937541e+02
7.420000e-06	-3.933858e-09	-1.683256e-09	-1.857715e+01	-1.956210e+02
7.430000e-06	-3.971843e-09	-1.699682e-09	-1.875653e+01	-1.974776e+02
7.440000e-06	-4.009480e-09	-1.715401e-09	-1.893427e+01	-1.993240e+02
7.450000e-06	-4.046778e-09	-1.732453e-09	-1.911041e+01	-2.011599e+02
7.460000e-06	-4.083713e-09	-1.749127e-09	-1.928483e+01	-2.029854e+02
7.470000e-06	-4.120301e-09	-1.764014e-09	-1.945761e+01	-2.048002e+02
7.480000e-06	-4.156559e-09	-1.777394e-09	-1.962884e+01	-2.066044e+02
7.490000e-06	-4.192564e-09	-1.790795e-09	-1.979886e+01	-2.083978e+02
7.500000e-06	-4.228399e-09	-1.807814e-09	-1.996809e+01	-2.101803e+02
7.510000e-06	-4.264108e-09	-1.828355e-09	-2.013672e+01	-2.119519e+02
7.520000e-06	-4.299721e-09	-1.846735e-09	-2.030490e+01	-2.137124e+02
7.530000e-06	-4.335230e-09	-1.859351e-09	-2.047259e+01	-2.154617e+02
7.540000e-06	-4.370603e-09	-1.869684e-09	-2.063963e+01	-2.171998e+02
7.550000e-06	-4.405809e-09	-1.883369e-09	-2.080589e+01	-2.189266e+02
7.560000e-06	-4.440808e-09	-1.900197e-09	-2.097117e+01	-2.206419e+02
7.570000e-06	-4.475583e-09	-1.917105e-09	-2.113539e+01	-2.223458e+02
7.580000e-06	-4.510101e-09	-1.932788e-09	-2.129839e+01	-2.240380e+02
7.590000e-06	-4.544367e-09	-1.948397e-09	-2.146021e+01	-2.257186e+02
7.600000e-06	-4.578404e-09	-1.964936e-09	-2.162095e+01	-2.273873e+02
7.610000e-06	-4.612211e-09	-1.979823e-09	-2.178060e+01	-2.290443e+02
7.620000e-06	-4.645796e-09	-1.990910e-09	-2.193920e+01	-2.306892e+02
7.630000e-06	-4.679170e-09	-1.999623e-09	-2.209680e+01	-2.323221e+02
7.640000e-06	-4.712315e-09	-2.010925e-09	-2.225332e+01	-2.339430e+02
7.650000e-06	-4.745172e-09	-2.027851e-09	-2.240849e+01	-2.355516e+02
7.660000e-06	-4.777731e-09	-2.045960e-09	-2.256225e+01	-2.371479e+02
7.670000e-06	-4.810043e-09	-2.059625e-09	-2.271484e+01	-2.387318e+02
7.680000e-06	-4.842118e-09	-2.068061e-09	-2.286631e+01	-2.403033e+02
7.690000e-06	-4.873993e-09	-2.075122e-09	-2.301683e+01	-2.418623e+02
7.700000e-06	-4.905713e-09	-2.085604e-09	-2.316663e+01	-2.434086e+02
7.710000e-06	-4.937292e-09	-2.100007e-09	-2.331575e+01	-2.449422e+02
7.720000e-06	-4.968726e-09	-2.114883e-09	-2.346420e+01	-2.464631e+02
7.730000e-06	-4.999938e-09	-2.127120e-09	-2.361159e+01	-2.479711e+02
7.740000e-06	-5.030860e-09	-2.137524e-09	-2.375761e+01	-2.494662e+02
7.750000e-06	-5.061473e-09	-2.147549e-09	-2.390218e+01	-2.509482e+02
7.760000e-06	-5.091712e-09	-2.155998e-09	-2.404498e+01	-2.524172e+02
7.770000e-06	-5.121525e-09	-2.163651e-09	-2.418577e+01	-2.538730e+02
7.780000e-06	-5.150909e-09	-2.174349e-09	-2.432453e+01	-2.553155e+02
7.790000e-06	-5.179842e-09	-2.190150e-09	-2.446117e+01	-2.567448e+02
7.800000e-06	-5.208344e-09	-2.208230e-09	-2.459577e+01	-2.581606e+02
7.810000e-06	-5.236494e-09	-2.220765e-09	-2.472870e+01	-2.595630e+02
7.820000e-06	-5.264385e-09	-2.225268e-09	-2.486041e+01	-2.609518e+02
7.830000e-06	-5.292101e-09	-2.230198e-09	-2.499129e+01	-2.623270e+02
7.840000e-06	-5.319687e-09	-2.242732e-09	-2.512157e+01	-2.636886e+02
7.850000e-06	-5.347136e-09	-2.259836e-09	-2.525119e+01	-2.650364e+02
7.860000e-06	-5.374400e-09	-2.274376e-09	-2.537994e+01	-2.663703e+02
7.870000e-06	-5.401419e-09	-2.284555e-09	-2.550754e+01	-2.676904e+02
7.880000e-06	-5.428153e-09	-2.294104e-09	-2.563378e+01	-2.689965e+02
7.890000e-06	-5.454575e-09	-2.304718e-09	-2.575856e+01	-2.702886e+02
7.900000e-06	-5.480695e-09	-2.314014e-09	-2.588191e+01	-2.715665e+02
7.910000e-06	-5.506555e-09	-2.320938e-09	-2.600403e+01	-2.728304e+02
7.920000e-06	-5.532146e-09	-2.327534e-09	-2.612488e+01	-2.740799e+02
7.930000e-06	-5.557435e-09	-2.337846e-09	-2.624431e+01	-2.753152e+02
7.940000e-06	-5.582426e-09	-2.351925e-09	-2.636232e+01	-2.765361e+02
7.950000e-06	-5.607120e-09	-2.364643e-09	-2.647894e+01	-2.777426e+02
7.960000e-06	-5.631501e-09	-2.372271e-09	-2.659407e+01	-2.789346e+02
7.970000e-06	-5.655585e-09	-2.376499e-09	-2.670781e+01	-2.801121e+02
7.980000e-06	-5.679450e-09	-2.383387e-09	-2.682050e+01	-2.812749e+02
7.990000e-06	-5.703156e-09	-2.395405e-09	-2.693246e+01	-2.824231e+02
8.000000e-06	-5.726713e-09	-2.407651e-09	-2.704370e+01	-2.835566e+02
8.010000e-06	-5.750082e-09	-2.414625e-09	-2.715406e+01	-2.846752e+02
8.020000e-06	-5.773212e-09	-2.418917e-09	-2.726328e+01	-2.857790e+02
8.030000e-06	-5.796020e-09	-2.426292e-09	-2.737099e+01	-2.868679e+02
8.040000e-06	-5.818419e-09	-2.436786e-09	-2.747677e+01	-2.879419e+02
8.050000e-06	-5.840338e-09	-2.445486e-09	-2.758028e+01	-2.890008e+02
8.060000e-06	-5.861762e-09	-2.451146e-09	-2.768145e+01	-2.900446e+02
8.070000e-06	-5.882728e-09	-2.458854e-09	-2.778046e+01	-2.910733e+02
8.080000e-06	-5.903247e-09	-2.471265e-09	-2.787736e+01	-2.920869e+02
8.090000e-06	-5.923377e-09	-2.484583e-09	-2.797242e+01	-2.930852e+02
8.100000e-06	-5.943243e-09	-2.492422e-09	-2.806624e+01	-2.940682e+02
8.110000e-06	-5.962923e-09	-2.494367e-09	-2.815917e+01	-2.950359e+02
8.120000e-06	-5.982446e-09	-2.497050e-09	-2.825137e+01	-2.959881e+02
8.130000e-06	-6.001789e-09	-2.505547e-09	-2.834271e+01	-2.969250e+02
8.140000e-06	-6.020883e-09	-2.518022e-09	-2.843288e+01	-2.978464e+02
8.150000e-06	-6.039654e-09	-2.528385e-09	-2.852153e+01	-2.987522e+02
8.160000e-06	-6.058075e-09	-2.533447e-09	-2.860852e+01	-2.996424e+02
8.170000e-06	-6.076188e-09	-2.535172e-09	-2.869406e+01	-3.005170e+02
8.180000e-06	-6.094033e-09	-2.536922e-09	-2.877832e+01	-3.013760e+02
8.190000e-06	-6.111603e-09	-2.541170e-09	-2.886130e+01	-3.022192e+02
8.200000e-06	-6.128897e-09	-2.548184e-09	-2.894297e+01	-3.030467e+02
8.210000e-06	-6.145894e-09	-2.555393e-09	-2.902323e+01	-3.038583e+02
8.220000e-06	-6.162547e-09	-2.561976e-09	-2.910188e+01	-3.046541e+02
8.230000e-06	-6.178871e-09	-2.567679e-09	-2.917896e+01	-3.054340e+02
8.240000e-06	-6.194929e-09	-2.570749e-09	-2.925479e+01	-3.061980e+02
8.250000e-06	-6.210752e-09	-2.569743e-09	-2.932952e+01	-3.069460e+02
8.260000e-06	-6.226367e-09	-2.566225e-09	-2.940326e+01	-3.076781e+02
8.270000e-06	-6.241767e-09	-2.567166e-09	-2.947598e+01	-3.083940e+02
8.280000e-06	-6.256869e-09	-2.574922e-09	-2.954730e+01	-3.090939e+02
8.290000e-06	-6.271550e-09	-2.586135e-09	-2.961663e+01	-3.097776e+02
8.300000e-06	-6.285667e-09	-2.594673e-09	-2.968330e+01	-3.104452e+02
8.310000e-06	-6.299191e-09	-2.597026e-09	-2.974716e+01	-3.110966e+02
8.320000e-06	-6.312209e-09	-2.597556e-09	-2.980864e+01	-3.117318e+02
8.330000e-06	-6.324767e-09	-2.598805e-09	-2.986794e+01	-3.123508e+02
8.340000e-06	-6.336935e-09	-2.600605e-09	-2.992540e+01	-3.129534e+02
8.350000e-06	-6.348800e-09	-2.602909e-09	-2.998143e+01	-3.135397e+02
8.360000e-06	-6.360379e-09	-2.607173e-09	-3.003612e+01	-3.141096e+02
8.370000e-06	-6.371657e-09	-2.614845e-09	-3.008938e+01	-3.146632e+02
8.380000e-06	-6.382582e-09	-2.624108e-09	-3.014097e+01	-3.152004e+02
8.390000e-06	-6.393140e-09	-2.632086e-09	-3.019082e+01	-3.157211e+02
8.400000e-06	-6.403360e-09	-2.636675e-09	-3.023909e+01	-3.162254e+02
8.410000e-06	-6.413292e-09	-2.637826e-09	-3.028599e+01	-3.167131e+02
8.420000e-06	-6.422958e-09	-2.637590e-09	-3.033164e+01	-3.171844e+02
8.430000e-06	-6.432321e-09	-2.638205e-09	-3.037585e+01	-3.176391e+02
8.440000e-06	-6.441346e-09	-2.640729e-09	-3.041847e+01	-3.180772e+02
8.450000e-06	-6.450020e-09	-2.646004e-09	-3.045944e+01	-3.184988e+02
8.460000e-06	-6.458344e-09	-2.653328e-09	-3.049874e+01	-3.189037e+02
8.470000e-06	-6.466356e-09	-2.660434e-09	-3.053658e+01	-3.192920e+02
8.480000e-06	-6.474139e-09	-2.665464e-09	-3.057333e+01	-3.196637e+02
8.490000e-06	-6.481740e-09	-2.668258e-09	-3.060923e+01	-3.200186e+02
8.500000e-06	-6.489157e-09	-2.670116e-09	-3.064425e+01	-3.203569e+02
8.510000e-06	-6.496292e-09	-2.671750e-09	-3.067795e+01	-3.206785e+02
8.520000e-06	-6.503060e-09	-2.672820e-09	-3.070991e+01	-3.209834e+02
8.530000e-06	-6.509381e-09	-2.673641e-09	-3.073976e+01	-3.212715e+02
8.540000e-06	-6.515167e-09	-2.675847e-09	-3.076708e+01	-3.215428e+02
8.550000e-06	-6.520414e-09	-2.679375e-09	-3.079186e+01	-3.217974e+02
8.560000e-06	-6.525177e-09	-2.683768e-09	-3.081435e+01	-3.220352e+02
8.570000e-06	-6.529517e-09	-2.688274e-09	-3.083485e+01	-3.222563e+02
8.580000e-06	-6.533509e-09	-2.690294e-09	-3.085370e+01	-3.224605e+02
8.590000e-06	-6.537258e-09	-2.689908e-09	-3.087141e+01	-3.226478e+02
8.600000e-06	-6.540814e-09	-2.689683e-09	-3.088820e+01	-3.228184e+02
8.610000e-06	-6.544160e-09	-2.691008e-09	-3.090400e+01	-3.229721e+02
8.620000e-06	-6.547237e-09	-2.692320e-09	-3.091853e+01	-3.231090e+02
8.630000e-06	-6.549965e-09	-2.692719e-09	-3.093141e+01	-3.232290e+02
8.640000e-06	-6.552323e-09	-2.692964e-09	-3.094255e+01	-3.233322e+02
8.650000e-06	-6.554359e-09	-2.693486e-09	-3.095216e+01	-3.234185e+02
8.660000e-06	-6.556129e-09	-2.694404e-09	-3.096052e+01	-3.234879e+02
8.670000e-06	-6.557666e-09	-2.693698e-09	-3.096778e+01	-3.235405e+02
8.680000e-06	-6.558889e-09	-2.691931e-09	-3.097356e+01	-3.235762e+02
8.690000e-06	-6.559650e-09	-2.690310e-09	-3.097715e+01	-3.235950e+02
8.700000e-06	-6.560037e-09	-2.689103e-09	-3.097898e+01	-3.235970e+02
