# Temperatura_=_20.0
# Concentracion g/m^3_=_10000.0
# C_Vs_to_Am_M_A/Vsm_=_116720831517.84952
# pendiente_HvsI_1/m_=_3716.3
# ordenada_HvsI_A/m_=_1297.0
# frecuencia_Hz_=_114958.4147083869
# Promedio de 26 ciclos

Tiempo_(s)	Campo_(V.s)	Magnetizacion_(V.s)	Campo_(kA/m)	Magnetizacion_(A/m)
0.000000e+00	-7.389852e-09	-3.226102e-09	-3.472953e+01	-3.795767e+02
1.000000e-08	-7.389917e-09	-3.229147e-09	-3.472984e+01	-3.795617e+02
2.000000e-08	-7.389733e-09	-3.229283e-09	-3.472897e+01	-3.795268e+02
3.000000e-08	-7.389320e-09	-3.225849e-09	-3.472703e+01	-3.794721e+02
4.000000e-08	-7.388653e-09	-3.220534e-09	-3.472390e+01	-3.793976e+02
5.000000e-08	-7.387648e-09	-3.216323e-09	-3.471917e+01	-3.793033e+02
6.000000e-08	-7.386192e-09	-3.213370e-09	-3.471233e+01	-3.791892e+02
7.000000e-08	-7.384184e-09	-3.225920e-09	-3.470289e+01	-3.790553e+02
8.000000e-08	-7.381542e-09	-3.262997e-09	-3.469048e+01	-3.789017e+02
9.000000e-08	-7.378251e-09	-3.253010e-09	-3.467501e+01	-3.787282e+02
1.000000e-07	-7.374412e-09	-3.155165e-09	-3.465697e+01	-3.785350e+02
1.100000e-07	-7.370203e-09	-3.126072e-09	-3.463719e+01	-3.783221e+02
1.200000e-07	-7.365767e-09	-3.244272e-09	-3.461634e+01	-3.780894e+02
1.300000e-07	-7.361121e-09	-3.293312e-09	-3.459451e+01	-3.778369e+02
1.400000e-07	-7.356153e-09	-3.188110e-09	-3.457116e+01	-3.775648e+02
1.500000e-07	-7.350783e-09	-3.125944e-09	-3.454592e+01	-3.772729e+02
1.600000e-07	-7.345024e-09	-3.252743e-09	-3.451885e+01	-3.769614e+02
1.700000e-07	-7.338887e-09	-3.289249e-09	-3.449001e+01	-3.766301e+02
1.800000e-07	-7.332402e-09	-3.120680e-09	-3.445954e+01	-3.762793e+02
1.900000e-07	-7.325568e-09	-3.088145e-09	-3.442742e+01	-3.759087e+02
2.000000e-07	-7.318362e-09	-3.220116e-09	-3.439355e+01	-3.755186e+02
2.100000e-07	-7.310833e-09	-3.237196e-09	-3.435817e+01	-3.751089e+02
2.200000e-07	-7.303005e-09	-3.110843e-09	-3.432138e+01	-3.746796e+02
2.300000e-07	-7.294871e-09	-3.156362e-09	-3.428315e+01	-3.742307e+02
2.400000e-07	-7.286452e-09	-3.258614e-09	-3.424359e+01	-3.737623e+02
2.500000e-07	-7.277699e-09	-3.152541e-09	-3.420245e+01	-3.732744e+02
2.600000e-07	-7.268472e-09	-3.050536e-09	-3.415909e+01	-3.727670e+02
2.700000e-07	-7.258688e-09	-3.148209e-09	-3.411311e+01	-3.722402e+02
2.800000e-07	-7.248349e-09	-3.224140e-09	-3.406452e+01	-3.716939e+02
2.900000e-07	-7.237479e-09	-3.121141e-09	-3.401343e+01	-3.711283e+02
3.000000e-07	-7.226104e-09	-3.102621e-09	-3.395997e+01	-3.705432e+02
3.100000e-07	-7.214250e-09	-3.162274e-09	-3.390426e+01	-3.699389e+02
3.200000e-07	-7.202006e-09	-3.118084e-09	-3.384672e+01	-3.693152e+02
3.300000e-07	-7.189419e-09	-3.072790e-09	-3.378757e+01	-3.686723e+02
3.400000e-07	-7.176473e-09	-3.131126e-09	-3.372673e+01	-3.680101e+02
3.500000e-07	-7.163120e-09	-3.125352e-09	-3.366397e+01	-3.673287e+02
3.600000e-07	-7.149335e-09	-3.046178e-09	-3.359919e+01	-3.666281e+02
3.700000e-07	-7.135145e-09	-3.097696e-09	-3.353250e+01	-3.659084e+02
3.800000e-07	-7.120560e-09	-3.146534e-09	-3.346396e+01	-3.651696e+02
3.900000e-07	-7.105431e-09	-3.058754e-09	-3.339286e+01	-3.644118e+02
4.000000e-07	-7.089690e-09	-3.002197e-09	-3.331888e+01	-3.636349e+02
4.100000e-07	-7.073410e-09	-3.063933e-09	-3.324237e+01	-3.628390e+02
4.200000e-07	-7.056621e-09	-3.078876e-09	-3.316347e+01	-3.620242e+02
4.300000e-07	-7.039432e-09	-3.044137e-09	-3.308268e+01	-3.611906e+02
4.400000e-07	-7.021927e-09	-3.051580e-09	-3.300041e+01	-3.603380e+02
4.500000e-07	-7.004135e-09	-3.033312e-09	-3.291680e+01	-3.594667e+02
4.600000e-07	-6.986079e-09	-3.007956e-09	-3.283194e+01	-3.585766e+02
4.700000e-07	-6.967745e-09	-3.025080e-09	-3.274578e+01	-3.576678e+02
4.800000e-07	-6.949094e-09	-3.027258e-09	-3.265813e+01	-3.567403e+02
4.900000e-07	-6.930065e-09	-2.985290e-09	-3.256870e+01	-3.557942e+02
5.000000e-07	-6.910645e-09	-2.983739e-09	-3.247743e+01	-3.548295e+02
5.100000e-07	-6.890888e-09	-3.008358e-09	-3.238458e+01	-3.538464e+02
5.200000e-07	-6.870869e-09	-2.994485e-09	-3.229050e+01	-3.528447e+02
5.300000e-07	-6.850636e-09	-2.977494e-09	-3.219541e+01	-3.518246e+02
5.400000e-07	-6.830173e-09	-2.958626e-09	-3.209925e+01	-3.507862e+02
5.500000e-07	-6.809420e-09	-2.942250e-09	-3.200171e+01	-3.497295e+02
5.600000e-07	-6.788333e-09	-2.947083e-09	-3.190261e+01	-3.486545e+02
5.700000e-07	-6.766902e-09	-2.953701e-09	-3.180189e+01	-3.475613e+02
5.800000e-07	-6.745126e-09	-2.928295e-09	-3.169955e+01	-3.464500e+02
5.900000e-07	-6.723015e-09	-2.905650e-09	-3.159564e+01	-3.453206e+02
6.000000e-07	-6.700598e-09	-2.908393e-09	-3.149029e+01	-3.441731e+02
6.100000e-07	-6.677868e-09	-2.902038e-09	-3.138347e+01	-3.430078e+02
6.200000e-07	-6.654771e-09	-2.895475e-09	-3.127492e+01	-3.418245e+02
6.300000e-07	-6.631310e-09	-2.882470e-09	-3.116466e+01	-3.406233e+02
6.400000e-07	-6.607527e-09	-2.861501e-09	-3.105289e+01	-3.394044e+02
6.500000e-07	-6.583473e-09	-2.849992e-09	-3.093984e+01	-3.381678e+02
6.600000e-07	-6.559181e-09	-2.851793e-09	-3.082568e+01	-3.369135e+02
6.700000e-07	-6.534621e-09	-2.841572e-09	-3.071026e+01	-3.356417e+02
6.800000e-07	-6.509751e-09	-2.815776e-09	-3.059338e+01	-3.343523e+02
6.900000e-07	-6.484505e-09	-2.799754e-09	-3.047473e+01	-3.330455e+02
7.000000e-07	-6.458761e-09	-2.791256e-09	-3.035375e+01	-3.317213e+02
7.100000e-07	-6.432471e-09	-2.789604e-09	-3.023019e+01	-3.303798e+02
7.200000e-07	-6.405654e-09	-2.779188e-09	-3.010416e+01	-3.290210e+02
7.300000e-07	-6.378373e-09	-2.757630e-09	-2.997595e+01	-3.276451e+02
7.400000e-07	-6.350713e-09	-2.740892e-09	-2.984596e+01	-3.262521e+02
7.500000e-07	-6.322756e-09	-2.736604e-09	-2.971457e+01	-3.248420e+02
7.600000e-07	-6.294571e-09	-2.729714e-09	-2.958211e+01	-3.234150e+02
7.700000e-07	-6.266167e-09	-2.706967e-09	-2.944863e+01	-3.219711e+02
7.800000e-07	-6.237545e-09	-2.682061e-09	-2.931411e+01	-3.205104e+02
7.900000e-07	-6.208651e-09	-2.664844e-09	-2.917832e+01	-3.190330e+02
8.000000e-07	-6.179423e-09	-2.662661e-09	-2.904096e+01	-3.175389e+02
8.100000e-07	-6.149861e-09	-2.657892e-09	-2.890203e+01	-3.160283e+02
8.200000e-07	-6.119976e-09	-2.638574e-09	-2.876158e+01	-3.145011e+02
8.300000e-07	-6.089784e-09	-2.615932e-09	-2.861969e+01	-3.129576e+02
8.400000e-07	-6.059325e-09	-2.602349e-09	-2.847654e+01	-3.113977e+02
8.500000e-07	-6.028580e-09	-2.594984e-09	-2.833206e+01	-3.098215e+02
8.600000e-07	-5.997501e-09	-2.579617e-09	-2.818599e+01	-3.082292e+02
8.700000e-07	-5.966098e-09	-2.558957e-09	-2.803841e+01	-3.066208e+02
8.800000e-07	-5.934433e-09	-2.539072e-09	-2.788960e+01	-3.049964e+02
8.900000e-07	-5.902564e-09	-2.528121e-09	-2.773983e+01	-3.033561e+02
9.000000e-07	-5.870508e-09	-2.520676e-09	-2.758917e+01	-3.017000e+02
9.100000e-07	-5.838251e-09	-2.507676e-09	-2.743758e+01	-3.000281e+02
9.200000e-07	-5.805762e-09	-2.489444e-09	-2.728489e+01	-2.983405e+02
9.300000e-07	-5.772980e-09	-2.470555e-09	-2.713083e+01	-2.966374e+02
9.400000e-07	-5.739858e-09	-2.457955e-09	-2.697517e+01	-2.949188e+02
9.500000e-07	-5.706347e-09	-2.447508e-09	-2.681768e+01	-2.931848e+02
9.600000e-07	-5.672374e-09	-2.433344e-09	-2.665802e+01	-2.914355e+02
9.700000e-07	-5.637873e-09	-2.411851e-09	-2.649588e+01	-2.896710e+02
9.800000e-07	-5.602881e-09	-2.393423e-09	-2.633143e+01	-2.878913e+02
9.900000e-07	-5.567506e-09	-2.383557e-09	-2.616518e+01	-2.860967e+02
1.000000e-06	-5.531837e-09	-2.373971e-09	-2.599755e+01	-2.842871e+02
1.010000e-06	-5.495917e-09	-2.359371e-09	-2.582874e+01	-2.824627e+02
1.020000e-06	-5.459778e-09	-2.340333e-09	-2.565890e+01	-2.806235e+02
1.030000e-06	-5.423463e-09	-2.325016e-09	-2.548823e+01	-2.787697e+02
1.040000e-06	-5.386978e-09	-2.313156e-09	-2.531676e+01	-2.769013e+02
1.050000e-06	-5.350273e-09	-2.300364e-09	-2.514426e+01	-2.750185e+02
1.060000e-06	-5.313296e-09	-2.282343e-09	-2.497049e+01	-2.731213e+02
1.070000e-06	-5.276020e-09	-2.262415e-09	-2.479530e+01	-2.712099e+02
1.080000e-06	-5.238430e-09	-2.246565e-09	-2.461864e+01	-2.692843e+02
1.090000e-06	-5.200576e-09	-2.234612e-09	-2.444074e+01	-2.673447e+02
1.100000e-06	-5.162479e-09	-2.223741e-09	-2.426170e+01	-2.653911e+02
1.110000e-06	-5.124111e-09	-2.208106e-09	-2.408139e+01	-2.634236e+02
1.120000e-06	-5.085484e-09	-2.192233e-09	-2.389985e+01	-2.614424e+02
1.130000e-06	-5.046612e-09	-2.180165e-09	-2.371717e+01	-2.594476e+02
1.140000e-06	-5.007469e-09	-2.168905e-09	-2.353321e+01	-2.574392e+02
1.150000e-06	-4.968067e-09	-2.152933e-09	-2.334804e+01	-2.554174e+02
1.160000e-06	-4.928441e-09	-2.132593e-09	-2.316181e+01	-2.533823e+02
1.170000e-06	-4.888600e-09	-2.113944e-09	-2.297457e+01	-2.513339e+02
1.180000e-06	-4.848578e-09	-2.098172e-09	-2.278648e+01	-2.492724e+02
1.190000e-06	-4.808391e-09	-2.085484e-09	-2.259762e+01	-2.471979e+02
1.200000e-06	-4.768049e-09	-2.073166e-09	-2.240802e+01	-2.451105e+02
1.210000e-06	-4.727522e-09	-2.060045e-09	-2.221756e+01	-2.430103e+02
1.220000e-06	-4.686767e-09	-2.047116e-09	-2.202603e+01	-2.408974e+02
1.230000e-06	-4.645777e-09	-2.034464e-09	-2.183339e+01	-2.387720e+02
1.240000e-06	-4.604503e-09	-2.018993e-09	-2.163942e+01	-2.366341e+02
1.250000e-06	-4.562915e-09	-1.998972e-09	-2.144397e+01	-2.344838e+02
1.260000e-06	-4.520983e-09	-1.978099e-09	-2.124691e+01	-2.323213e+02
1.270000e-06	-4.478662e-09	-1.959331e-09	-2.104801e+01	-2.301466e+02
1.280000e-06	-4.435953e-09	-1.944030e-09	-2.084730e+01	-2.279600e+02
1.290000e-06	-4.392898e-09	-1.928650e-09	-2.064496e+01	-2.257615e+02
1.300000e-06	-4.349546e-09	-1.911564e-09	-2.044122e+01	-2.235511e+02
1.310000e-06	-4.305913e-09	-1.894425e-09	-2.023616e+01	-2.213291e+02
1.320000e-06	-4.262031e-09	-1.878184e-09	-2.002993e+01	-2.190956e+02
1.330000e-06	-4.217984e-09	-1.862274e-09	-1.982292e+01	-2.168506e+02
1.340000e-06	-4.173794e-09	-1.844050e-09	-1.961525e+01	-2.145943e+02
1.350000e-06	-4.129456e-09	-1.823304e-09	-1.940688e+01	-2.123268e+02
1.360000e-06	-4.084971e-09	-1.801902e-09	-1.919781e+01	-2.100482e+02
1.370000e-06	-4.040341e-09	-1.783250e-09	-1.898807e+01	-2.077586e+02
1.380000e-06	-3.995540e-09	-1.765440e-09	-1.877752e+01	-2.054582e+02
1.390000e-06	-3.950549e-09	-1.745950e-09	-1.856608e+01	-2.031471e+02
1.400000e-06	-3.905370e-09	-1.726385e-09	-1.835376e+01	-2.008254e+02
1.410000e-06	-3.859979e-09	-1.708271e-09	-1.814044e+01	-1.984932e+02
1.420000e-06	-3.814393e-09	-1.691433e-09	-1.792620e+01	-1.961506e+02
1.430000e-06	-3.768628e-09	-1.673714e-09	-1.771112e+01	-1.937978e+02
1.440000e-06	-3.722688e-09	-1.654691e-09	-1.749522e+01	-1.914349e+02
1.450000e-06	-3.676558e-09	-1.633539e-09	-1.727843e+01	-1.890620e+02
1.460000e-06	-3.630239e-09	-1.612160e-09	-1.706074e+01	-1.866792e+02
1.470000e-06	-3.583748e-09	-1.592999e-09	-1.684225e+01	-1.842867e+02
1.480000e-06	-3.537090e-09	-1.574970e-09	-1.662298e+01	-1.818845e+02
1.490000e-06	-3.490251e-09	-1.555172e-09	-1.640285e+01	-1.794729e+02
1.500000e-06	-3.443220e-09	-1.533064e-09	-1.618183e+01	-1.770519e+02
1.510000e-06	-3.395997e-09	-1.512143e-09	-1.595990e+01	-1.746216e+02
1.520000e-06	-3.348581e-09	-1.493972e-09	-1.573706e+01	-1.721822e+02
1.530000e-06	-3.301007e-09	-1.477612e-09	-1.551348e+01	-1.697339e+02
1.540000e-06	-3.253291e-09	-1.460396e-09	-1.528923e+01	-1.672767e+02
1.550000e-06	-3.205428e-09	-1.441772e-09	-1.506429e+01	-1.648107e+02
1.560000e-06	-3.157434e-09	-1.423331e-09	-1.483873e+01	-1.623362e+02
1.570000e-06	-3.109346e-09	-1.405581e-09	-1.461274e+01	-1.598531e+02
1.580000e-06	-3.061148e-09	-1.387244e-09	-1.438623e+01	-1.573617e+02
1.590000e-06	-3.012819e-09	-1.366369e-09	-1.415910e+01	-1.548622e+02
1.600000e-06	-2.964393e-09	-1.345820e-09	-1.393151e+01	-1.523545e+02
1.610000e-06	-2.915849e-09	-1.328412e-09	-1.370337e+01	-1.498389e+02
1.620000e-06	-2.867156e-09	-1.312167e-09	-1.347454e+01	-1.473154e+02
1.630000e-06	-2.818327e-09	-1.293820e-09	-1.324506e+01	-1.447843e+02
1.640000e-06	-2.769308e-09	-1.272502e-09	-1.301469e+01	-1.422456e+02
1.650000e-06	-2.720095e-09	-1.249897e-09	-1.278340e+01	-1.396994e+02
1.660000e-06	-2.670703e-09	-1.227776e-09	-1.255128e+01	-1.371460e+02
1.670000e-06	-2.621074e-09	-1.207554e-09	-1.231804e+01	-1.345855e+02
1.680000e-06	-2.571206e-09	-1.187988e-09	-1.208368e+01	-1.320178e+02
1.690000e-06	-2.521111e-09	-1.168238e-09	-1.184826e+01	-1.294434e+02
1.700000e-06	-2.470809e-09	-1.148741e-09	-1.161186e+01	-1.268621e+02
1.710000e-06	-2.420288e-09	-1.129721e-09	-1.137443e+01	-1.242742e+02
1.720000e-06	-2.369548e-09	-1.109837e-09	-1.113597e+01	-1.216799e+02
1.730000e-06	-2.318618e-09	-1.087978e-09	-1.089662e+01	-1.190791e+02
1.740000e-06	-2.267500e-09	-1.066551e-09	-1.065638e+01	-1.164722e+02
1.750000e-06	-2.216216e-09	-1.047003e-09	-1.041537e+01	-1.138592e+02
1.760000e-06	-2.164749e-09	-1.028183e-09	-1.017349e+01	-1.112402e+02
1.770000e-06	-2.113105e-09	-1.007123e-09	-9.930784e+00	-1.086154e+02
1.780000e-06	-2.061345e-09	-9.845546e-10	-9.687531e+00	-1.059850e+02
1.790000e-06	-2.009482e-09	-9.638617e-10	-9.443793e+00	-1.033490e+02
1.800000e-06	-1.957512e-09	-9.439920e-10	-9.199553e+00	-1.007077e+02
1.810000e-06	-1.905442e-09	-9.230091e-10	-8.954847e+00	-9.806102e+01
1.820000e-06	-1.853277e-09	-9.003779e-10	-8.709689e+00	-9.540927e+01
1.830000e-06	-1.801032e-09	-8.783842e-10	-8.464156e+00	-9.275253e+01
1.840000e-06	-1.748708e-09	-8.578907e-10	-8.218253e+00	-9.009095e+01
1.850000e-06	-1.696320e-09	-8.387929e-10	-7.972050e+00	-8.742467e+01
1.860000e-06	-1.643876e-09	-8.190620e-10	-7.725581e+00	-8.475382e+01
1.870000e-06	-1.591349e-09	-7.969310e-10	-7.478724e+00	-8.207855e+01
1.880000e-06	-1.538725e-09	-7.761456e-10	-7.231408e+00	-7.939898e+01
1.890000e-06	-1.486015e-09	-7.557822e-10	-6.983693e+00	-7.671528e+01
1.900000e-06	-1.433222e-09	-7.345291e-10	-6.735583e+00	-7.402756e+01
1.910000e-06	-1.380341e-09	-7.127116e-10	-6.487064e+00	-7.133598e+01
1.920000e-06	-1.327392e-09	-6.891611e-10	-6.238222e+00	-6.864067e+01
1.930000e-06	-1.274380e-09	-6.658814e-10	-5.989089e+00	-6.594178e+01
1.940000e-06	-1.221303e-09	-6.443801e-10	-5.739644e+00	-6.323944e+01
1.950000e-06	-1.168149e-09	-6.231250e-10	-5.489839e+00	-6.053380e+01
1.960000e-06	-1.114915e-09	-6.007536e-10	-5.239662e+00	-5.782499e+01
1.970000e-06	-1.061654e-09	-5.783749e-10	-4.989353e+00	-5.511317e+01
1.980000e-06	-1.008369e-09	-5.570148e-10	-4.738934e+00	-5.239846e+01
1.990000e-06	-9.550148e-10	-5.352936e-10	-4.488191e+00	-4.968102e+01
2.000000e-06	-9.015965e-10	-5.118849e-10	-4.237145e+00	-4.696098e+01
2.010000e-06	-8.481318e-10	-4.853664e-10	-3.985882e+00	-4.423848e+01
2.020000e-06	-7.946096e-10	-4.569127e-10	-3.734347e+00	-4.151368e+01
2.030000e-06	-7.410247e-10	-4.305882e-10	-3.482518e+00	-3.878670e+01
2.040000e-06	-6.873896e-10	-4.078408e-10	-3.230454e+00	-3.605770e+01
2.050000e-06	-6.337114e-10	-3.864087e-10	-2.978186e+00	-3.332681e+01
2.060000e-06	-5.800156e-10	-3.639658e-10	-2.725836e+00	-3.059417e+01
2.070000e-06	-5.263117e-10	-3.400879e-10	-2.473447e+00	-2.785994e+01
2.080000e-06	-4.725724e-10	-3.154962e-10	-2.220893e+00	-2.512425e+01
2.090000e-06	-4.187972e-10	-2.895203e-10	-1.968170e+00	-2.238725e+01
2.100000e-06	-3.650162e-10	-2.602300e-10	-1.715419e+00	-1.964907e+01
2.110000e-06	-3.112477e-10	-2.292803e-10	-1.462727e+00	-1.690986e+01
2.120000e-06	-2.574797e-10	-2.022835e-10	-1.210037e+00	-1.416977e+01
2.130000e-06	-2.036861e-10	-1.811139e-10	-9.572273e-01	-1.142893e+01
2.140000e-06	-1.498687e-10	-1.595126e-10	-7.043059e-01	-8.687497e+00
2.150000e-06	-9.603457e-11	-1.337388e-10	-4.513054e-01	-5.945603e+00
2.160000e-06	-4.219668e-11	-1.050346e-10	-1.982874e-01	-3.203396e+00
2.170000e-06	1.164386e-11	-7.601509e-11	5.474310e-02	-4.610168e-01
2.180000e-06	6.548990e-11	-4.867226e-11	3.077996e-01	2.281390e+00
2.190000e-06	1.193618e-10	-2.134832e-11	5.609775e-01	5.023682e+00
2.200000e-06	1.732283e-10	5.397107e-12	8.141300e-01	7.765715e+00
2.210000e-06	2.270538e-10	3.015640e-11	1.067090e+00	1.050735e+01
2.220000e-06	2.808716e-10	5.375101e-11	1.320013e+00	1.324844e+01
2.230000e-06	3.346663e-10	7.770179e-11	1.572828e+00	1.598884e+01
2.240000e-06	3.884270e-10	1.032467e-10	1.825483e+00	1.872841e+01
2.250000e-06	4.421632e-10	1.291348e-10	2.078023e+00	2.146700e+01
2.260000e-06	4.958751e-10	1.517906e-10	2.330450e+00	2.420448e+01
2.270000e-06	5.495620e-10	1.720953e-10	2.582758e+00	2.694071e+01
2.280000e-06	6.032337e-10	1.949508e-10	2.834995e+00	2.967553e+01
2.290000e-06	6.568770e-10	2.224171e-10	3.087099e+00	3.240880e+01
2.300000e-06	7.104789e-10	2.518556e-10	3.339008e+00	3.514039e+01
2.310000e-06	7.640563e-10	2.790150e-10	3.590802e+00	3.787015e+01
2.320000e-06	8.175800e-10	3.035626e-10	3.842343e+00	4.059793e+01
2.330000e-06	8.710481e-10	3.263171e-10	4.093623e+00	4.332361e+01
2.340000e-06	9.244928e-10	3.484619e-10	4.344793e+00	4.604702e+01
2.350000e-06	9.778945e-10	3.697175e-10	4.595761e+00	4.876804e+01
2.360000e-06	1.031199e-09	3.897273e-10	4.846272e+00	5.148652e+01
2.370000e-06	1.084424e-09	4.130737e-10	5.096408e+00	5.420231e+01
2.380000e-06	1.137590e-09	4.419939e-10	5.346272e+00	5.691528e+01
2.390000e-06	1.190689e-09	4.725607e-10	5.595813e+00	5.962528e+01
2.400000e-06	1.243707e-09	4.989842e-10	5.844981e+00	6.233218e+01
2.410000e-06	1.296660e-09	5.205001e-10	6.093838e+00	6.503583e+01
2.420000e-06	1.349559e-09	5.405969e-10	6.342445e+00	6.773608e+01
2.430000e-06	1.402380e-09	5.627295e-10	6.590682e+00	7.043281e+01
2.440000e-06	1.455125e-09	5.866529e-10	6.838567e+00	7.312587e+01
2.450000e-06	1.507812e-09	6.080921e-10	7.086174e+00	7.581511e+01
2.460000e-06	1.560438e-09	6.283056e-10	7.333496e+00	7.850041e+01
2.470000e-06	1.612983e-09	6.523651e-10	7.580438e+00	8.118161e+01
2.480000e-06	1.665443e-09	6.810747e-10	7.826981e+00	8.385858e+01
2.490000e-06	1.717800e-09	7.092667e-10	8.073039e+00	8.653117e+01
2.500000e-06	1.770049e-09	7.334294e-10	8.318589e+00	8.919926e+01
2.510000e-06	1.822210e-09	7.554375e-10	8.563730e+00	9.186270e+01
2.520000e-06	1.874294e-09	7.781186e-10	8.808505e+00	9.452134e+01
2.530000e-06	1.926270e-09	8.015473e-10	9.052769e+00	9.717506e+01
2.540000e-06	1.978128e-09	8.227109e-10	9.296481e+00	9.982371e+01
2.550000e-06	2.029893e-09	8.414971e-10	9.539757e+00	1.024672e+02
2.560000e-06	2.081544e-09	8.619932e-10	9.782499e+00	1.051053e+02
2.570000e-06	2.133059e-09	8.870643e-10	1.002460e+01	1.077379e+02
2.580000e-06	2.184434e-09	9.142759e-10	1.026604e+01	1.103649e+02
2.590000e-06	2.235642e-09	9.388302e-10	1.050670e+01	1.129861e+02
2.600000e-06	2.286630e-09	9.593915e-10	1.074633e+01	1.156015e+02
2.610000e-06	2.337414e-09	9.792548e-10	1.098499e+01	1.182108e+02
2.620000e-06	2.387990e-09	1.002429e-09	1.122268e+01	1.208140e+02
2.630000e-06	2.438350e-09	1.027512e-09	1.145935e+01	1.234109e+02
2.640000e-06	2.488496e-09	1.052176e-09	1.169501e+01	1.260013e+02
2.650000e-06	2.538382e-09	1.074769e-09	1.192946e+01	1.285852e+02
2.660000e-06	2.588026e-09	1.096486e-09	1.216277e+01	1.311623e+02
2.670000e-06	2.637457e-09	1.121221e-09	1.239507e+01	1.337326e+02
2.680000e-06	2.686687e-09	1.146427e-09	1.262644e+01	1.362960e+02
2.690000e-06	2.735748e-09	1.170859e-09	1.285700e+01	1.388522e+02
2.700000e-06	2.784627e-09	1.193746e-09	1.308672e+01	1.414012e+02
2.710000e-06	2.833348e-09	1.215892e-09	1.331569e+01	1.439428e+02
2.720000e-06	2.881952e-09	1.238375e-09	1.354410e+01	1.464769e+02
2.730000e-06	2.930437e-09	1.259961e-09	1.377197e+01	1.490034e+02
2.740000e-06	2.978814e-09	1.280834e-09	1.399932e+01	1.515221e+02
2.750000e-06	3.027103e-09	1.300977e-09	1.422626e+01	1.540329e+02
2.760000e-06	3.075288e-09	1.323807e-09	1.445271e+01	1.565357e+02
2.770000e-06	3.123348e-09	1.350613e-09	1.467858e+01	1.590303e+02
2.780000e-06	3.171282e-09	1.378437e-09	1.490385e+01	1.615166e+02
2.790000e-06	3.219062e-09	1.402648e-09	1.512840e+01	1.639945e+02
2.800000e-06	3.266673e-09	1.422380e-09	1.535215e+01	1.664638e+02
2.810000e-06	3.314111e-09	1.442615e-09	1.557509e+01	1.689245e+02
2.820000e-06	3.361366e-09	1.464444e-09	1.579718e+01	1.713763e+02
2.830000e-06	3.408432e-09	1.485951e-09	1.601837e+01	1.738192e+02
2.840000e-06	3.455292e-09	1.505943e-09	1.623859e+01	1.762530e+02
2.850000e-06	3.501985e-09	1.526582e-09	1.645803e+01	1.786777e+02
2.860000e-06	3.548530e-09	1.550328e-09	1.667677e+01	1.810930e+02
2.870000e-06	3.594910e-09	1.575613e-09	1.689474e+01	1.834989e+02
2.880000e-06	3.641133e-09	1.601037e-09	1.711197e+01	1.858952e+02
2.890000e-06	3.687173e-09	1.624955e-09	1.732834e+01	1.882818e+02
2.900000e-06	3.733024e-09	1.645607e-09	1.754383e+01	1.906586e+02
2.910000e-06	3.778699e-09	1.664753e-09	1.775848e+01	1.930255e+02
2.920000e-06	3.824181e-09	1.685659e-09	1.797223e+01	1.953822e+02
2.930000e-06	3.869457e-09	1.707444e-09	1.818501e+01	1.977288e+02
2.940000e-06	3.914525e-09	1.728664e-09	1.839682e+01	2.000651e+02
2.950000e-06	3.959392e-09	1.749911e-09	1.860767e+01	2.023909e+02
2.960000e-06	4.004092e-09	1.772394e-09	1.881774e+01	2.047062e+02
2.970000e-06	4.048645e-09	1.795514e-09	1.902713e+01	2.070108e+02
2.980000e-06	4.093071e-09	1.816607e-09	1.923591e+01	2.093046e+02
2.990000e-06	4.137383e-09	1.835314e-09	1.944416e+01	2.115875e+02
3.000000e-06	4.181585e-09	1.852984e-09	1.965190e+01	2.138594e+02
3.010000e-06	4.225665e-09	1.872159e-09	1.985906e+01	2.161201e+02
3.020000e-06	4.269588e-09	1.892505e-09	2.006548e+01	2.183695e+02
3.030000e-06	4.313300e-09	1.912474e-09	2.027091e+01	2.206076e+02
3.040000e-06	4.356720e-09	1.931550e-09	2.047497e+01	2.228341e+02
3.050000e-06	4.399781e-09	1.949794e-09	2.067734e+01	2.250490e+02
3.060000e-06	4.442447e-09	1.969150e-09	2.087785e+01	2.272522e+02
3.070000e-06	4.484718e-09	1.988579e-09	2.107651e+01	2.294435e+02
3.080000e-06	4.526598e-09	2.006963e-09	2.127333e+01	2.316228e+02
3.090000e-06	4.568106e-09	2.025113e-09	2.146840e+01	2.337901e+02
3.100000e-06	4.609296e-09	2.044311e-09	2.166197e+01	2.359452e+02
3.110000e-06	4.650205e-09	2.064172e-09	2.185423e+01	2.380879e+02
3.120000e-06	4.690883e-09	2.083642e-09	2.204540e+01	2.402183e+02
3.130000e-06	4.731387e-09	2.102041e-09	2.223576e+01	2.423361e+02
3.140000e-06	4.771744e-09	2.119622e-09	2.242542e+01	2.444412e+02
3.150000e-06	4.811944e-09	2.137108e-09	2.261434e+01	2.465337e+02
3.160000e-06	4.851980e-09	2.155308e-09	2.280250e+01	2.486132e+02
3.170000e-06	4.891840e-09	2.174835e-09	2.298983e+01	2.506798e+02
3.180000e-06	4.931455e-09	2.192962e-09	2.317600e+01	2.527333e+02
3.190000e-06	4.970793e-09	2.210641e-09	2.336088e+01	2.547737e+02
3.200000e-06	5.009862e-09	2.229817e-09	2.354449e+01	2.568007e+02
3.210000e-06	5.048675e-09	2.249527e-09	2.372689e+01	2.588144e+02
3.220000e-06	5.087260e-09	2.268084e-09	2.390822e+01	2.608145e+02
3.230000e-06	5.125604e-09	2.283886e-09	2.408843e+01	2.628011e+02
3.240000e-06	5.163696e-09	2.299810e-09	2.426745e+01	2.647739e+02
3.250000e-06	5.201546e-09	2.316273e-09	2.444533e+01	2.667329e+02
3.260000e-06	5.239136e-09	2.332872e-09	2.462198e+01	2.686780e+02
3.270000e-06	5.276427e-09	2.349728e-09	2.479724e+01	2.706091e+02
3.280000e-06	5.313446e-09	2.364974e-09	2.497122e+01	2.725261e+02
3.290000e-06	5.350240e-09	2.380514e-09	2.514414e+01	2.744289e+02
3.300000e-06	5.386831e-09	2.397656e-09	2.531610e+01	2.763173e+02
3.310000e-06	5.423247e-09	2.415508e-09	2.548724e+01	2.781913e+02
3.320000e-06	5.459499e-09	2.431991e-09	2.565761e+01	2.800509e+02
3.330000e-06	5.495561e-09	2.446913e-09	2.582709e+01	2.818958e+02
3.340000e-06	5.531385e-09	2.461414e-09	2.599545e+01	2.837260e+02
3.350000e-06	5.566906e-09	2.475866e-09	2.616238e+01	2.855414e+02
3.360000e-06	5.602040e-09	2.491038e-09	2.632750e+01	2.873419e+02
3.370000e-06	5.636722e-09	2.506301e-09	2.649049e+01	2.891274e+02
3.380000e-06	5.670909e-09	2.522309e-09	2.665116e+01	2.908978e+02
3.390000e-06	5.704620e-09	2.540769e-09	2.680958e+01	2.926531e+02
3.400000e-06	5.737915e-09	2.562420e-09	2.696606e+01	2.943931e+02
3.410000e-06	5.770838e-09	2.583823e-09	2.712078e+01	2.961178e+02
3.420000e-06	5.803471e-09	2.600641e-09	2.727415e+01	2.978269e+02
3.430000e-06	5.835892e-09	2.614525e-09	2.742651e+01	2.995206e+02
3.440000e-06	5.868134e-09	2.628363e-09	2.757804e+01	3.011986e+02
3.450000e-06	5.900185e-09	2.643919e-09	2.772867e+01	3.028610e+02
3.460000e-06	5.932008e-09	2.659912e-09	2.787822e+01	3.045075e+02
3.470000e-06	5.963545e-09	2.674422e-09	2.802643e+01	3.061381e+02
3.480000e-06	5.994744e-09	2.689482e-09	2.817306e+01	3.077528e+02
3.490000e-06	6.025606e-09	2.706081e-09	2.831810e+01	3.093514e+02
3.500000e-06	6.056174e-09	2.723064e-09	2.846176e+01	3.109339e+02
3.510000e-06	6.086451e-09	2.739150e-09	2.860405e+01	3.125001e+02
3.520000e-06	6.116453e-09	2.754683e-09	2.874504e+01	3.140501e+02
3.530000e-06	6.146195e-09	2.769511e-09	2.888482e+01	3.155837e+02
3.540000e-06	6.175622e-09	2.782594e-09	2.902312e+01	3.171008e+02
3.550000e-06	6.204744e-09	2.794130e-09	2.915998e+01	3.186013e+02
3.560000e-06	6.233596e-09	2.803348e-09	2.929557e+01	3.200853e+02
3.570000e-06	6.262206e-09	2.813229e-09	2.943003e+01	3.215525e+02
3.580000e-06	6.290617e-09	2.827028e-09	2.956355e+01	3.230030e+02
3.590000e-06	6.318838e-09	2.843704e-09	2.969618e+01	3.244366e+02
3.600000e-06	6.346825e-09	2.861833e-09	2.982771e+01	3.258533e+02
3.610000e-06	6.374487e-09	2.876733e-09	2.995771e+01	3.272530e+02
3.620000e-06	6.401730e-09	2.887312e-09	3.008574e+01	3.286357e+02
3.630000e-06	6.428439e-09	2.896683e-09	3.021126e+01	3.300011e+02
3.640000e-06	6.454553e-09	2.905884e-09	3.033398e+01	3.313494e+02
3.650000e-06	6.480126e-09	2.915690e-09	3.045417e+01	3.326804e+02
3.660000e-06	6.505247e-09	2.924734e-09	3.057223e+01	3.339940e+02
3.670000e-06	6.529995e-09	2.933551e-09	3.068854e+01	3.352902e+02
3.680000e-06	6.554464e-09	2.944350e-09	3.080353e+01	3.365689e+02
3.690000e-06	6.578688e-09	2.957816e-09	3.091737e+01	3.378301e+02
3.700000e-06	6.602631e-09	2.969620e-09	3.102990e+01	3.390736e+02
3.710000e-06	6.626262e-09	2.975639e-09	3.114095e+01	3.402995e+02
3.720000e-06	6.649552e-09	2.979923e-09	3.125041e+01	3.415076e+02
3.730000e-06	6.672509e-09	2.986527e-09	3.135830e+01	3.426979e+02
3.740000e-06	6.695155e-09	2.996310e-09	3.146472e+01	3.438703e+02
3.750000e-06	6.717470e-09	3.005977e-09	3.156960e+01	3.450247e+02
3.760000e-06	6.739465e-09	3.012964e-09	3.167296e+01	3.461612e+02
3.770000e-06	6.761128e-09	3.018755e-09	3.177477e+01	3.472796e+02
3.780000e-06	6.782444e-09	3.026041e-09	3.187495e+01	3.483799e+02
3.790000e-06	6.803431e-09	3.035112e-09	3.197358e+01	3.494620e+02
3.800000e-06	6.824136e-09	3.043493e-09	3.207089e+01	3.505259e+02
3.810000e-06	6.844614e-09	3.050227e-09	3.216712e+01	3.515715e+02
3.820000e-06	6.864864e-09	3.056199e-09	3.226229e+01	3.525987e+02
3.830000e-06	6.884885e-09	3.062391e-09	3.235638e+01	3.536076e+02
3.840000e-06	6.904627e-09	3.068235e-09	3.244916e+01	3.545980e+02
3.850000e-06	6.923992e-09	3.073777e-09	3.254017e+01	3.555699e+02
3.860000e-06	6.942936e-09	3.079848e-09	3.262920e+01	3.565233e+02
3.870000e-06	6.961481e-09	3.087467e-09	3.271636e+01	3.574581e+02
3.880000e-06	6.979655e-09	3.096257e-09	3.280176e+01	3.583742e+02
3.890000e-06	6.997487e-09	3.105295e-09	3.288557e+01	3.592716e+02
3.900000e-06	7.015076e-09	3.112656e-09	3.296823e+01	3.601503e+02
3.910000e-06	7.032429e-09	3.118702e-09	3.304978e+01	3.610102e+02
3.920000e-06	7.049448e-09	3.124782e-09	3.312977e+01	3.618513e+02
3.930000e-06	7.066047e-09	3.131007e-09	3.320777e+01	3.626734e+02
3.940000e-06	7.082175e-09	3.138282e-09	3.328357e+01	3.634767e+02
3.950000e-06	7.097801e-09	3.145455e-09	3.335701e+01	3.642610e+02
3.960000e-06	7.112933e-09	3.152579e-09	3.342812e+01	3.650263e+02
3.970000e-06	7.127633e-09	3.159163e-09	3.349720e+01	3.657726e+02
3.980000e-06	7.141932e-09	3.166537e-09	3.356440e+01	3.664997e+02
3.990000e-06	7.155864e-09	3.174079e-09	3.362988e+01	3.672078e+02
4.000000e-06	7.169421e-09	3.178385e-09	3.369359e+01	3.678967e+02
4.010000e-06	7.182568e-09	3.180788e-09	3.375538e+01	3.685664e+02
4.020000e-06	7.195332e-09	3.183973e-09	3.381536e+01	3.692169e+02
4.030000e-06	7.207755e-09	3.190100e-09	3.387375e+01	3.698481e+02
4.040000e-06	7.219816e-09	3.198088e-09	3.393043e+01	3.704600e+02
4.050000e-06	7.231485e-09	3.207102e-09	3.398527e+01	3.710526e+02
4.060000e-06	7.242679e-09	3.216016e-09	3.403788e+01	3.716259e+02
4.070000e-06	7.253260e-09	3.220901e-09	3.408760e+01	3.721797e+02
4.080000e-06	7.263218e-09	3.220315e-09	3.413440e+01	3.727142e+02
4.090000e-06	7.272618e-09	3.217157e-09	3.417858e+01	3.732292e+02
4.100000e-06	7.281564e-09	3.217475e-09	3.422062e+01	3.737247e+02
4.110000e-06	7.290190e-09	3.223538e-09	3.426116e+01	3.742007e+02
4.120000e-06	7.298554e-09	3.233784e-09	3.430047e+01	3.746572e+02
4.130000e-06	7.306678e-09	3.243044e-09	3.433865e+01	3.750942e+02
4.140000e-06	7.314507e-09	3.248159e-09	3.437544e+01	3.755116e+02
4.150000e-06	7.321968e-09	3.250842e-09	3.441051e+01	3.759094e+02
4.160000e-06	7.329047e-09	3.251328e-09	3.444377e+01	3.762876e+02
4.170000e-06	7.335730e-09	3.250043e-09	3.447518e+01	3.766462e+02
4.180000e-06	7.342038e-09	3.249967e-09	3.450483e+01	3.769851e+02
4.190000e-06	7.348002e-09	3.253711e-09	3.453285e+01	3.773043e+02
4.200000e-06	7.353607e-09	3.260219e-09	3.455920e+01	3.776039e+02
4.210000e-06	7.358823e-09	3.266487e-09	3.458371e+01	3.778838e+02
4.220000e-06	7.363690e-09	3.270683e-09	3.460658e+01	3.781439e+02
4.230000e-06	7.368272e-09	3.273163e-09	3.462812e+01	3.783843e+02
4.240000e-06	7.372612e-09	3.275164e-09	3.464851e+01	3.786050e+02
4.250000e-06	7.376711e-09	3.277424e-09	3.466777e+01	3.788060e+02
4.260000e-06	7.380482e-09	3.278148e-09	3.468550e+01	3.789871e+02
4.270000e-06	7.383803e-09	3.276732e-09	3.470110e+01	3.791485e+02
4.280000e-06	7.386583e-09	3.274257e-09	3.471417e+01	3.792902e+02
4.290000e-06	7.388779e-09	3.272984e-09	3.472449e+01	3.794120e+02
4.300000e-06	7.390389e-09	3.275579e-09	3.473205e+01	3.795140e+02
4.310000e-06	7.391486e-09	3.280910e-09	3.473721e+01	3.795963e+02
4.320000e-06	7.392212e-09	3.283908e-09	3.474062e+01	3.796587e+02
4.330000e-06	7.392657e-09	3.284417e-09	3.474271e+01	3.797014e+02
4.340000e-06	7.392843e-09	3.284643e-09	3.474359e+01	3.797242e+02
4.350000e-06	7.392758e-09	3.281197e-09	3.474319e+01	3.797272e+02
4.360000e-06	7.392323e-09	3.274759e-09	3.474114e+01	3.797104e+02
4.370000e-06	7.391497e-09	3.270193e-09	3.473726e+01	3.796738e+02
4.380000e-06	7.390334e-09	3.271032e-09	3.473179e+01	3.796174e+02
4.390000e-06	7.388846e-09	3.277047e-09	3.472480e+01	3.795412e+02
4.400000e-06	7.387018e-09	3.283488e-09	3.471621e+01	3.794452e+02
4.410000e-06	7.384861e-09	3.273855e-09	3.470607e+01	3.793294e+02
4.420000e-06	7.382352e-09	3.221478e-09	3.469428e+01	3.791938e+02
4.430000e-06	7.379445e-09	3.204746e-09	3.468062e+01	3.790384e+02
4.440000e-06	7.376104e-09	3.327310e-09	3.466492e+01	3.788632e+02
4.450000e-06	7.372340e-09	3.393118e-09	3.464723e+01	3.786683e+02
4.460000e-06	7.368267e-09	3.255195e-09	3.462808e+01	3.784537e+02
4.470000e-06	7.364025e-09	3.161802e-09	3.460815e+01	3.782192e+02
4.480000e-06	7.359540e-09	3.239732e-09	3.458707e+01	3.779651e+02
4.490000e-06	7.354536e-09	3.334176e-09	3.456355e+01	3.776912e+02
4.500000e-06	7.348864e-09	3.218592e-09	3.453690e+01	3.773977e+02
4.510000e-06	7.342643e-09	3.123308e-09	3.450766e+01	3.770844e+02
4.520000e-06	7.336059e-09	3.302053e-09	3.447672e+01	3.767515e+02
4.530000e-06	7.329118e-09	3.377725e-09	3.444410e+01	3.763989e+02
4.540000e-06	7.321786e-09	3.192039e-09	3.440964e+01	3.760267e+02
4.550000e-06	7.314143e-09	3.100595e-09	3.437372e+01	3.756349e+02
4.560000e-06	7.306247e-09	3.287382e-09	3.433661e+01	3.752234e+02
4.570000e-06	7.298019e-09	3.308031e-09	3.429795e+01	3.747924e+02
4.580000e-06	7.289389e-09	3.081561e-09	3.425739e+01	3.743419e+02
4.590000e-06	7.280369e-09	3.125732e-09	3.421500e+01	3.738718e+02
4.600000e-06	7.270986e-09	3.367360e-09	3.417090e+01	3.733822e+02
4.610000e-06	7.261217e-09	3.298539e-09	3.412499e+01	3.728731e+02
4.620000e-06	7.251062e-09	3.051903e-09	3.407726e+01	3.723446e+02
4.630000e-06	7.240558e-09	3.130923e-09	3.402790e+01	3.717967e+02
4.640000e-06	7.229696e-09	3.287256e-09	3.397685e+01	3.712293e+02
4.650000e-06	7.218440e-09	3.167212e-09	3.392395e+01	3.706426e+02
4.660000e-06	7.206778e-09	3.101561e-09	3.386915e+01	3.700366e+02
4.670000e-06	7.194674e-09	3.238772e-09	3.381226e+01	3.694112e+02
4.680000e-06	7.182063e-09	3.216122e-09	3.375300e+01	3.687666e+02
4.690000e-06	7.168938e-09	3.070385e-09	3.369131e+01	3.681028e+02
4.700000e-06	7.155305e-09	3.150847e-09	3.362724e+01	3.674197e+02
4.710000e-06	7.141144e-09	3.229728e-09	3.356069e+01	3.667175e+02
4.720000e-06	7.126433e-09	3.099154e-09	3.349156e+01	3.659961e+02
4.730000e-06	7.111262e-09	3.068784e-09	3.342026e+01	3.652557e+02
4.740000e-06	7.095762e-09	3.198858e-09	3.334741e+01	3.644962e+02
4.750000e-06	7.079972e-09	3.174714e-09	3.327321e+01	3.637177e+02
4.760000e-06	7.063898e-09	3.071429e-09	3.319766e+01	3.629202e+02
4.770000e-06	7.047519e-09	3.105422e-09	3.312069e+01	3.621037e+02
4.780000e-06	7.030782e-09	3.109075e-09	3.304203e+01	3.612684e+02
4.790000e-06	7.013677e-09	3.059243e-09	3.296164e+01	3.604143e+02
4.800000e-06	6.996240e-09	3.089268e-09	3.287969e+01	3.595413e+02
4.810000e-06	6.978460e-09	3.116884e-09	3.279614e+01	3.586496e+02
4.820000e-06	6.960336e-09	3.063650e-09	3.271096e+01	3.577391e+02
4.830000e-06	6.941866e-09	3.052546e-09	3.262415e+01	3.568100e+02
4.840000e-06	6.923048e-09	3.074595e-09	3.253572e+01	3.558623e+02
4.850000e-06	6.903915e-09	3.045943e-09	3.244580e+01	3.548961e+02
4.860000e-06	6.884525e-09	3.038003e-09	3.235467e+01	3.539113e+02
4.870000e-06	6.864907e-09	3.034293e-09	3.226248e+01	3.529080e+02
4.880000e-06	6.845048e-09	3.012754e-09	3.216915e+01	3.518864e+02
4.890000e-06	6.824906e-09	3.019300e-09	3.207448e+01	3.508464e+02
4.900000e-06	6.804348e-09	3.024511e-09	3.197787e+01	3.497880e+02
4.910000e-06	6.783245e-09	2.990753e-09	3.187869e+01	3.487115e+02
4.920000e-06	6.761574e-09	2.974838e-09	3.177685e+01	3.476167e+02
4.930000e-06	6.739340e-09	2.980872e-09	3.167236e+01	3.465038e+02
4.940000e-06	6.716616e-09	2.959225e-09	3.156556e+01	3.453729e+02
4.950000e-06	6.693519e-09	2.958158e-09	3.145702e+01	3.442239e+02
4.960000e-06	6.670129e-09	2.958193e-09	3.134709e+01	3.430569e+02
4.970000e-06	6.646497e-09	2.927837e-09	3.123603e+01	3.418721e+02
4.980000e-06	6.622625e-09	2.917849e-09	3.112384e+01	3.406694e+02
4.990000e-06	6.598495e-09	2.923510e-09	3.101044e+01	3.394490e+02
5.000000e-06	6.574046e-09	2.902634e-09	3.089554e+01	3.382108e+02
5.010000e-06	6.549221e-09	2.881482e-09	3.077887e+01	3.369550e+02
5.020000e-06	6.524049e-09	2.883856e-09	3.066057e+01	3.356817e+02
5.030000e-06	6.498560e-09	2.871134e-09	3.054078e+01	3.343908e+02
5.040000e-06	6.472730e-09	2.854831e-09	3.041939e+01	3.330824e+02
5.050000e-06	6.446551e-09	2.840131e-09	3.029636e+01	3.317567e+02
5.060000e-06	6.420042e-09	2.818457e-09	3.017178e+01	3.304137e+02
5.070000e-06	6.393218e-09	2.807104e-09	3.004571e+01	3.290535e+02
5.080000e-06	6.366112e-09	2.800011e-09	2.991832e+01	3.276761e+02
5.090000e-06	6.338763e-09	2.783847e-09	2.978979e+01	3.262816e+02
5.100000e-06	6.311214e-09	2.765609e-09	2.966032e+01	3.248700e+02
5.110000e-06	6.283458e-09	2.756380e-09	2.952988e+01	3.234415e+02
5.120000e-06	6.255434e-09	2.745705e-09	2.939818e+01	3.219962e+02
5.130000e-06	6.227058e-09	2.736542e-09	2.926482e+01	3.205341e+02
5.140000e-06	6.198243e-09	2.721580e-09	2.912940e+01	3.190552e+02
5.150000e-06	6.168939e-09	2.698850e-09	2.899168e+01	3.175597e+02
5.160000e-06	6.139122e-09	2.684929e-09	2.885155e+01	3.160476e+02
5.170000e-06	6.108793e-09	2.677086e-09	2.870902e+01	3.145190e+02
5.180000e-06	6.078021e-09	2.667095e-09	2.856440e+01	3.129741e+02
5.190000e-06	6.046915e-09	2.649324e-09	2.841821e+01	3.114128e+02
5.200000e-06	6.015537e-09	2.632422e-09	2.827075e+01	3.098352e+02
5.210000e-06	5.983928e-09	2.618522e-09	2.812220e+01	3.082415e+02
5.220000e-06	5.952114e-09	2.605751e-09	2.797268e+01	3.066317e+02
5.230000e-06	5.920078e-09	2.592081e-09	2.782213e+01	3.050060e+02
5.240000e-06	5.887774e-09	2.577115e-09	2.767031e+01	3.033643e+02
5.250000e-06	5.855165e-09	2.561242e-09	2.751706e+01	3.017067e+02
5.260000e-06	5.822245e-09	2.543789e-09	2.736235e+01	3.000335e+02
5.270000e-06	5.789036e-09	2.532552e-09	2.720628e+01	2.983446e+02
5.280000e-06	5.755562e-09	2.520545e-09	2.704896e+01	2.966401e+02
5.290000e-06	5.721828e-09	2.501923e-09	2.689042e+01	2.949202e+02
5.300000e-06	5.687803e-09	2.482238e-09	2.673052e+01	2.931848e+02
5.310000e-06	5.653450e-09	2.472076e-09	2.656907e+01	2.914342e+02
5.320000e-06	5.618769e-09	2.467865e-09	2.640609e+01	2.896684e+02
5.330000e-06	5.583801e-09	2.454584e-09	2.624175e+01	2.878875e+02
5.340000e-06	5.548613e-09	2.432495e-09	2.607638e+01	2.860915e+02
5.350000e-06	5.513239e-09	2.409510e-09	2.591013e+01	2.842806e+02
5.360000e-06	5.477679e-09	2.394133e-09	2.574302e+01	2.824549e+02
5.370000e-06	5.441951e-09	2.382578e-09	2.557511e+01	2.806145e+02
5.380000e-06	5.406030e-09	2.370030e-09	2.540629e+01	2.787594e+02
5.390000e-06	5.369850e-09	2.355544e-09	2.523626e+01	2.768898e+02
5.400000e-06	5.333333e-09	2.340508e-09	2.506464e+01	2.750057e+02
5.410000e-06	5.296394e-09	2.328333e-09	2.489104e+01	2.731073e+02
5.420000e-06	5.258991e-09	2.315122e-09	2.471526e+01	2.711946e+02
5.430000e-06	5.221120e-09	2.298753e-09	2.453728e+01	2.692678e+02
5.440000e-06	5.182808e-09	2.279466e-09	2.435723e+01	2.673270e+02
5.450000e-06	5.144094e-09	2.262129e-09	2.417529e+01	2.653722e+02
5.460000e-06	5.105068e-09	2.249796e-09	2.399188e+01	2.634036e+02
5.470000e-06	5.065809e-09	2.237521e-09	2.380738e+01	2.614212e+02
5.480000e-06	5.026349e-09	2.219655e-09	2.362193e+01	2.594252e+02
5.490000e-06	4.986719e-09	2.197473e-09	2.343568e+01	2.574156e+02
5.500000e-06	4.946934e-09	2.178405e-09	2.324871e+01	2.553927e+02
5.510000e-06	4.906970e-09	2.164869e-09	2.306089e+01	2.533564e+02
5.520000e-06	4.866788e-09	2.153087e-09	2.287205e+01	2.513068e+02
5.530000e-06	4.826372e-09	2.137017e-09	2.268211e+01	2.492442e+02
5.540000e-06	4.785703e-09	2.116935e-09	2.249098e+01	2.471686e+02
5.550000e-06	4.744770e-09	2.096665e-09	2.229861e+01	2.450801e+02
5.560000e-06	4.703596e-09	2.078916e-09	2.210511e+01	2.429788e+02
5.570000e-06	4.662189e-09	2.061459e-09	2.191051e+01	2.408648e+02
5.580000e-06	4.620544e-09	2.040544e-09	2.171480e+01	2.387383e+02
5.590000e-06	4.578687e-09	2.019052e-09	2.151808e+01	2.365993e+02
5.600000e-06	4.536620e-09	2.000326e-09	2.132038e+01	2.344480e+02
5.610000e-06	4.494317e-09	1.985945e-09	2.112158e+01	2.322844e+02
5.620000e-06	4.451778e-09	1.971400e-09	2.092166e+01	2.301087e+02
5.630000e-06	4.408990e-09	1.953228e-09	2.072057e+01	2.279210e+02
5.640000e-06	4.365972e-09	1.932482e-09	2.051840e+01	2.257215e+02
5.650000e-06	4.322773e-09	1.912550e-09	2.031538e+01	2.235101e+02
5.660000e-06	4.279428e-09	1.893804e-09	2.011168e+01	2.212871e+02
5.670000e-06	4.235942e-09	1.872154e-09	1.990731e+01	2.190526e+02
5.680000e-06	4.192312e-09	1.848729e-09	1.970226e+01	2.168066e+02
5.690000e-06	4.148551e-09	1.826772e-09	1.949660e+01	2.145493e+02
5.700000e-06	4.104647e-09	1.810305e-09	1.929027e+01	2.122809e+02
5.710000e-06	4.060575e-09	1.798003e-09	1.908315e+01	2.100013e+02
5.720000e-06	4.016307e-09	1.784623e-09	1.887510e+01	2.077108e+02
5.730000e-06	3.971844e-09	1.766430e-09	1.866614e+01	2.054095e+02
5.740000e-06	3.927161e-09	1.742440e-09	1.845615e+01	2.030975e+02
5.750000e-06	3.882233e-09	1.717805e-09	1.824501e+01	2.007748e+02
5.760000e-06	3.837100e-09	1.695873e-09	1.803290e+01	1.984417e+02
5.770000e-06	3.791759e-09	1.677178e-09	1.781981e+01	1.960983e+02
5.780000e-06	3.746204e-09	1.659812e-09	1.760572e+01	1.937446e+02
5.790000e-06	3.700487e-09	1.641926e-09	1.739087e+01	1.913808e+02
5.800000e-06	3.654617e-09	1.623518e-09	1.717530e+01	1.890070e+02
5.810000e-06	3.608574e-09	1.602639e-09	1.695891e+01	1.866234e+02
5.820000e-06	3.562406e-09	1.579336e-09	1.674194e+01	1.842300e+02
5.830000e-06	3.516123e-09	1.555240e-09	1.652442e+01	1.818270e+02
5.840000e-06	3.469686e-09	1.533720e-09	1.630619e+01	1.794146e+02
5.850000e-06	3.423107e-09	1.517395e-09	1.608728e+01	1.769928e+02
5.860000e-06	3.376368e-09	1.503037e-09	1.586763e+01	1.745617e+02
5.870000e-06	3.329471e-09	1.484709e-09	1.564723e+01	1.721216e+02
5.880000e-06	3.282415e-09	1.461552e-09	1.542608e+01	1.696724e+02
5.890000e-06	3.235146e-09	1.437548e-09	1.520394e+01	1.672145e+02
5.900000e-06	3.187689e-09	1.416286e-09	1.498091e+01	1.647478e+02
5.910000e-06	3.140027e-09	1.399168e-09	1.475691e+01	1.622725e+02
5.920000e-06	3.092132e-09	1.382168e-09	1.453182e+01	1.597887e+02
5.930000e-06	3.044006e-09	1.362539e-09	1.430565e+01	1.572966e+02
5.940000e-06	2.995666e-09	1.340926e-09	1.407847e+01	1.547963e+02
5.950000e-06	2.947139e-09	1.319930e-09	1.385041e+01	1.522880e+02
5.960000e-06	2.898396e-09	1.300220e-09	1.362134e+01	1.497717e+02
5.970000e-06	2.849449e-09	1.279711e-09	1.339130e+01	1.472475e+02
5.980000e-06	2.800296e-09	1.258320e-09	1.316031e+01	1.447157e+02
5.990000e-06	2.750959e-09	1.238032e-09	1.292844e+01	1.421764e+02
6.000000e-06	2.701497e-09	1.221221e-09	1.269598e+01	1.396296e+02
6.010000e-06	2.651895e-09	1.203570e-09	1.246288e+01	1.370756e+02
6.020000e-06	2.602143e-09	1.180336e-09	1.222906e+01	1.345144e+02
6.030000e-06	2.552263e-09	1.153235e-09	1.199464e+01	1.319462e+02
6.040000e-06	2.502247e-09	1.128532e-09	1.175959e+01	1.293711e+02
6.050000e-06	2.452094e-09	1.109550e-09	1.152388e+01	1.267893e+02
6.060000e-06	2.401818e-09	1.093538e-09	1.128761e+01	1.242008e+02
6.070000e-06	2.351411e-09	1.076013e-09	1.105071e+01	1.216059e+02
6.080000e-06	2.300853e-09	1.053626e-09	1.081311e+01	1.190047e+02
6.090000e-06	2.250163e-09	1.029554e-09	1.057488e+01	1.163972e+02
6.100000e-06	2.199360e-09	1.006951e-09	1.033613e+01	1.137836e+02
6.110000e-06	2.148416e-09	9.856767e-10	1.009671e+01	1.111642e+02
6.120000e-06	2.097315e-09	9.644739e-10	9.856556e+00	1.085389e+02
6.130000e-06	2.046091e-09	9.436967e-10	9.615820e+00	1.059080e+02
6.140000e-06	1.994777e-09	9.249886e-10	9.374666e+00	1.032715e+02
6.150000e-06	1.943393e-09	9.063431e-10	9.133180e+00	1.006297e+02
6.160000e-06	1.891929e-09	8.846075e-10	8.891319e+00	9.798263e+01
6.170000e-06	1.840378e-09	8.586125e-10	8.649044e+00	9.533044e+01
6.180000e-06	1.788747e-09	8.330591e-10	8.406400e+00	9.267328e+01
6.190000e-06	1.737048e-09	8.125919e-10	8.163432e+00	9.001129e+01
6.200000e-06	1.685276e-09	7.949362e-10	7.920125e+00	8.734461e+01
6.210000e-06	1.633392e-09	7.742207e-10	7.676290e+00	8.467337e+01
6.220000e-06	1.581377e-09	7.485381e-10	7.431839e+00	8.199772e+01
6.230000e-06	1.529266e-09	7.213162e-10	7.186936e+00	7.931780e+01
6.240000e-06	1.477102e-09	6.968441e-10	6.941785e+00	7.663374e+01
6.250000e-06	1.424865e-09	6.765212e-10	6.696291e+00	7.394569e+01
6.260000e-06	1.372514e-09	6.559734e-10	6.450260e+00	7.125378e+01
6.270000e-06	1.320074e-09	6.309649e-10	6.203811e+00	6.855816e+01
6.280000e-06	1.267539e-09	6.032508e-10	5.956918e+00	6.585896e+01
6.290000e-06	1.214912e-09	5.768244e-10	5.709589e+00	6.315633e+01
6.300000e-06	1.162202e-09	5.510845e-10	5.461873e+00	6.045041e+01
6.310000e-06	1.109410e-09	5.232638e-10	5.213770e+00	5.774134e+01
6.320000e-06	1.056552e-09	4.943796e-10	4.965359e+00	5.502926e+01
6.330000e-06	1.003615e-09	4.680562e-10	4.716577e+00	5.231432e+01
6.340000e-06	9.505781e-10	4.465343e-10	4.467325e+00	4.959664e+01
6.350000e-06	8.974513e-10	4.272035e-10	4.217650e+00	4.687639e+01
6.360000e-06	8.442437e-10	4.043905e-10	3.967595e+00	4.415369e+01
6.370000e-06	7.909455e-10	3.766331e-10	3.717114e+00	4.142869e+01
6.380000e-06	7.375731e-10	3.479125e-10	3.466285e+00	3.870154e+01
6.390000e-06	6.841379e-10	3.215088e-10	3.215161e+00	3.597237e+01
6.400000e-06	6.306405e-10	2.960153e-10	2.963745e+00	3.324132e+01
6.410000e-06	5.770496e-10	2.691727e-10	2.711888e+00	3.050855e+01
6.420000e-06	5.233995e-10	2.415896e-10	2.459754e+00	2.777418e+01
6.430000e-06	4.697365e-10	2.173532e-10	2.207559e+00	2.503838e+01
6.440000e-06	4.160655e-10	1.977438e-10	1.955326e+00	2.230127e+01
6.450000e-06	3.623743e-10	1.783975e-10	1.702999e+00	1.956300e+01
6.460000e-06	3.086436e-10	1.533255e-10	1.450486e+00	1.682371e+01
6.470000e-06	2.548879e-10	1.227015e-10	1.197855e+00	1.408355e+01
6.480000e-06	2.010980e-10	9.412031e-11	9.450631e-01	1.134266e+01
6.490000e-06	1.472833e-10	7.048250e-11	6.921556e-01	8.601178e+00
6.500000e-06	9.344973e-11	4.861109e-11	4.391587e-01	5.859253e+00
6.510000e-06	3.960865e-11	2.438256e-11	1.861265e-01	3.117027e+00
6.520000e-06	-1.422732e-11	-1.728450e-12	-6.688138e-02	3.746424e-01
6.530000e-06	-6.806539e-11	-2.545211e-11	-3.198995e-01	-2.367758e+00
6.540000e-06	-1.218975e-10	-4.694975e-11	-5.728897e-01	-5.110031e+00
6.550000e-06	-1.756915e-10	-6.934081e-11	-8.257002e-01	-7.852033e+00
6.560000e-06	-2.294480e-10	-9.435544e-11	-1.078334e+00	-1.059362e+01
6.570000e-06	-2.832022e-10	-1.206400e-10	-1.330957e+00	-1.333465e+01
6.580000e-06	-3.369385e-10	-1.456053e-10	-1.583497e+00	-1.607499e+01
6.590000e-06	-3.906259e-10	-1.688720e-10	-1.835806e+00	-1.881448e+01
6.600000e-06	-4.442812e-10	-1.933567e-10	-2.087965e+00	-2.155298e+01
6.610000e-06	-4.978799e-10	-2.199956e-10	-2.339857e+00	-2.429035e+01
6.620000e-06	-5.514129e-10	-2.461827e-10	-2.591442e+00	-2.702646e+01
6.630000e-06	-6.049170e-10	-2.696592e-10	-2.842890e+00	-2.976115e+01
6.640000e-06	-6.583654e-10	-2.899805e-10	-3.094076e+00	-3.249428e+01
6.650000e-06	-7.117679e-10	-3.112545e-10	-3.345047e+00	-3.522571e+01
6.660000e-06	-7.651130e-10	-3.380165e-10	-3.595748e+00	-3.795531e+01
6.670000e-06	-8.183693e-10	-3.679698e-10	-3.846032e+00	-4.068291e+01
6.680000e-06	-8.715657e-10	-3.951816e-10	-4.096035e+00	-4.340839e+01
6.690000e-06	-9.246994e-10	-4.177617e-10	-4.345742e+00	-4.613160e+01
6.700000e-06	-9.777371e-10	-4.382665e-10	-4.594999e+00	-4.885240e+01
6.710000e-06	-1.030658e-09	-4.603666e-10	-4.843704e+00	-5.157065e+01
6.720000e-06	-1.083470e-09	-4.846823e-10	-5.091903e+00	-5.428620e+01
6.730000e-06	-1.136182e-09	-5.081883e-10	-5.339631e+00	-5.699892e+01
6.740000e-06	-1.188795e-09	-5.309525e-10	-5.586889e+00	-5.970866e+01
6.750000e-06	-1.241306e-09	-5.564531e-10	-5.833672e+00	-6.241528e+01
6.760000e-06	-1.293718e-09	-5.856608e-10	-6.079988e+00	-6.511863e+01
6.770000e-06	-1.346052e-09	-6.147133e-10	-6.325936e+00	-6.781859e+01
6.780000e-06	-1.398321e-09	-6.384838e-10	-6.571580e+00	-7.051500e+01
6.790000e-06	-1.450525e-09	-6.589710e-10	-6.816919e+00	-7.320773e+01
6.800000e-06	-1.502639e-09	-6.805064e-10	-7.061838e+00	-7.589664e+01
6.810000e-06	-1.554650e-09	-7.052605e-10	-7.306269e+00	-7.858158e+01
6.820000e-06	-1.606566e-09	-7.305216e-10	-7.550256e+00	-8.126242e+01
6.830000e-06	-1.658406e-09	-7.545381e-10	-7.793883e+00	-8.393901e+01
6.840000e-06	-1.710166e-09	-7.786404e-10	-8.037139e+00	-8.661122e+01
6.850000e-06	-1.761849e-09	-8.033589e-10	-8.280030e+00	-8.927891e+01
6.860000e-06	-1.813441e-09	-8.303757e-10	-8.522491e+00	-9.194193e+01
6.870000e-06	-1.864907e-09	-8.551904e-10	-8.764363e+00	-9.460016e+01
6.880000e-06	-1.916276e-09	-8.772946e-10	-9.005781e+00	-9.725344e+01
6.890000e-06	-1.967573e-09	-9.002562e-10	-9.246855e+00	-9.990164e+01
6.900000e-06	-2.018796e-09	-9.255784e-10	-9.487583e+00	-1.025446e+02
6.910000e-06	-2.069932e-09	-9.529218e-10	-9.727906e+00	-1.051823e+02
6.920000e-06	-2.120953e-09	-9.785364e-10	-9.967684e+00	-1.078144e+02
6.930000e-06	-2.171852e-09	-1.001921e-09	-1.020689e+01	-1.104409e+02
6.940000e-06	-2.222617e-09	-1.025187e-09	-1.044547e+01	-1.130617e+02
6.950000e-06	-2.273235e-09	-1.050053e-09	-1.068335e+01	-1.156765e+02
6.960000e-06	-2.323712e-09	-1.073976e-09	-1.092057e+01	-1.182853e+02
6.970000e-06	-2.374075e-09	-1.095237e-09	-1.115726e+01	-1.208879e+02
6.980000e-06	-2.424312e-09	-1.117670e-09	-1.139335e+01	-1.234842e+02
6.990000e-06	-2.474373e-09	-1.143437e-09	-1.162862e+01	-1.260741e+02
7.000000e-06	-2.524260e-09	-1.170173e-09	-1.186307e+01	-1.286574e+02
7.010000e-06	-2.574018e-09	-1.194637e-09	-1.209692e+01	-1.312340e+02
7.020000e-06	-2.623645e-09	-1.216021e-09	-1.233014e+01	-1.338037e+02
7.030000e-06	-2.673103e-09	-1.235032e-09	-1.256258e+01	-1.363664e+02
7.040000e-06	-2.722389e-09	-1.255419e-09	-1.279421e+01	-1.389220e+02
7.050000e-06	-2.771472e-09	-1.278625e-09	-1.302488e+01	-1.414704e+02
7.060000e-06	-2.820361e-09	-1.302557e-09	-1.325464e+01	-1.440113e+02
7.070000e-06	-2.869054e-09	-1.326474e-09	-1.348348e+01	-1.465448e+02
7.080000e-06	-2.917521e-09	-1.350040e-09	-1.371125e+01	-1.490706e+02
7.090000e-06	-2.965794e-09	-1.373563e-09	-1.393812e+01	-1.515886e+02
7.100000e-06	-3.013835e-09	-1.394175e-09	-1.416389e+01	-1.540987e+02
7.110000e-06	-3.061619e-09	-1.412273e-09	-1.438846e+01	-1.566008e+02
7.120000e-06	-3.109159e-09	-1.430833e-09	-1.461188e+01	-1.590947e+02
7.130000e-06	-3.156448e-09	-1.452452e-09	-1.483412e+01	-1.615803e+02
7.140000e-06	-3.203528e-09	-1.477080e-09	-1.505538e+01	-1.640574e+02
7.150000e-06	-3.250432e-09	-1.500614e-09	-1.527581e+01	-1.665260e+02
7.160000e-06	-3.297147e-09	-1.521791e-09	-1.549535e+01	-1.689859e+02
7.170000e-06	-3.343681e-09	-1.540204e-09	-1.571404e+01	-1.714370e+02
7.180000e-06	-3.390088e-09	-1.557772e-09	-1.593214e+01	-1.738791e+02
7.190000e-06	-3.436386e-09	-1.576545e-09	-1.614972e+01	-1.763121e+02
7.200000e-06	-3.482549e-09	-1.597136e-09	-1.636667e+01	-1.787360e+02
7.210000e-06	-3.528568e-09	-1.619702e-09	-1.658294e+01	-1.811505e+02
7.220000e-06	-3.574472e-09	-1.643557e-09	-1.679868e+01	-1.835555e+02
7.230000e-06	-3.620270e-09	-1.667605e-09	-1.701391e+01	-1.859510e+02
7.240000e-06	-3.665933e-09	-1.688902e-09	-1.722851e+01	-1.883368e+02
7.250000e-06	-3.711439e-09	-1.705279e-09	-1.744237e+01	-1.907127e+02
7.260000e-06	-3.756790e-09	-1.719135e-09	-1.765551e+01	-1.930787e+02
7.270000e-06	-3.801953e-09	-1.736031e-09	-1.786775e+01	-1.954346e+02
7.280000e-06	-3.846907e-09	-1.757823e-09	-1.807902e+01	-1.977803e+02
7.290000e-06	-3.891663e-09	-1.781441e-09	-1.828936e+01	-2.001156e+02
7.300000e-06	-3.936210e-09	-1.802610e-09	-1.849871e+01	-2.024406e+02
7.310000e-06	-3.980528e-09	-1.819710e-09	-1.870699e+01	-2.047549e+02
7.320000e-06	-4.024642e-09	-1.836534e-09	-1.891431e+01	-2.070586e+02
7.330000e-06	-4.068577e-09	-1.855667e-09	-1.912078e+01	-2.093515e+02
7.340000e-06	-4.112378e-09	-1.874917e-09	-1.932664e+01	-2.116334e+02
7.350000e-06	-4.156061e-09	-1.891968e-09	-1.953193e+01	-2.139043e+02
7.360000e-06	-4.199631e-09	-1.907117e-09	-1.973669e+01	-2.161640e+02
7.370000e-06	-4.243088e-09	-1.922087e-09	-1.994092e+01	-2.184125e+02
7.380000e-06	-4.286402e-09	-1.938686e-09	-2.014448e+01	-2.206495e+02
7.390000e-06	-4.329557e-09	-1.956558e-09	-2.034729e+01	-2.228750e+02
7.400000e-06	-4.372492e-09	-1.974009e-09	-2.054908e+01	-2.250889e+02
7.410000e-06	-4.415178e-09	-1.991819e-09	-2.074968e+01	-2.272911e+02
7.420000e-06	-4.457623e-09	-2.010736e-09	-2.094916e+01	-2.294814e+02
7.430000e-06	-4.499841e-09	-2.029996e-09	-2.114757e+01	-2.316597e+02
7.440000e-06	-4.541837e-09	-2.047470e-09	-2.134493e+01	-2.338259e+02
7.450000e-06	-4.583611e-09	-2.060316e-09	-2.154125e+01	-2.359799e+02
7.460000e-06	-4.625194e-09	-2.070405e-09	-2.173668e+01	-2.381216e+02
7.470000e-06	-4.666589e-09	-2.083547e-09	-2.193122e+01	-2.402508e+02
7.480000e-06	-4.707764e-09	-2.102407e-09	-2.212473e+01	-2.423676e+02
7.490000e-06	-4.748680e-09	-2.124085e-09	-2.231702e+01	-2.444716e+02
7.500000e-06	-4.789331e-09	-2.143562e-09	-2.250806e+01	-2.465629e+02
7.510000e-06	-4.829704e-09	-2.159190e-09	-2.269780e+01	-2.486414e+02
7.520000e-06	-4.869815e-09	-2.174380e-09	-2.288631e+01	-2.507068e+02
7.530000e-06	-4.909724e-09	-2.191207e-09	-2.307387e+01	-2.527592e+02
7.540000e-06	-4.949483e-09	-2.208072e-09	-2.326072e+01	-2.547984e+02
7.550000e-06	-4.989100e-09	-2.224258e-09	-2.344690e+01	-2.568243e+02
7.560000e-06	-5.028567e-09	-2.241011e-09	-2.363238e+01	-2.588368e+02
7.570000e-06	-5.067867e-09	-2.261524e-09	-2.381708e+01	-2.608357e+02
7.580000e-06	-5.106952e-09	-2.284608e-09	-2.400076e+01	-2.628211e+02
7.590000e-06	-5.145767e-09	-2.304559e-09	-2.418318e+01	-2.647927e+02
7.600000e-06	-5.184248e-09	-2.318692e-09	-2.436402e+01	-2.667506e+02
7.610000e-06	-5.222314e-09	-2.331156e-09	-2.454292e+01	-2.686945e+02
7.620000e-06	-5.259888e-09	-2.348496e-09	-2.471950e+01	-2.706243e+02
7.630000e-06	-5.296972e-09	-2.369573e-09	-2.489378e+01	-2.725401e+02
7.640000e-06	-5.333621e-09	-2.387864e-09	-2.506602e+01	-2.744416e+02
7.650000e-06	-5.369906e-09	-2.399597e-09	-2.523654e+01	-2.763288e+02
7.660000e-06	-5.405908e-09	-2.410475e-09	-2.540574e+01	-2.782016e+02
7.670000e-06	-5.441699e-09	-2.426161e-09	-2.557395e+01	-2.800598e+02
7.680000e-06	-5.477327e-09	-2.444216e-09	-2.574138e+01	-2.819035e+02
7.690000e-06	-5.512781e-09	-2.462843e-09	-2.590801e+01	-2.837324e+02
7.700000e-06	-5.548042e-09	-2.479950e-09	-2.607372e+01	-2.855465e+02
7.710000e-06	-5.583065e-09	-2.495894e-09	-2.623831e+01	-2.873457e+02
7.720000e-06	-5.617814e-09	-2.512414e-09	-2.640162e+01	-2.891300e+02
7.730000e-06	-5.652260e-09	-2.526622e-09	-2.656350e+01	-2.908991e+02
7.740000e-06	-5.686402e-09	-2.536657e-09	-2.672396e+01	-2.926530e+02
7.750000e-06	-5.720264e-09	-2.542989e-09	-2.688310e+01	-2.943917e+02
7.760000e-06	-5.753853e-09	-2.552461e-09	-2.704095e+01	-2.961150e+02
7.770000e-06	-5.787164e-09	-2.570869e-09	-2.719750e+01	-2.978228e+02
7.780000e-06	-5.820175e-09	-2.594148e-09	-2.735264e+01	-2.995152e+02
7.790000e-06	-5.852875e-09	-2.613895e-09	-2.750632e+01	-3.011918e+02
7.800000e-06	-5.885271e-09	-2.625644e-09	-2.765857e+01	-3.028528e+02
7.810000e-06	-5.917389e-09	-2.633853e-09	-2.780951e+01	-3.044979e+02
7.820000e-06	-5.949268e-09	-2.643231e-09	-2.795933e+01	-3.061272e+02
7.830000e-06	-5.980932e-09	-2.655289e-09	-2.810814e+01	-3.077405e+02
7.840000e-06	-6.012378e-09	-2.668941e-09	-2.825593e+01	-3.093377e+02
7.850000e-06	-6.043598e-09	-2.683770e-09	-2.840265e+01	-3.109188e+02
7.860000e-06	-6.074485e-09	-2.700187e-09	-2.854781e+01	-3.124836e+02
7.870000e-06	-6.104935e-09	-2.716115e-09	-2.869091e+01	-3.140321e+02
7.880000e-06	-6.134923e-09	-2.728572e-09	-2.883184e+01	-3.155643e+02
7.890000e-06	-6.164401e-09	-2.735543e-09	-2.897038e+01	-3.170800e+02
7.900000e-06	-6.193366e-09	-2.741338e-09	-2.910650e+01	-3.185791e+02
7.910000e-06	-6.221866e-09	-2.751748e-09	-2.924044e+01	-3.200616e+02
7.920000e-06	-6.249994e-09	-2.767512e-09	-2.937263e+01	-3.215274e+02
7.930000e-06	-6.277878e-09	-2.785318e-09	-2.950368e+01	-3.229764e+02
7.940000e-06	-6.305550e-09	-2.798931e-09	-2.963372e+01	-3.244086e+02
7.950000e-06	-6.333010e-09	-2.807794e-09	-2.976278e+01	-3.258238e+02
7.960000e-06	-6.360242e-09	-2.816192e-09	-2.989076e+01	-3.272220e+02
7.970000e-06	-6.387192e-09	-2.825477e-09	-3.001741e+01	-3.286032e+02
7.980000e-06	-6.413814e-09	-2.835090e-09	-3.014252e+01	-3.299672e+02
7.990000e-06	-6.440096e-09	-2.844507e-09	-3.026604e+01	-3.313139e+02
8.000000e-06	-6.466040e-09	-2.855878e-09	-3.038797e+01	-3.326434e+02
8.010000e-06	-6.491655e-09	-2.870077e-09	-3.050835e+01	-3.339555e+02
8.020000e-06	-6.516928e-09	-2.883805e-09	-3.062712e+01	-3.352502e+02
8.030000e-06	-6.541844e-09	-2.894625e-09	-3.074422e+01	-3.365274e+02
8.040000e-06	-6.566406e-09	-2.901315e-09	-3.085965e+01	-3.377871e+02
8.050000e-06	-6.590647e-09	-2.906318e-09	-3.097357e+01	-3.390291e+02
8.060000e-06	-6.614623e-09	-2.912819e-09	-3.108625e+01	-3.402534e+02
8.070000e-06	-6.638378e-09	-2.921085e-09	-3.119789e+01	-3.414599e+02
8.080000e-06	-6.661933e-09	-2.932013e-09	-3.130859e+01	-3.426487e+02
8.090000e-06	-6.685256e-09	-2.942419e-09	-3.141820e+01	-3.438195e+02
8.100000e-06	-6.708256e-09	-2.951503e-09	-3.152629e+01	-3.449724e+02
8.110000e-06	-6.730830e-09	-2.960004e-09	-3.163238e+01	-3.461073e+02
8.120000e-06	-6.752891e-09	-2.967508e-09	-3.173606e+01	-3.472241e+02
8.130000e-06	-6.774412e-09	-2.974994e-09	-3.183720e+01	-3.483229e+02
8.140000e-06	-6.795389e-09	-2.980857e-09	-3.193578e+01	-3.494034e+02
8.150000e-06	-6.815856e-09	-2.986440e-09	-3.203197e+01	-3.504657e+02
8.160000e-06	-6.835937e-09	-2.993766e-09	-3.212634e+01	-3.515097e+02
8.170000e-06	-6.855750e-09	-3.003868e-09	-3.221946e+01	-3.525354e+02
8.180000e-06	-6.875349e-09	-3.015157e-09	-3.231156e+01	-3.535426e+02
8.190000e-06	-6.894719e-09	-3.025228e-09	-3.240260e+01	-3.545315e+02
8.200000e-06	-6.913796e-09	-3.034959e-09	-3.249225e+01	-3.555018e+02
8.210000e-06	-6.932506e-09	-3.044749e-09	-3.258018e+01	-3.564535e+02
8.220000e-06	-6.950845e-09	-3.053963e-09	-3.266637e+01	-3.573867e+02
8.230000e-06	-6.968846e-09	-3.060187e-09	-3.275097e+01	-3.583012e+02
8.240000e-06	-6.986558e-09	-3.063229e-09	-3.283420e+01	-3.591970e+02
8.250000e-06	-7.003974e-09	-3.066775e-09	-3.291605e+01	-3.600740e+02
8.260000e-06	-7.021036e-09	-3.074231e-09	-3.299624e+01	-3.609323e+02
8.270000e-06	-7.037722e-09	-3.084237e-09	-3.307466e+01	-3.617717e+02
8.280000e-06	-7.054035e-09	-3.092638e-09	-3.315132e+01	-3.625923e+02
8.290000e-06	-7.070040e-09	-3.098805e-09	-3.322654e+01	-3.633939e+02
8.300000e-06	-7.085810e-09	-3.103559e-09	-3.330065e+01	-3.641766e+02
8.310000e-06	-7.101353e-09	-3.108722e-09	-3.337370e+01	-3.649402e+02
8.320000e-06	-7.116600e-09	-3.114763e-09	-3.344535e+01	-3.656848e+02
8.330000e-06	-7.131375e-09	-3.120569e-09	-3.351479e+01	-3.664103e+02
8.340000e-06	-7.145538e-09	-3.125529e-09	-3.358135e+01	-3.671167e+02
8.350000e-06	-7.159074e-09	-3.129847e-09	-3.364497e+01	-3.678040e+02
8.360000e-06	-7.172016e-09	-3.135818e-09	-3.370579e+01	-3.684720e+02
8.370000e-06	-7.184450e-09	-3.142519e-09	-3.376423e+01	-3.691208e+02
8.380000e-06	-7.196490e-09	-3.147953e-09	-3.382081e+01	-3.697504e+02
8.390000e-06	-7.208179e-09	-3.152617e-09	-3.387574e+01	-3.703606e+02
8.400000e-06	-7.219542e-09	-3.158408e-09	-3.392914e+01	-3.709516e+02
8.410000e-06	-7.230541e-09	-3.165585e-09	-3.398083e+01	-3.715231e+02
8.420000e-06	-7.241147e-09	-3.170410e-09	-3.403068e+01	-3.720753e+02
8.430000e-06	-7.251385e-09	-3.171050e-09	-3.407879e+01	-3.726081e+02
8.440000e-06	-7.261262e-09	-3.170694e-09	-3.412521e+01	-3.731214e+02
8.450000e-06	-7.270807e-09	-3.174637e-09	-3.417007e+01	-3.736152e+02
8.460000e-06	-7.280011e-09	-3.182324e-09	-3.421332e+01	-3.740896e+02
8.470000e-06	-7.288844e-09	-3.189283e-09	-3.425484e+01	-3.745444e+02
8.480000e-06	-7.297291e-09	-3.193217e-09	-3.429454e+01	-3.749796e+02
8.490000e-06	-7.305379e-09	-3.195920e-09	-3.433255e+01	-3.753953e+02
8.500000e-06	-7.313211e-09	-3.201064e-09	-3.436935e+01	-3.757914e+02
8.510000e-06	-7.320826e-09	-3.207613e-09	-3.440514e+01	-3.761679e+02
8.520000e-06	-7.328194e-09	-3.210203e-09	-3.443976e+01	-3.765248e+02
8.530000e-06	-7.335233e-09	-3.206308e-09	-3.447285e+01	-3.768620e+02
8.540000e-06	-7.341823e-09	-3.201900e-09	-3.450382e+01	-3.771796e+02
8.550000e-06	-7.347844e-09	-3.203005e-09	-3.453211e+01	-3.774774e+02
8.560000e-06	-7.353265e-09	-3.210072e-09	-3.455759e+01	-3.777556e+02
8.570000e-06	-7.358126e-09	-3.218064e-09	-3.458043e+01	-3.780140e+02
8.580000e-06	-7.362498e-09	-3.223326e-09	-3.460098e+01	-3.782527e+02
8.590000e-06	-7.366509e-09	-3.226862e-09	-3.461983e+01	-3.784717e+02
8.600000e-06	-7.370255e-09	-3.229685e-09	-3.463743e+01	-3.786709e+02
8.610000e-06	-7.373767e-09	-3.229647e-09	-3.465394e+01	-3.788504e+02
8.620000e-06	-7.376991e-09	-3.223644e-09	-3.466909e+01	-3.790101e+02
8.630000e-06	-7.379857e-09	-3.215980e-09	-3.468256e+01	-3.791500e+02
8.640000e-06	-7.382334e-09	-3.214202e-09	-3.469420e+01	-3.792701e+02
8.650000e-06	-7.384442e-09	-3.221198e-09	-3.470411e+01	-3.793704e+02
8.660000e-06	-7.386239e-09	-3.230036e-09	-3.471255e+01	-3.794510e+02
8.670000e-06	-7.387778e-09	-3.232648e-09	-3.471978e+01	-3.795117e+02
8.680000e-06	-7.388915e-09	-3.229685e-09	-3.472513e+01	-3.795526e+02
8.690000e-06	-7.389546e-09	-3.225540e-09	-3.472810e+01	-3.795737e+02
