# Temperatura_=_20.0
# Concentracion g/m^3_=_10000.0
# C_Vs_to_Am_M_A/Vsm_=_116720831517.84952
# pendiente_HvsI_1/m_=_3716.3
# ordenada_HvsI_A/m_=_1297.0
# frecuencia_Hz_=_114781.75568735447
# Promedio de 26 ciclos

Tiempo_(s)	Campo_(V.s)	Magnetizacion_(V.s)	Campo_(kA/m)	Magnetizacion_(A/m)
0.000000e+00	-4.893279e-09	-2.123401e-09	-2.355454e+01	-2.481687e+02
1.000000e-08	-4.893345e-09	-2.125512e-09	-2.355486e+01	-2.481411e+02
2.000000e-08	-4.893263e-09	-2.125809e-09	-2.355446e+01	-2.481006e+02
3.000000e-08	-4.893053e-09	-2.120968e-09	-2.355345e+01	-2.480472e+02
4.000000e-08	-4.892693e-09	-2.110266e-09	-2.355172e+01	-2.479808e+02
5.000000e-08	-4.892154e-09	-2.102430e-09	-2.354912e+01	-2.479016e+02
6.000000e-08	-4.891315e-09	-2.107205e-09	-2.354509e+01	-2.478094e+02
7.000000e-08	-4.890075e-09	-2.124192e-09	-2.353912e+01	-2.477043e+02
8.000000e-08	-4.888441e-09	-2.157956e-09	-2.353125e+01	-2.475864e+02
9.000000e-08	-4.886434e-09	-2.158988e-09	-2.352159e+01	-2.474555e+02
1.000000e-07	-4.884093e-09	-2.080473e-09	-2.351032e+01	-2.473118e+02
1.100000e-07	-4.881445e-09	-1.981763e-09	-2.349758e+01	-2.471552e+02
1.200000e-07	-4.878493e-09	-1.944293e-09	-2.348337e+01	-2.469857e+02
1.300000e-07	-4.875241e-09	-1.948509e-09	-2.346771e+01	-2.468033e+02
1.400000e-07	-4.871687e-09	-1.978714e-09	-2.345060e+01	-2.466081e+02
1.500000e-07	-4.867856e-09	-2.027143e-09	-2.343216e+01	-2.464001e+02
1.600000e-07	-4.863795e-09	-2.053492e-09	-2.341261e+01	-2.461792e+02
1.700000e-07	-4.859558e-09	-2.066372e-09	-2.339222e+01	-2.459455e+02
1.800000e-07	-4.855189e-09	-2.048638e-09	-2.337119e+01	-2.456991e+02
1.900000e-07	-4.850690e-09	-2.008289e-09	-2.334953e+01	-2.454398e+02
2.000000e-07	-4.846026e-09	-1.983299e-09	-2.332708e+01	-2.451677e+02
2.100000e-07	-4.841139e-09	-1.990486e-09	-2.330356e+01	-2.448829e+02
2.200000e-07	-4.835959e-09	-2.008534e-09	-2.327862e+01	-2.445853e+02
2.300000e-07	-4.830468e-09	-2.029769e-09	-2.325219e+01	-2.442750e+02
2.400000e-07	-4.824697e-09	-2.046862e-09	-2.322441e+01	-2.439520e+02
2.500000e-07	-4.818685e-09	-2.035480e-09	-2.319547e+01	-2.436163e+02
2.600000e-07	-4.812449e-09	-1.998019e-09	-2.316546e+01	-2.432679e+02
2.700000e-07	-4.805985e-09	-1.960460e-09	-2.313434e+01	-2.429068e+02
2.800000e-07	-4.799271e-09	-1.958412e-09	-2.310202e+01	-2.425331e+02
2.900000e-07	-4.792295e-09	-1.984374e-09	-2.306844e+01	-2.421467e+02
3.000000e-07	-4.785047e-09	-2.010547e-09	-2.303355e+01	-2.417477e+02
3.100000e-07	-4.777515e-09	-2.013082e-09	-2.299729e+01	-2.413362e+02
3.200000e-07	-4.769736e-09	-1.999129e-09	-2.295985e+01	-2.409121e+02
3.300000e-07	-4.761765e-09	-1.978805e-09	-2.292148e+01	-2.404754e+02
3.400000e-07	-4.753642e-09	-1.956529e-09	-2.288238e+01	-2.400262e+02
3.500000e-07	-4.745386e-09	-1.949185e-09	-2.284264e+01	-2.395646e+02
3.600000e-07	-4.737000e-09	-1.951967e-09	-2.280227e+01	-2.390904e+02
3.700000e-07	-4.728456e-09	-1.965796e-09	-2.276114e+01	-2.386038e+02
3.800000e-07	-4.719689e-09	-1.981083e-09	-2.271894e+01	-2.381048e+02
3.900000e-07	-4.710640e-09	-1.983865e-09	-2.267538e+01	-2.375934e+02
4.000000e-07	-4.701256e-09	-1.963738e-09	-2.263021e+01	-2.370696e+02
4.100000e-07	-4.691489e-09	-1.932434e-09	-2.258320e+01	-2.365335e+02
4.200000e-07	-4.681294e-09	-1.922201e-09	-2.253412e+01	-2.359850e+02
4.300000e-07	-4.670652e-09	-1.931797e-09	-2.248289e+01	-2.354243e+02
4.400000e-07	-4.659592e-09	-1.948706e-09	-2.242965e+01	-2.348513e+02
4.500000e-07	-4.648180e-09	-1.952484e-09	-2.237472e+01	-2.342661e+02
4.600000e-07	-4.636483e-09	-1.945185e-09	-2.231841e+01	-2.336687e+02
4.700000e-07	-4.624554e-09	-1.929065e-09	-2.226099e+01	-2.330591e+02
4.800000e-07	-4.612425e-09	-1.911861e-09	-2.220261e+01	-2.324374e+02
4.900000e-07	-4.600090e-09	-1.906843e-09	-2.214323e+01	-2.318035e+02
5.000000e-07	-4.587545e-09	-1.910220e-09	-2.208285e+01	-2.311576e+02
5.100000e-07	-4.574761e-09	-1.918649e-09	-2.202131e+01	-2.304997e+02
5.200000e-07	-4.561699e-09	-1.922291e-09	-2.195843e+01	-2.298298e+02
5.300000e-07	-4.548356e-09	-1.920499e-09	-2.189420e+01	-2.291479e+02
5.400000e-07	-4.534731e-09	-1.909352e-09	-2.182862e+01	-2.284541e+02
5.500000e-07	-4.520844e-09	-1.895868e-09	-2.176177e+01	-2.277483e+02
5.600000e-07	-4.506743e-09	-1.889507e-09	-2.169389e+01	-2.270307e+02
5.700000e-07	-4.492427e-09	-1.888137e-09	-2.162498e+01	-2.263013e+02
5.800000e-07	-4.477843e-09	-1.890758e-09	-2.155478e+01	-2.255602e+02
5.900000e-07	-4.462967e-09	-1.894001e-09	-2.148317e+01	-2.248072e+02
6.000000e-07	-4.447775e-09	-1.895005e-09	-2.141004e+01	-2.240426e+02
6.100000e-07	-4.432235e-09	-1.887468e-09	-2.133524e+01	-2.232663e+02
6.200000e-07	-4.416348e-09	-1.875936e-09	-2.125876e+01	-2.224784e+02
6.300000e-07	-4.400142e-09	-1.866105e-09	-2.118075e+01	-2.216788e+02
6.400000e-07	-4.383625e-09	-1.860151e-09	-2.110125e+01	-2.208678e+02
6.500000e-07	-4.366798e-09	-1.857166e-09	-2.102025e+01	-2.200452e+02
6.600000e-07	-4.349687e-09	-1.852616e-09	-2.093788e+01	-2.192112e+02
6.700000e-07	-4.332341e-09	-1.844573e-09	-2.085439e+01	-2.183658e+02
6.800000e-07	-4.314820e-09	-1.834625e-09	-2.077004e+01	-2.175090e+02
6.900000e-07	-4.297128e-09	-1.829699e-09	-2.068488e+01	-2.166408e+02
7.000000e-07	-4.279291e-09	-1.825670e-09	-2.059902e+01	-2.157614e+02
7.100000e-07	-4.261328e-09	-1.818549e-09	-2.051255e+01	-2.148708e+02
7.200000e-07	-4.243203e-09	-1.809076e-09	-2.042530e+01	-2.139690e+02
7.300000e-07	-4.224900e-09	-1.799248e-09	-2.033720e+01	-2.130560e+02
7.400000e-07	-4.206413e-09	-1.790499e-09	-2.024821e+01	-2.121319e+02
7.500000e-07	-4.187721e-09	-1.783160e-09	-2.015823e+01	-2.111968e+02
7.600000e-07	-4.168782e-09	-1.779167e-09	-2.006707e+01	-2.102507e+02
7.700000e-07	-4.149553e-09	-1.775575e-09	-1.997451e+01	-2.092936e+02
7.800000e-07	-4.130054e-09	-1.772078e-09	-1.988064e+01	-2.083257e+02
7.900000e-07	-4.110335e-09	-1.767219e-09	-1.978572e+01	-2.073468e+02
8.000000e-07	-4.090434e-09	-1.759084e-09	-1.968993e+01	-2.063572e+02
8.100000e-07	-4.070401e-09	-1.745025e-09	-1.959349e+01	-2.053569e+02
8.200000e-07	-4.050257e-09	-1.728394e-09	-1.949653e+01	-2.043458e+02
8.300000e-07	-4.030009e-09	-1.715793e-09	-1.939906e+01	-2.033242e+02
8.400000e-07	-4.009674e-09	-1.708414e-09	-1.930118e+01	-2.022919e+02
8.500000e-07	-3.989241e-09	-1.707472e-09	-1.920282e+01	-2.012491e+02
8.600000e-07	-3.968680e-09	-1.706709e-09	-1.910385e+01	-2.001958e+02
8.700000e-07	-3.947938e-09	-1.700486e-09	-1.900400e+01	-1.991321e+02
8.800000e-07	-3.926979e-09	-1.687572e-09	-1.890311e+01	-1.980580e+02
8.900000e-07	-3.905802e-09	-1.670540e-09	-1.880118e+01	-1.969736e+02
9.000000e-07	-3.884391e-09	-1.653388e-09	-1.869811e+01	-1.958789e+02
9.100000e-07	-3.862763e-09	-1.638378e-09	-1.859400e+01	-1.947740e+02
9.200000e-07	-3.840924e-09	-1.630810e-09	-1.848887e+01	-1.936590e+02
9.300000e-07	-3.818887e-09	-1.630123e-09	-1.838280e+01	-1.925340e+02
9.400000e-07	-3.796682e-09	-1.631785e-09	-1.827591e+01	-1.913988e+02
9.500000e-07	-3.774342e-09	-1.627840e-09	-1.816837e+01	-1.902538e+02
9.600000e-07	-3.751856e-09	-1.615132e-09	-1.806013e+01	-1.890988e+02
9.700000e-07	-3.729171e-09	-1.598328e-09	-1.795093e+01	-1.879339e+02
9.800000e-07	-3.706295e-09	-1.582264e-09	-1.784082e+01	-1.867593e+02
9.900000e-07	-3.683241e-09	-1.570379e-09	-1.772984e+01	-1.855749e+02
1.000000e-06	-3.659960e-09	-1.562659e-09	-1.761777e+01	-1.843809e+02
1.010000e-06	-3.636448e-09	-1.558656e-09	-1.750460e+01	-1.831773e+02
1.020000e-06	-3.612727e-09	-1.554921e-09	-1.739041e+01	-1.819641e+02
1.030000e-06	-3.588827e-09	-1.549795e-09	-1.727537e+01	-1.807415e+02
1.040000e-06	-3.564807e-09	-1.541224e-09	-1.715974e+01	-1.795094e+02
1.050000e-06	-3.540651e-09	-1.527567e-09	-1.704347e+01	-1.782680e+02
1.060000e-06	-3.516369e-09	-1.512575e-09	-1.692658e+01	-1.770173e+02
1.070000e-06	-3.491978e-09	-1.500245e-09	-1.680917e+01	-1.757574e+02
1.080000e-06	-3.467464e-09	-1.491869e-09	-1.669117e+01	-1.744884e+02
1.090000e-06	-3.442811e-09	-1.485910e-09	-1.657250e+01	-1.732102e+02
1.100000e-06	-3.418004e-09	-1.480787e-09	-1.645309e+01	-1.719230e+02
1.110000e-06	-3.393013e-09	-1.475946e-09	-1.633279e+01	-1.706269e+02
1.120000e-06	-3.367786e-09	-1.471791e-09	-1.621135e+01	-1.693219e+02
1.130000e-06	-3.342297e-09	-1.465418e-09	-1.608866e+01	-1.680081e+02
1.140000e-06	-3.316531e-09	-1.454224e-09	-1.596463e+01	-1.666855e+02
1.150000e-06	-3.290464e-09	-1.438809e-09	-1.583915e+01	-1.653542e+02
1.160000e-06	-3.264075e-09	-1.423311e-09	-1.571212e+01	-1.640143e+02
1.170000e-06	-3.237370e-09	-1.412412e-09	-1.558358e+01	-1.626659e+02
1.180000e-06	-3.210377e-09	-1.404811e-09	-1.545364e+01	-1.613090e+02
1.190000e-06	-3.183111e-09	-1.398156e-09	-1.532239e+01	-1.599437e+02
1.200000e-06	-3.155610e-09	-1.390130e-09	-1.519001e+01	-1.585701e+02
1.210000e-06	-3.127906e-09	-1.381334e-09	-1.505666e+01	-1.571882e+02
1.220000e-06	-3.100024e-09	-1.373411e-09	-1.492244e+01	-1.557981e+02
1.230000e-06	-3.071999e-09	-1.363378e-09	-1.478754e+01	-1.543999e+02
1.240000e-06	-3.043878e-09	-1.349421e-09	-1.465217e+01	-1.529936e+02
1.250000e-06	-3.015695e-09	-1.334230e-09	-1.451651e+01	-1.515794e+02
1.260000e-06	-2.987450e-09	-1.322649e-09	-1.438055e+01	-1.501573e+02
1.270000e-06	-2.959143e-09	-1.314976e-09	-1.424429e+01	-1.487274e+02
1.280000e-06	-2.930774e-09	-1.307141e-09	-1.410773e+01	-1.472897e+02
1.290000e-06	-2.902323e-09	-1.297101e-09	-1.397078e+01	-1.458443e+02
1.300000e-06	-2.873777e-09	-1.284506e-09	-1.383337e+01	-1.443914e+02
1.310000e-06	-2.845112e-09	-1.272277e-09	-1.369538e+01	-1.429309e+02
1.320000e-06	-2.816322e-09	-1.261651e-09	-1.355680e+01	-1.414630e+02
1.330000e-06	-2.787395e-09	-1.250274e-09	-1.341755e+01	-1.399877e+02
1.340000e-06	-2.758291e-09	-1.237545e-09	-1.327746e+01	-1.385051e+02
1.350000e-06	-2.728985e-09	-1.225169e-09	-1.313639e+01	-1.370153e+02
1.360000e-06	-2.699495e-09	-1.214039e-09	-1.299443e+01	-1.355184e+02
1.370000e-06	-2.669865e-09	-1.201604e-09	-1.285180e+01	-1.340144e+02
1.380000e-06	-2.640112e-09	-1.187628e-09	-1.270859e+01	-1.325034e+02
1.390000e-06	-2.610233e-09	-1.174654e-09	-1.256476e+01	-1.309855e+02
1.400000e-06	-2.580219e-09	-1.162810e-09	-1.242028e+01	-1.294608e+02
1.410000e-06	-2.550097e-09	-1.151030e-09	-1.227529e+01	-1.279293e+02
1.420000e-06	-2.519890e-09	-1.138810e-09	-1.212988e+01	-1.263912e+02
1.430000e-06	-2.489600e-09	-1.125559e-09	-1.198407e+01	-1.248465e+02
1.440000e-06	-2.459228e-09	-1.113267e-09	-1.183787e+01	-1.232952e+02
1.450000e-06	-2.428754e-09	-1.101202e-09	-1.169118e+01	-1.217376e+02
1.460000e-06	-2.398164e-09	-1.086855e-09	-1.154393e+01	-1.201736e+02
1.470000e-06	-2.367445e-09	-1.070643e-09	-1.139606e+01	-1.186034e+02
1.480000e-06	-2.336621e-09	-1.054565e-09	-1.124769e+01	-1.170269e+02
1.490000e-06	-2.305708e-09	-1.042318e-09	-1.109888e+01	-1.154444e+02
1.500000e-06	-2.274653e-09	-1.032457e-09	-1.094940e+01	-1.138558e+02
1.510000e-06	-2.243436e-09	-1.021798e-09	-1.079912e+01	-1.122613e+02
1.520000e-06	-2.212088e-09	-1.008260e-09	-1.064823e+01	-1.106610e+02
1.530000e-06	-2.180636e-09	-9.909685e-10	-1.049683e+01	-1.090549e+02
1.540000e-06	-2.149092e-09	-9.740753e-10	-1.034499e+01	-1.074431e+02
1.550000e-06	-2.117436e-09	-9.595938e-10	-1.019261e+01	-1.058257e+02
1.560000e-06	-2.085655e-09	-9.455650e-10	-1.003962e+01	-1.042028e+02
1.570000e-06	-2.053771e-09	-9.299768e-10	-9.886145e+00	-1.025745e+02
1.580000e-06	-2.021811e-09	-9.135687e-10	-9.732302e+00	-1.009408e+02
1.590000e-06	-1.989800e-09	-8.979103e-10	-9.578210e+00	-9.930181e+01
1.600000e-06	-1.957717e-09	-8.848590e-10	-9.423775e+00	-9.765768e+01
1.610000e-06	-1.925564e-09	-8.756577e-10	-9.269002e+00	-9.600846e+01
1.620000e-06	-1.893370e-09	-8.665245e-10	-9.114029e+00	-9.435423e+01
1.630000e-06	-1.861129e-09	-8.551472e-10	-8.958831e+00	-9.269508e+01
1.640000e-06	-1.828832e-09	-8.400323e-10	-8.803367e+00	-9.103110e+01
1.650000e-06	-1.796493e-09	-8.209344e-10	-8.647698e+00	-8.936237e+01
1.660000e-06	-1.764105e-09	-8.021173e-10	-8.491791e+00	-8.768898e+01
1.670000e-06	-1.731653e-09	-7.855477e-10	-8.335581e+00	-8.601102e+01
1.680000e-06	-1.699156e-09	-7.731570e-10	-8.179148e+00	-8.432857e+01
1.690000e-06	-1.666610e-09	-7.631885e-10	-8.022486e+00	-8.264172e+01
1.700000e-06	-1.633994e-09	-7.525811e-10	-7.865482e+00	-8.095056e+01
1.710000e-06	-1.601299e-09	-7.402731e-10	-7.708102e+00	-7.925518e+01
1.720000e-06	-1.568528e-09	-7.238917e-10	-7.550351e+00	-7.755567e+01
1.730000e-06	-1.535660e-09	-7.044490e-10	-7.392135e+00	-7.585210e+01
1.740000e-06	-1.502677e-09	-6.849066e-10	-7.233370e+00	-7.414458e+01
1.750000e-06	-1.469582e-09	-6.694489e-10	-7.074062e+00	-7.243320e+01
1.760000e-06	-1.436391e-09	-6.574661e-10	-6.914292e+00	-7.071803e+01
1.770000e-06	-1.403128e-09	-6.458342e-10	-6.754175e+00	-6.899917e+01
1.780000e-06	-1.369758e-09	-6.322932e-10	-6.593542e+00	-6.727671e+01
1.790000e-06	-1.336247e-09	-6.160630e-10	-6.432235e+00	-6.555073e+01
1.800000e-06	-1.302623e-09	-5.990701e-10	-6.270377e+00	-6.382134e+01
1.810000e-06	-1.268873e-09	-5.826287e-10	-6.107919e+00	-6.208861e+01
1.820000e-06	-1.235012e-09	-5.675404e-10	-5.944922e+00	-6.035265e+01
1.830000e-06	-1.201064e-09	-5.541438e-10	-5.781511e+00	-5.861353e+01
1.840000e-06	-1.167007e-09	-5.438871e-10	-5.617569e+00	-5.687135e+01
1.850000e-06	-1.132831e-09	-5.352308e-10	-5.453060e+00	-5.512619e+01
1.860000e-06	-1.098534e-09	-5.226854e-10	-5.287967e+00	-5.337816e+01
1.870000e-06	-1.064139e-09	-5.059319e-10	-5.122401e+00	-5.162735e+01
1.880000e-06	-1.029677e-09	-4.875618e-10	-4.956514e+00	-4.987383e+01
1.890000e-06	-9.951029e-10	-4.700572e-10	-4.790086e+00	-4.811771e+01
1.900000e-06	-9.604217e-10	-4.559736e-10	-4.623143e+00	-4.635907e+01
1.910000e-06	-9.256634e-10	-4.452718e-10	-4.455828e+00	-4.459801e+01
1.920000e-06	-8.908215e-10	-4.361762e-10	-4.288111e+00	-4.283461e+01
1.930000e-06	-8.559024e-10	-4.257572e-10	-4.120024e+00	-4.106898e+01
1.940000e-06	-8.208864e-10	-4.108643e-10	-3.951469e+00	-3.930120e+01
1.950000e-06	-7.858039e-10	-3.919585e-10	-3.782594e+00	-3.753136e+01
1.960000e-06	-7.506636e-10	-3.734347e-10	-3.613441e+00	-3.575955e+01
1.970000e-06	-7.154629e-10	-3.578533e-10	-3.443997e+00	-3.398588e+01
1.980000e-06	-6.801992e-10	-3.440735e-10	-3.274250e+00	-3.221042e+01
1.990000e-06	-6.448810e-10	-3.313505e-10	-3.104241e+00	-3.043328e+01
2.000000e-06	-6.095280e-10	-3.197169e-10	-2.934064e+00	-2.865454e+01
2.010000e-06	-5.741414e-10	-3.081701e-10	-2.763725e+00	-2.687430e+01
2.020000e-06	-5.387176e-10	-2.950771e-10	-2.593207e+00	-2.509265e+01
2.030000e-06	-5.032347e-10	-2.776033e-10	-2.422405e+00	-2.330968e+01
2.040000e-06	-4.677213e-10	-2.563871e-10	-2.251456e+00	-2.152549e+01
2.050000e-06	-4.321770e-10	-2.370315e-10	-2.080358e+00	-1.974016e+01
2.060000e-06	-3.965900e-10	-2.213643e-10	-1.909055e+00	-1.795380e+01
2.070000e-06	-3.610002e-10	-2.067895e-10	-1.737737e+00	-1.616649e+01
2.080000e-06	-3.253938e-10	-1.912652e-10	-1.566341e+00	-1.437832e+01
2.090000e-06	-2.897495e-10	-1.731126e-10	-1.394762e+00	-1.258940e+01
2.100000e-06	-2.540942e-10	-1.533203e-10	-1.223129e+00	-1.079981e+01
2.110000e-06	-2.184391e-10	-1.348186e-10	-1.051498e+00	-9.009647e+00
2.120000e-06	-1.827546e-10	-1.180513e-10	-8.797257e-01	-7.219002e+00
2.130000e-06	-1.470203e-10	-1.014571e-10	-7.077133e-01	-5.427969e+00
2.140000e-06	-1.112790e-10	-8.594803e-11	-5.356672e-01	-3.636642e+00
2.150000e-06	-7.555678e-11	-7.186554e-11	-3.637131e-01	-1.845113e+00
2.160000e-06	-3.983525e-11	-5.841613e-11	-1.917619e-01	-5.347627e-02
2.170000e-06	-4.097739e-12	-4.303412e-11	-1.973386e-02	1.738175e+00
2.180000e-06	3.162728e-11	-2.293845e-11	1.522339e-01	3.529749e+00
2.190000e-06	6.732529e-11	-6.728478e-13	3.240717e-01	5.321151e+00
2.200000e-06	1.030167e-10	1.945483e-11	4.958777e-01	7.112288e+00
2.210000e-06	1.387075e-10	3.536470e-11	6.676808e-01	8.903068e+00
2.220000e-06	1.744036e-10	4.819185e-11	8.395092e-01	1.069340e+01
2.230000e-06	2.100871e-10	6.033270e-11	1.011277e+00	1.248318e+01
2.240000e-06	2.457624e-10	7.537569e-11	1.183006e+00	1.427233e+01
2.250000e-06	2.814371e-10	9.396861e-11	1.354732e+00	1.606075e+01
2.260000e-06	3.171060e-10	1.143999e-10	1.526429e+00	1.784834e+01
2.270000e-06	3.527599e-10	1.354620e-10	1.698054e+00	1.963502e+01
2.280000e-06	3.883738e-10	1.554891e-10	1.869487e+00	2.142069e+01
2.290000e-06	4.239490e-10	1.734770e-10	2.040734e+00	2.320525e+01
2.300000e-06	4.594806e-10	1.890439e-10	2.211770e+00	2.498863e+01
2.310000e-06	4.949752e-10	2.030833e-10	2.382629e+00	2.677071e+01
2.320000e-06	5.304357e-10	2.178910e-10	2.553323e+00	2.855141e+01
2.330000e-06	5.658431e-10	2.349826e-10	2.723762e+00	3.033065e+01
2.340000e-06	6.011917e-10	2.536591e-10	2.893918e+00	3.210831e+01
2.350000e-06	6.364800e-10	2.725521e-10	3.063783e+00	3.388432e+01
2.360000e-06	6.717117e-10	2.906719e-10	3.233376e+00	3.565858e+01
2.370000e-06	7.069240e-10	3.066581e-10	3.402876e+00	3.743099e+01
2.380000e-06	7.420985e-10	3.203839e-10	3.572194e+00	3.920147e+01
2.390000e-06	7.771911e-10	3.336793e-10	3.741117e+00	4.096992e+01
2.400000e-06	8.122270e-10	3.470444e-10	3.909768e+00	4.273626e+01
2.410000e-06	8.471868e-10	3.605030e-10	4.078052e+00	4.450038e+01
2.420000e-06	8.820668e-10	3.752002e-10	4.245952e+00	4.626220e+01
2.430000e-06	9.168803e-10	3.923192e-10	4.413532e+00	4.802163e+01
2.440000e-06	9.515884e-10	4.112899e-10	4.580605e+00	4.977857e+01
2.450000e-06	9.861858e-10	4.298766e-10	4.747144e+00	5.153293e+01
2.460000e-06	1.020720e-09	4.468984e-10	4.913380e+00	5.328463e+01
2.470000e-06	1.055163e-09	4.620018e-10	5.079178e+00	5.503356e+01
2.480000e-06	1.089470e-09	4.768025e-10	5.244320e+00	5.677965e+01
2.490000e-06	1.123664e-09	4.915445e-10	5.408919e+00	5.852279e+01
2.500000e-06	1.157757e-09	5.055771e-10	5.573029e+00	6.026291e+01
2.510000e-06	1.191734e-09	5.197553e-10	5.736583e+00	6.199990e+01
2.520000e-06	1.225600e-09	5.349962e-10	5.899599e+00	6.373367e+01
2.530000e-06	1.259351e-09	5.511967e-10	6.062066e+00	6.546415e+01
2.540000e-06	1.292984e-09	5.665824e-10	6.223964e+00	6.719123e+01
2.550000e-06	1.326524e-09	5.800903e-10	6.385411e+00	6.891483e+01
2.560000e-06	1.359956e-09	5.933234e-10	6.546344e+00	7.063485e+01
2.570000e-06	1.393278e-09	6.098093e-10	6.706742e+00	7.235122e+01
2.580000e-06	1.426485e-09	6.281996e-10	6.866588e+00	7.406383e+01
2.590000e-06	1.459578e-09	6.450592e-10	7.025888e+00	7.577260e+01
2.600000e-06	1.492570e-09	6.595265e-10	7.184698e+00	7.747745e+01
2.610000e-06	1.525453e-09	6.714967e-10	7.342985e+00	7.917827e+01
2.620000e-06	1.558262e-09	6.834045e-10	7.500919e+00	8.087499e+01
2.630000e-06	1.590999e-09	6.969840e-10	7.658505e+00	8.256751e+01
2.640000e-06	1.623642e-09	7.115452e-10	7.815633e+00	8.425576e+01
2.650000e-06	1.656199e-09	7.275224e-10	7.972354e+00	8.593963e+01
2.660000e-06	1.688685e-09	7.459516e-10	8.128730e+00	8.761904e+01
2.670000e-06	1.721115e-09	7.648210e-10	8.284834e+00	8.929391e+01
2.680000e-06	1.753503e-09	7.809858e-10	8.440739e+00	9.096414e+01
2.690000e-06	1.785849e-09	7.941573e-10	8.596443e+00	9.262966e+01
2.700000e-06	1.818147e-09	8.061474e-10	8.751912e+00	9.429037e+01
2.710000e-06	1.850410e-09	8.199926e-10	8.907217e+00	9.594619e+01
2.720000e-06	1.882641e-09	8.353430e-10	9.062368e+00	9.759703e+01
2.730000e-06	1.914847e-09	8.496114e-10	9.217393e+00	9.924280e+01
2.740000e-06	1.947014e-09	8.647014e-10	9.372234e+00	1.008834e+02
2.750000e-06	1.979123e-09	8.840940e-10	9.526800e+00	1.025188e+02
2.760000e-06	2.011168e-09	9.050534e-10	9.681051e+00	1.041489e+02
2.770000e-06	2.043125e-09	9.225599e-10	9.834879e+00	1.057735e+02
2.780000e-06	2.074991e-09	9.355584e-10	9.988274e+00	1.073927e+02
2.790000e-06	2.106756e-09	9.466087e-10	1.014118e+01	1.090063e+02
2.800000e-06	2.138395e-09	9.606137e-10	1.029348e+01	1.106143e+02
2.810000e-06	2.169894e-09	9.783442e-10	1.044510e+01	1.122165e+02
2.820000e-06	2.201245e-09	9.949370e-10	1.059602e+01	1.138128e+02
2.830000e-06	2.232453e-09	1.009282e-09	1.074624e+01	1.154033e+02
2.840000e-06	2.263526e-09	1.023221e-09	1.089581e+01	1.169878e+02
2.850000e-06	2.294474e-09	1.038238e-09	1.104479e+01	1.185662e+02
2.860000e-06	2.325314e-09	1.053909e-09	1.119324e+01	1.201384e+02
2.870000e-06	2.356026e-09	1.067692e-09	1.134108e+01	1.217045e+02
2.880000e-06	2.386605e-09	1.079802e-09	1.148827e+01	1.232641e+02
2.890000e-06	2.417081e-09	1.093645e-09	1.163497e+01	1.248174e+02
2.900000e-06	2.447470e-09	1.110559e-09	1.178126e+01	1.263643e+02
2.910000e-06	2.477774e-09	1.126742e-09	1.192713e+01	1.279045e+02
2.920000e-06	2.507997e-09	1.139219e-09	1.207262e+01	1.294381e+02
2.930000e-06	2.538149e-09	1.149442e-09	1.221775e+01	1.309650e+02
2.940000e-06	2.568203e-09	1.160892e-09	1.236242e+01	1.324851e+02
2.950000e-06	2.598144e-09	1.175079e-09	1.250655e+01	1.339983e+02
2.960000e-06	2.627970e-09	1.190303e-09	1.265012e+01	1.355046e+02
2.970000e-06	2.657673e-09	1.204757e-09	1.279310e+01	1.370038e+02
2.980000e-06	2.687204e-09	1.218651e-09	1.293525e+01	1.384959e+02
2.990000e-06	2.716565e-09	1.234680e-09	1.307659e+01	1.399808e+02
3.000000e-06	2.745779e-09	1.252049e-09	1.321721e+01	1.414585e+02
3.010000e-06	2.774840e-09	1.265683e-09	1.335710e+01	1.429287e+02
3.020000e-06	2.803746e-09	1.274127e-09	1.349625e+01	1.443916e+02
3.030000e-06	2.832498e-09	1.281516e-09	1.363465e+01	1.458470e+02
3.040000e-06	2.861108e-09	1.293036e-09	1.377237e+01	1.472948e+02
3.050000e-06	2.889609e-09	1.308486e-09	1.390956e+01	1.487350e+02
3.060000e-06	2.918035e-09	1.322502e-09	1.404640e+01	1.501674e+02
3.070000e-06	2.946391e-09	1.332673e-09	1.418289e+01	1.515920e+02
3.080000e-06	2.974684e-09	1.341848e-09	1.431908e+01	1.530088e+02
3.090000e-06	3.002914e-09	1.355380e-09	1.445497e+01	1.544176e+02
3.100000e-06	3.031088e-09	1.372575e-09	1.459059e+01	1.558184e+02
3.110000e-06	3.059191e-09	1.387027e-09	1.472587e+01	1.572111e+02
3.120000e-06	3.087194e-09	1.395558e-09	1.486067e+01	1.585956e+02
3.130000e-06	3.115063e-09	1.402035e-09	1.499482e+01	1.599719e+02
3.140000e-06	3.142743e-09	1.413994e-09	1.512806e+01	1.613399e+02
3.150000e-06	3.170213e-09	1.429652e-09	1.526029e+01	1.626995e+02
3.160000e-06	3.197460e-09	1.441180e-09	1.539145e+01	1.640506e+02
3.170000e-06	3.224428e-09	1.448006e-09	1.552126e+01	1.653933e+02
3.180000e-06	3.251082e-09	1.457401e-09	1.564957e+01	1.667273e+02
3.190000e-06	3.277414e-09	1.473679e-09	1.577632e+01	1.680527e+02
3.200000e-06	3.303429e-09	1.492019e-09	1.590155e+01	1.693694e+02
3.210000e-06	3.329135e-09	1.503394e-09	1.602529e+01	1.706772e+02
3.220000e-06	3.354549e-09	1.505519e-09	1.614762e+01	1.719762e+02
3.230000e-06	3.379690e-09	1.509277e-09	1.626864e+01	1.732663e+02
3.240000e-06	3.404612e-09	1.521761e-09	1.638861e+01	1.745473e+02
3.250000e-06	3.429371e-09	1.536982e-09	1.650779e+01	1.758193e+02
3.260000e-06	3.453985e-09	1.547628e-09	1.662627e+01	1.770822e+02
3.270000e-06	3.478460e-09	1.553201e-09	1.674409e+01	1.783358e+02
3.280000e-06	3.502818e-09	1.561884e-09	1.686134e+01	1.795802e+02
3.290000e-06	3.527085e-09	1.577226e-09	1.697815e+01	1.808153e+02
3.300000e-06	3.551246e-09	1.591843e-09	1.709445e+01	1.820410e+02
3.310000e-06	3.575286e-09	1.600038e-09	1.721017e+01	1.832572e+02
3.320000e-06	3.599175e-09	1.604628e-09	1.732517e+01	1.844639e+02
3.330000e-06	3.622901e-09	1.612824e-09	1.743937e+01	1.856610e+02
3.340000e-06	3.646454e-09	1.627517e-09	1.755275e+01	1.868484e+02
3.350000e-06	3.669780e-09	1.641670e-09	1.766503e+01	1.880262e+02
3.360000e-06	3.692868e-09	1.649827e-09	1.777617e+01	1.891942e+02
3.370000e-06	3.715738e-09	1.657018e-09	1.788626e+01	1.903524e+02
3.380000e-06	3.738424e-09	1.670252e-09	1.799546e+01	1.915006e+02
3.390000e-06	3.760937e-09	1.688429e-09	1.810383e+01	1.926390e+02
3.400000e-06	3.783288e-09	1.703996e-09	1.821142e+01	1.937673e+02
3.410000e-06	3.805509e-09	1.712629e-09	1.831839e+01	1.948855e+02
3.420000e-06	3.827575e-09	1.718657e-09	1.842461e+01	1.959936e+02
3.430000e-06	3.849458e-09	1.729577e-09	1.852994e+01	1.970916e+02
3.440000e-06	3.871147e-09	1.744327e-09	1.863435e+01	1.981793e+02
3.450000e-06	3.892641e-09	1.755983e-09	1.873781e+01	1.992567e+02
3.460000e-06	3.913894e-09	1.763374e-09	1.884012e+01	2.003238e+02
3.470000e-06	3.934900e-09	1.771960e-09	1.894123e+01	2.013804e+02
3.480000e-06	3.955710e-09	1.785184e-09	1.904140e+01	2.024266e+02
3.490000e-06	3.976344e-09	1.799313e-09	1.914073e+01	2.034623e+02
3.500000e-06	3.996822e-09	1.808599e-09	1.923930e+01	2.044873e+02
3.510000e-06	4.017190e-09	1.812113e-09	1.933735e+01	2.055018e+02
3.520000e-06	4.037480e-09	1.816017e-09	1.943501e+01	2.065056e+02
3.530000e-06	4.057678e-09	1.825898e-09	1.953224e+01	2.074987e+02
3.540000e-06	4.077761e-09	1.838229e-09	1.962891e+01	2.084810e+02
3.550000e-06	4.097700e-09	1.847330e-09	1.972490e+01	2.094524e+02
3.560000e-06	4.117441e-09	1.852916e-09	1.981992e+01	2.104130e+02
3.570000e-06	4.136963e-09	1.860333e-09	1.991389e+01	2.113626e+02
3.580000e-06	4.156269e-09	1.872269e-09	2.000682e+01	2.123013e+02
3.590000e-06	4.175307e-09	1.883517e-09	2.009847e+01	2.132289e+02
3.600000e-06	4.194053e-09	1.888888e-09	2.018870e+01	2.141454e+02
3.610000e-06	4.212542e-09	1.890854e-09	2.027770e+01	2.150509e+02
3.620000e-06	4.230805e-09	1.897015e-09	2.036561e+01	2.159451e+02
3.630000e-06	4.248869e-09	1.907494e-09	2.045257e+01	2.168281e+02
3.640000e-06	4.266776e-09	1.916374e-09	2.053876e+01	2.176999e+02
3.650000e-06	4.284517e-09	1.921487e-09	2.062416e+01	2.185603e+02
3.660000e-06	4.302094e-09	1.925532e-09	2.070877e+01	2.194094e+02
3.670000e-06	4.319531e-09	1.932034e-09	2.079271e+01	2.202471e+02
3.680000e-06	4.336808e-09	1.941260e-09	2.087588e+01	2.210733e+02
3.690000e-06	4.353908e-09	1.948688e-09	2.095819e+01	2.218881e+02
3.700000e-06	4.370805e-09	1.950486e-09	2.103953e+01	2.226913e+02
3.710000e-06	4.387417e-09	1.951181e-09	2.111949e+01	2.234830e+02
3.720000e-06	4.403675e-09	1.956071e-09	2.119775e+01	2.242630e+02
3.730000e-06	4.419587e-09	1.963557e-09	2.127435e+01	2.250314e+02
3.740000e-06	4.435187e-09	1.969784e-09	2.134944e+01	2.257881e+02
3.750000e-06	4.450475e-09	1.973177e-09	2.142303e+01	2.265331e+02
3.760000e-06	4.465458e-09	1.977505e-09	2.149515e+01	2.272663e+02
3.770000e-06	4.480163e-09	1.985542e-09	2.156594e+01	2.279877e+02
3.780000e-06	4.494649e-09	1.993810e-09	2.163567e+01	2.286972e+02
3.790000e-06	4.508957e-09	1.998591e-09	2.170454e+01	2.293948e+02
3.800000e-06	4.523036e-09	1.999944e-09	2.177231e+01	2.300806e+02
3.810000e-06	4.536869e-09	2.000793e-09	2.183890e+01	2.307544e+02
3.820000e-06	4.550449e-09	2.005032e-09	2.190427e+01	2.314161e+02
3.830000e-06	4.563757e-09	2.012118e-09	2.196833e+01	2.320659e+02
3.840000e-06	4.576796e-09	2.015720e-09	2.203110e+01	2.327036e+02
3.850000e-06	4.589583e-09	2.015320e-09	2.209265e+01	2.333292e+02
3.860000e-06	4.602141e-09	2.017644e-09	2.215310e+01	2.339427e+02
3.870000e-06	4.614500e-09	2.025052e-09	2.221259e+01	2.345440e+02
3.880000e-06	4.626665e-09	2.033534e-09	2.227115e+01	2.351332e+02
3.890000e-06	4.638620e-09	2.038790e-09	2.232870e+01	2.357101e+02
3.900000e-06	4.650339e-09	2.040110e-09	2.238511e+01	2.362748e+02
3.910000e-06	4.661739e-09	2.041489e-09	2.243998e+01	2.368272e+02
3.920000e-06	4.672772e-09	2.044913e-09	2.249309e+01	2.373673e+02
3.930000e-06	4.683447e-09	2.047333e-09	2.254448e+01	2.378950e+02
3.940000e-06	4.693737e-09	2.048219e-09	2.259401e+01	2.384104e+02
3.950000e-06	4.703579e-09	2.051115e-09	2.264139e+01	2.389134e+02
3.960000e-06	4.712988e-09	2.057579e-09	2.268668e+01	2.394040e+02
3.970000e-06	4.722066e-09	2.065732e-09	2.273038e+01	2.398822e+02
3.980000e-06	4.730892e-09	2.072737e-09	2.277286e+01	2.403478e+02
3.990000e-06	4.739497e-09	2.076740e-09	2.281428e+01	2.408010e+02
4.000000e-06	4.747926e-09	2.079318e-09	2.285486e+01	2.412417e+02
4.010000e-06	4.756210e-09	2.082732e-09	2.289473e+01	2.416699e+02
4.020000e-06	4.764360e-09	2.087313e-09	2.293397e+01	2.420855e+02
4.030000e-06	4.772357e-09	2.091342e-09	2.297246e+01	2.424885e+02
4.040000e-06	4.780168e-09	2.093705e-09	2.301006e+01	2.428789e+02
4.050000e-06	4.787768e-09	2.095109e-09	2.304664e+01	2.432566e+02
4.060000e-06	4.795101e-09	2.097347e-09	2.308194e+01	2.436218e+02
4.070000e-06	4.802156e-09	2.101303e-09	2.311590e+01	2.439743e+02
4.080000e-06	4.808952e-09	2.105503e-09	2.314862e+01	2.443141e+02
4.090000e-06	4.815519e-09	2.109749e-09	2.318023e+01	2.446412e+02
4.100000e-06	4.821872e-09	2.114210e-09	2.321081e+01	2.449556e+02
4.110000e-06	4.827994e-09	2.118218e-09	2.324028e+01	2.452572e+02
4.120000e-06	4.833883e-09	2.120229e-09	2.326863e+01	2.455462e+02
4.130000e-06	4.839523e-09	2.118752e-09	2.329578e+01	2.458223e+02
4.140000e-06	4.844881e-09	2.115968e-09	2.332157e+01	2.460857e+02
4.150000e-06	4.849955e-09	2.115826e-09	2.334599e+01	2.463363e+02
4.160000e-06	4.854785e-09	2.118859e-09	2.336924e+01	2.465741e+02
4.170000e-06	4.859421e-09	2.122458e-09	2.339156e+01	2.467991e+02
4.180000e-06	4.863888e-09	2.124771e-09	2.341306e+01	2.470112e+02
4.190000e-06	4.868219e-09	2.126803e-09	2.343391e+01	2.472106e+02
4.200000e-06	4.872435e-09	2.129393e-09	2.345420e+01	2.473970e+02
4.210000e-06	4.876515e-09	2.130714e-09	2.347384e+01	2.475707e+02
4.220000e-06	4.880416e-09	2.129783e-09	2.349262e+01	2.477314e+02
4.230000e-06	4.884073e-09	2.128335e-09	2.351022e+01	2.478793e+02
4.240000e-06	4.887433e-09	2.128001e-09	2.352640e+01	2.480143e+02
4.250000e-06	4.890439e-09	2.129453e-09	2.354087e+01	2.481364e+02
4.260000e-06	4.893046e-09	2.131618e-09	2.355342e+01	2.482456e+02
4.270000e-06	4.895249e-09	2.131950e-09	2.356402e+01	2.483419e+02
4.280000e-06	4.897031e-09	2.131577e-09	2.357260e+01	2.484253e+02
4.290000e-06	4.898407e-09	2.132528e-09	2.357922e+01	2.484958e+02
4.300000e-06	4.899450e-09	2.134320e-09	2.358424e+01	2.485534e+02
4.310000e-06	4.900227e-09	2.135529e-09	2.358798e+01	2.485981e+02
4.320000e-06	4.900803e-09	2.134214e-09	2.359076e+01	2.486298e+02
4.330000e-06	4.901216e-09	2.129942e-09	2.359275e+01	2.486487e+02
4.340000e-06	4.901485e-09	2.125555e-09	2.359404e+01	2.486546e+02
4.350000e-06	4.901625e-09	2.123742e-09	2.359472e+01	2.486475e+02
4.360000e-06	4.901594e-09	2.124109e-09	2.359457e+01	2.486276e+02
4.370000e-06	4.901321e-09	2.125023e-09	2.359325e+01	2.485948e+02
4.380000e-06	4.900785e-09	2.128632e-09	2.359067e+01	2.485490e+02
4.390000e-06	4.899996e-09	2.138179e-09	2.358687e+01	2.484903e+02
4.400000e-06	4.898956e-09	2.142293e-09	2.358187e+01	2.484187e+02
4.410000e-06	4.897653e-09	2.128473e-09	2.357559e+01	2.483342e+02
4.420000e-06	4.896100e-09	2.099190e-09	2.356812e+01	2.482367e+02
4.430000e-06	4.894311e-09	2.057737e-09	2.355951e+01	2.481264e+02
4.440000e-06	4.892255e-09	2.078879e-09	2.354961e+01	2.480032e+02
4.450000e-06	4.889923e-09	2.144820e-09	2.353839e+01	2.478671e+02
4.460000e-06	4.887303e-09	2.179642e-09	2.352578e+01	2.477181e+02
4.470000e-06	4.884409e-09	2.187509e-09	2.351184e+01	2.475563e+02
4.480000e-06	4.881338e-09	2.148446e-09	2.349706e+01	2.473815e+02
4.490000e-06	4.878157e-09	2.104406e-09	2.348175e+01	2.471940e+02
4.500000e-06	4.874828e-09	2.089737e-09	2.346572e+01	2.469935e+02
4.510000e-06	4.871335e-09	2.069609e-09	2.344891e+01	2.467803e+02
4.520000e-06	4.867699e-09	2.056979e-09	2.343141e+01	2.465542e+02
4.530000e-06	4.863897e-09	2.079655e-09	2.341310e+01	2.463153e+02
4.540000e-06	4.859884e-09	2.117054e-09	2.339379e+01	2.460636e+02
4.550000e-06	4.855633e-09	2.134906e-09	2.337333e+01	2.457991e+02
4.560000e-06	4.851151e-09	2.100986e-09	2.335175e+01	2.455219e+02
4.570000e-06	4.846414e-09	2.071329e-09	2.332895e+01	2.452319e+02
4.580000e-06	4.841319e-09	2.056254e-09	2.330442e+01	2.449291e+02
4.590000e-06	4.835757e-09	2.040925e-09	2.327765e+01	2.446136e+02
4.600000e-06	4.829681e-09	2.051904e-09	2.324841e+01	2.442854e+02
4.610000e-06	4.823159e-09	2.083764e-09	2.321701e+01	2.439445e+02
4.620000e-06	4.816299e-09	2.123463e-09	2.318399e+01	2.435910e+02
4.630000e-06	4.809163e-09	2.100202e-09	2.314964e+01	2.432247e+02
4.640000e-06	4.801806e-09	2.044085e-09	2.311422e+01	2.428459e+02
4.650000e-06	4.794279e-09	2.018021e-09	2.307799e+01	2.424544e+02
4.660000e-06	4.786618e-09	2.037691e-09	2.304111e+01	2.420503e+02
4.670000e-06	4.778814e-09	2.056198e-09	2.300355e+01	2.416336e+02
4.680000e-06	4.770842e-09	2.052381e-09	2.296517e+01	2.412044e+02
4.690000e-06	4.762675e-09	2.063683e-09	2.292586e+01	2.407626e+02
4.700000e-06	4.754272e-09	2.067412e-09	2.288541e+01	2.403084e+02
4.710000e-06	4.745638e-09	2.048540e-09	2.284385e+01	2.398416e+02
4.720000e-06	4.736757e-09	2.016862e-09	2.280110e+01	2.393624e+02
4.730000e-06	4.727598e-09	2.008929e-09	2.275701e+01	2.388707e+02
4.740000e-06	4.718180e-09	2.010879e-09	2.271168e+01	2.383667e+02
4.750000e-06	4.708538e-09	2.017784e-09	2.266527e+01	2.378502e+02
4.760000e-06	4.698682e-09	2.034654e-09	2.261782e+01	2.373214e+02
4.770000e-06	4.688628e-09	2.037282e-09	2.256942e+01	2.367802e+02
4.780000e-06	4.678357e-09	2.011191e-09	2.251998e+01	2.362268e+02
4.790000e-06	4.667838e-09	1.980612e-09	2.246935e+01	2.356611e+02
4.800000e-06	4.657090e-09	1.983156e-09	2.241761e+01	2.350831e+02
4.810000e-06	4.646084e-09	1.991843e-09	2.236463e+01	2.344929e+02
4.820000e-06	4.634802e-09	1.993763e-09	2.231033e+01	2.338905e+02
4.830000e-06	4.623296e-09	1.997272e-09	2.225494e+01	2.332760e+02
4.840000e-06	4.611561e-09	1.996243e-09	2.219845e+01	2.326493e+02
4.850000e-06	4.599575e-09	1.977262e-09	2.214076e+01	2.320106e+02
4.860000e-06	4.587339e-09	1.953240e-09	2.208185e+01	2.313598e+02
4.870000e-06	4.574837e-09	1.948235e-09	2.202168e+01	2.306970e+02
4.880000e-06	4.561993e-09	1.942974e-09	2.195985e+01	2.300222e+02
4.890000e-06	4.548711e-09	1.941770e-09	2.189591e+01	2.293354e+02
4.900000e-06	4.535013e-09	1.950062e-09	2.182998e+01	2.286367e+02
4.910000e-06	4.520936e-09	1.953246e-09	2.176222e+01	2.279262e+02
4.920000e-06	4.506470e-09	1.936624e-09	2.169258e+01	2.272038e+02
4.930000e-06	4.491652e-09	1.913535e-09	2.162125e+01	2.264696e+02
4.940000e-06	4.476568e-09	1.902930e-09	2.154865e+01	2.257236e+02
4.950000e-06	4.461239e-09	1.892744e-09	2.147486e+01	2.249659e+02
4.960000e-06	4.445717e-09	1.890584e-09	2.140014e+01	2.241965e+02
4.970000e-06	4.430075e-09	1.895316e-09	2.132484e+01	2.234154e+02
4.980000e-06	4.414311e-09	1.895300e-09	2.124896e+01	2.226228e+02
4.990000e-06	4.398404e-09	1.885362e-09	2.117239e+01	2.218186e+02
5.000000e-06	4.382339e-09	1.876122e-09	2.109506e+01	2.210028e+02
5.010000e-06	4.366066e-09	1.868190e-09	2.101673e+01	2.201756e+02
5.020000e-06	4.349532e-09	1.853318e-09	2.093714e+01	2.193369e+02
5.030000e-06	4.332716e-09	1.844189e-09	2.085619e+01	2.184868e+02
5.040000e-06	4.315625e-09	1.838250e-09	2.077392e+01	2.176254e+02
5.050000e-06	4.298312e-09	1.828572e-09	2.069058e+01	2.167527e+02
5.060000e-06	4.280838e-09	1.815966e-09	2.060647e+01	2.158687e+02
5.070000e-06	4.263223e-09	1.805119e-09	2.052168e+01	2.149735e+02
5.080000e-06	4.245447e-09	1.793423e-09	2.043611e+01	2.140671e+02
5.090000e-06	4.227474e-09	1.783271e-09	2.034959e+01	2.131496e+02
5.100000e-06	4.209285e-09	1.779117e-09	2.026204e+01	2.122210e+02
5.110000e-06	4.190881e-09	1.771999e-09	2.017345e+01	2.112814e+02
5.120000e-06	4.172241e-09	1.764500e-09	2.008372e+01	2.103309e+02
5.130000e-06	4.153357e-09	1.757750e-09	1.999282e+01	2.093693e+02
5.140000e-06	4.134253e-09	1.748510e-09	1.990086e+01	2.083970e+02
5.150000e-06	4.114950e-09	1.735595e-09	1.980794e+01	2.074137e+02
5.160000e-06	4.095488e-09	1.724671e-09	1.971426e+01	2.064197e+02
5.170000e-06	4.075911e-09	1.717360e-09	1.962002e+01	2.054150e+02
5.180000e-06	4.056246e-09	1.708885e-09	1.952536e+01	2.043996e+02
5.190000e-06	4.036498e-09	1.699804e-09	1.943030e+01	2.033736e+02
5.200000e-06	4.016656e-09	1.688219e-09	1.933479e+01	2.023371e+02
5.210000e-06	3.996683e-09	1.678010e-09	1.923864e+01	2.012900e+02
5.220000e-06	3.976530e-09	1.669185e-09	1.914164e+01	2.002324e+02
5.230000e-06	3.956171e-09	1.658116e-09	1.904364e+01	1.991645e+02
5.240000e-06	3.935563e-09	1.643970e-09	1.894444e+01	1.980862e+02
5.250000e-06	3.914613e-09	1.631340e-09	1.884359e+01	1.969976e+02
5.260000e-06	3.893263e-09	1.623123e-09	1.874082e+01	1.958987e+02
5.270000e-06	3.871523e-09	1.617287e-09	1.863617e+01	1.947897e+02
5.280000e-06	3.849408e-09	1.611214e-09	1.852972e+01	1.936706e+02
5.290000e-06	3.826960e-09	1.599685e-09	1.842166e+01	1.925414e+02
5.300000e-06	3.804222e-09	1.586584e-09	1.831221e+01	1.914022e+02
5.310000e-06	3.781211e-09	1.575569e-09	1.820144e+01	1.902531e+02
5.320000e-06	3.757983e-09	1.567537e-09	1.808963e+01	1.890941e+02
5.330000e-06	3.734579e-09	1.559922e-09	1.797697e+01	1.879253e+02
5.340000e-06	3.711037e-09	1.549366e-09	1.786365e+01	1.867467e+02
5.350000e-06	3.687393e-09	1.536236e-09	1.774983e+01	1.855583e+02
5.360000e-06	3.663668e-09	1.522526e-09	1.763563e+01	1.843604e+02
5.370000e-06	3.639861e-09	1.511156e-09	1.752103e+01	1.831529e+02
5.380000e-06	3.615939e-09	1.499523e-09	1.740588e+01	1.819358e+02
5.390000e-06	3.591894e-09	1.490164e-09	1.729013e+01	1.807093e+02
5.400000e-06	3.567689e-09	1.485066e-09	1.717362e+01	1.794735e+02
5.410000e-06	3.543302e-09	1.482677e-09	1.705623e+01	1.782283e+02
5.420000e-06	3.518732e-09	1.478719e-09	1.693796e+01	1.769738e+02
5.430000e-06	3.493959e-09	1.466344e-09	1.681871e+01	1.757102e+02
5.440000e-06	3.468990e-09	1.448479e-09	1.669852e+01	1.744374e+02
5.450000e-06	3.443834e-09	1.431685e-09	1.657743e+01	1.731555e+02
5.460000e-06	3.418486e-09	1.421575e-09	1.645541e+01	1.718647e+02
5.470000e-06	3.392973e-09	1.414132e-09	1.633260e+01	1.705649e+02
5.480000e-06	3.367326e-09	1.404980e-09	1.620914e+01	1.692563e+02
5.490000e-06	3.341535e-09	1.395070e-09	1.608499e+01	1.679389e+02
5.500000e-06	3.315591e-09	1.385318e-09	1.596011e+01	1.666128e+02
5.510000e-06	3.289476e-09	1.377173e-09	1.583440e+01	1.652780e+02
5.520000e-06	3.263174e-09	1.367393e-09	1.570779e+01	1.639346e+02
5.530000e-06	3.236671e-09	1.355792e-09	1.558021e+01	1.625827e+02
5.540000e-06	3.209980e-09	1.343053e-09	1.545173e+01	1.612223e+02
5.550000e-06	3.183084e-09	1.332083e-09	1.532226e+01	1.598536e+02
5.560000e-06	3.155995e-09	1.323801e-09	1.519187e+01	1.584766e+02
5.570000e-06	3.128751e-09	1.315438e-09	1.506073e+01	1.570914e+02
5.580000e-06	3.101376e-09	1.303878e-09	1.492895e+01	1.556980e+02
5.590000e-06	3.073898e-09	1.288505e-09	1.479668e+01	1.542965e+02
5.600000e-06	3.046328e-09	1.274265e-09	1.466397e+01	1.528869e+02
5.610000e-06	3.018691e-09	1.263518e-09	1.453094e+01	1.514695e+02
5.620000e-06	2.990995e-09	1.255278e-09	1.439762e+01	1.500442e+02
5.630000e-06	2.963233e-09	1.244447e-09	1.426398e+01	1.486111e+02
5.640000e-06	2.935406e-09	1.231934e-09	1.413003e+01	1.471702e+02
5.650000e-06	2.907499e-09	1.219386e-09	1.399569e+01	1.457218e+02
5.660000e-06	2.879477e-09	1.205652e-09	1.386081e+01	1.442657e+02
5.670000e-06	2.851326e-09	1.189560e-09	1.372530e+01	1.428022e+02
5.680000e-06	2.823015e-09	1.171100e-09	1.358902e+01	1.413313e+02
5.690000e-06	2.794478e-09	1.156398e-09	1.345165e+01	1.398530e+02
5.700000e-06	2.765732e-09	1.146988e-09	1.331328e+01	1.383674e+02
5.710000e-06	2.736801e-09	1.140309e-09	1.317402e+01	1.368747e+02
5.720000e-06	2.707641e-09	1.132539e-09	1.303365e+01	1.353749e+02
5.730000e-06	2.678230e-09	1.121514e-09	1.289208e+01	1.338680e+02
5.740000e-06	2.648547e-09	1.107353e-09	1.274919e+01	1.323542e+02
5.750000e-06	2.618605e-09	1.091627e-09	1.260506e+01	1.308335e+02
5.760000e-06	2.588441e-09	1.073487e-09	1.245986e+01	1.293060e+02
5.770000e-06	2.558065e-09	1.053098e-09	1.231364e+01	1.277718e+02
5.780000e-06	2.527460e-09	1.034710e-09	1.216632e+01	1.262309e+02
5.790000e-06	2.496636e-09	1.019836e-09	1.201794e+01	1.246835e+02
5.800000e-06	2.465632e-09	1.010951e-09	1.186870e+01	1.231297e+02
5.810000e-06	2.434489e-09	1.006087e-09	1.171879e+01	1.215694e+02
5.820000e-06	2.403214e-09	1.001108e-09	1.156824e+01	1.200029e+02
5.830000e-06	2.371834e-09	9.918263e-10	1.141719e+01	1.184301e+02
5.840000e-06	2.340376e-09	9.760835e-10	1.126577e+01	1.168511e+02
5.850000e-06	2.308833e-09	9.567442e-10	1.111393e+01	1.152661e+02
5.860000e-06	2.277221e-09	9.355177e-10	1.096176e+01	1.136751e+02
5.870000e-06	2.245549e-09	9.168626e-10	1.080930e+01	1.120782e+02
5.880000e-06	2.213812e-09	9.026944e-10	1.065653e+01	1.104755e+02
5.890000e-06	2.182027e-09	8.941877e-10	1.050353e+01	1.088670e+02
5.900000e-06	2.150196e-09	8.895735e-10	1.035030e+01	1.072529e+02
5.910000e-06	2.118292e-09	8.837696e-10	1.019673e+01	1.056333e+02
5.920000e-06	2.086319e-09	8.729828e-10	1.004282e+01	1.040081e+02
5.930000e-06	2.054269e-09	8.548795e-10	9.888545e+00	1.023776e+02
5.940000e-06	2.022119e-09	8.350741e-10	9.733784e+00	1.007417e+02
5.950000e-06	1.989852e-09	8.170646e-10	9.578462e+00	9.910061e+01
5.960000e-06	1.957493e-09	8.024061e-10	9.422700e+00	9.745437e+01
5.970000e-06	1.925042e-09	7.902089e-10	9.266490e+00	9.580308e+01
5.980000e-06	1.892475e-09	7.801876e-10	9.109726e+00	9.414682e+01
5.990000e-06	1.859806e-09	7.720184e-10	8.952467e+00	9.248567e+01
6.000000e-06	1.827015e-09	7.617112e-10	8.794621e+00	9.081973e+01
6.010000e-06	1.794105e-09	7.497645e-10	8.636208e+00	8.914907e+01
6.020000e-06	1.761114e-09	7.349945e-10	8.477401e+00	8.747378e+01
6.030000e-06	1.728042e-09	7.195240e-10	8.318201e+00	8.579396e+01
6.040000e-06	1.694879e-09	7.067695e-10	8.158566e+00	8.410969e+01
6.050000e-06	1.661639e-09	6.958738e-10	7.998563e+00	8.242105e+01
6.060000e-06	1.628314e-09	6.861566e-10	7.838145e+00	8.072814e+01
6.070000e-06	1.594902e-09	6.755260e-10	7.677310e+00	7.903104e+01
6.080000e-06	1.561409e-09	6.631665e-10	7.516089e+00	7.732984e+01
6.090000e-06	1.527836e-09	6.492270e-10	7.354478e+00	7.562463e+01
6.100000e-06	1.494190e-09	6.355506e-10	7.192521e+00	7.391550e+01
6.110000e-06	1.460492e-09	6.223570e-10	7.030307e+00	7.220254e+01
6.120000e-06	1.426739e-09	6.086773e-10	6.867835e+00	7.048583e+01
6.130000e-06	1.392923e-09	5.958329e-10	6.705057e+00	6.876547e+01
6.140000e-06	1.359047e-09	5.837906e-10	6.541986e+00	6.704154e+01
6.150000e-06	1.325112e-09	5.709503e-10	6.378636e+00	6.531414e+01
6.160000e-06	1.291123e-09	5.556403e-10	6.215027e+00	6.358336e+01
6.170000e-06	1.257091e-09	5.385742e-10	6.051206e+00	6.184927e+01
6.180000e-06	1.222999e-09	5.214295e-10	5.887100e+00	6.011198e+01
6.190000e-06	1.188829e-09	5.058326e-10	5.722617e+00	5.837158e+01
6.200000e-06	1.154592e-09	4.923252e-10	5.557815e+00	5.662815e+01
6.210000e-06	1.120279e-09	4.790118e-10	5.392642e+00	5.488179e+01
6.220000e-06	1.085899e-09	4.644924e-10	5.227146e+00	5.313259e+01
6.230000e-06	1.051464e-09	4.498785e-10	5.061389e+00	5.138063e+01
6.240000e-06	1.016961e-09	4.351481e-10	4.895304e+00	4.962601e+01
6.250000e-06	9.824037e-10	4.199720e-10	4.728958e+00	4.786883e+01
6.260000e-06	9.477791e-10	4.040932e-10	4.562287e+00	4.610916e+01
6.270000e-06	9.130782e-10	3.872429e-10	4.395249e+00	4.434711e+01
6.280000e-06	8.783214e-10	3.710421e-10	4.227942e+00	4.258277e+01
6.290000e-06	8.435169e-10	3.549530e-10	4.060405e+00	4.081622e+01
6.300000e-06	8.086798e-10	3.388374e-10	3.892711e+00	3.904756e+01
6.310000e-06	7.738099e-10	3.228728e-10	3.724860e+00	3.727688e+01
6.320000e-06	7.388888e-10	3.070182e-10	3.556762e+00	3.550427e+01
6.330000e-06	7.039038e-10	2.921862e-10	3.388357e+00	3.372983e+01
6.340000e-06	6.688818e-10	2.780388e-10	3.219773e+00	3.195364e+01
6.350000e-06	6.338405e-10	2.640748e-10	3.051097e+00	3.017581e+01
6.360000e-06	5.987499e-10	2.486537e-10	2.882182e+00	2.839642e+01
6.370000e-06	5.636045e-10	2.324033e-10	2.713005e+00	2.661556e+01
6.380000e-06	5.284351e-10	2.167049e-10	2.543712e+00	2.483333e+01
6.390000e-06	4.932594e-10	2.009275e-10	2.374388e+00	2.304982e+01
6.400000e-06	4.580591e-10	1.840611e-10	2.204946e+00	2.126512e+01
6.410000e-06	4.228256e-10	1.676298e-10	2.035344e+00	1.947933e+01
6.420000e-06	3.875811e-10	1.546392e-10	1.865689e+00	1.769253e+01
6.430000e-06	3.523153e-10	1.432458e-10	1.695932e+00	1.590483e+01
6.440000e-06	3.170277e-10	1.297722e-10	1.526069e+00	1.411632e+01
6.450000e-06	2.817263e-10	1.129082e-10	1.356141e+00	1.232708e+01
6.460000e-06	2.464029e-10	9.407664e-11	1.186106e+00	1.053721e+01
6.470000e-06	2.110744e-10	7.627538e-11	1.016047e+00	8.746800e+00
6.480000e-06	1.757551e-10	6.090173e-11	8.460321e-01	6.955951e+00
6.490000e-06	1.404369e-10	4.590521e-11	6.760226e-01	5.164753e+00
6.500000e-06	1.051143e-10	2.957578e-11	5.059920e-01	3.373297e+00
6.510000e-06	6.977024e-11	1.391485e-11	3.358577e-01	1.581677e+00
6.520000e-06	3.441110e-11	9.358520e-13	1.656511e-01	-2.100125e-01
6.530000e-06	-9.195240e-13	-9.305394e-12	-4.418322e-03	-2.001680e+00
6.540000e-06	-3.624807e-11	-2.183037e-11	-1.744777e-01	-3.793231e+00
6.550000e-06	-7.160091e-11	-3.982193e-11	-3.446541e-01	-5.584573e+00
6.560000e-06	-1.069489e-10	-5.938462e-11	-5.148071e-01	-7.375613e+00
6.570000e-06	-1.422736e-10	-7.635031e-11	-6.848476e-01	-9.166258e+00
6.580000e-06	-1.775946e-10	-9.121180e-11	-8.548708e-01	-1.095641e+01
6.590000e-06	-2.129182e-10	-1.078602e-10	-1.024906e+00	-1.274599e+01
6.600000e-06	-2.482271e-10	-1.244655e-10	-1.194871e+00	-1.453489e+01
6.610000e-06	-2.835116e-10	-1.369773e-10	-1.364718e+00	-1.632302e+01
6.620000e-06	-3.187717e-10	-1.449807e-10	-1.534448e+00	-1.811029e+01
6.630000e-06	-3.540246e-10	-1.533936e-10	-1.704143e+00	-1.989661e+01
6.640000e-06	-3.892689e-10	-1.680772e-10	-1.873797e+00	-2.168188e+01
6.650000e-06	-4.244929e-10	-1.877700e-10	-2.043353e+00	-2.346601e+01
6.660000e-06	-4.596900e-10	-2.062633e-10	-2.212780e+00	-2.524891e+01
6.670000e-06	-4.948508e-10	-2.212470e-10	-2.382032e+00	-2.703048e+01
6.680000e-06	-5.299687e-10	-2.351662e-10	-2.551077e+00	-2.881064e+01
6.690000e-06	-5.650456e-10	-2.491510e-10	-2.719925e+00	-3.058928e+01
6.700000e-06	-6.000934e-10	-2.622640e-10	-2.888633e+00	-3.236633e+01
6.710000e-06	-6.351136e-10	-2.729218e-10	-3.057208e+00	-3.414167e+01
6.720000e-06	-6.700802e-10	-2.829145e-10	-3.225524e+00	-3.591523e+01
6.730000e-06	-7.049873e-10	-2.958793e-10	-3.393555e+00	-3.768691e+01
6.740000e-06	-7.398671e-10	-3.130918e-10	-3.561454e+00	-3.945662e+01
6.750000e-06	-7.747168e-10	-3.322920e-10	-3.729209e+00	-4.122426e+01
6.760000e-06	-8.095167e-10	-3.502086e-10	-3.896723e+00	-4.298975e+01
6.770000e-06	-8.442572e-10	-3.647893e-10	-4.063952e+00	-4.475299e+01
6.780000e-06	-8.789252e-10	-3.765929e-10	-4.230832e+00	-4.651389e+01
6.790000e-06	-9.135201e-10	-3.874643e-10	-4.397359e+00	-4.827236e+01
6.800000e-06	-9.480623e-10	-3.978891e-10	-4.563634e+00	-5.002831e+01
6.810000e-06	-9.825541e-10	-4.099115e-10	-4.729665e+00	-5.178164e+01
6.820000e-06	-1.016976e-09	-4.270592e-10	-4.895360e+00	-5.353227e+01
6.830000e-06	-1.051335e-09	-4.475810e-10	-5.060753e+00	-5.528010e+01
6.840000e-06	-1.085623e-09	-4.682621e-10	-5.225801e+00	-5.702504e+01
6.850000e-06	-1.119832e-09	-4.861377e-10	-5.390471e+00	-5.876701e+01
6.860000e-06	-1.153993e-09	-5.002040e-10	-5.554913e+00	-6.050591e+01
6.870000e-06	-1.188107e-09	-5.124727e-10	-5.719123e+00	-6.224164e+01
6.880000e-06	-1.222164e-09	-5.240268e-10	-5.883064e+00	-6.397413e+01
6.890000e-06	-1.256156e-09	-5.370084e-10	-6.046687e+00	-6.570328e+01
6.900000e-06	-1.290088e-09	-5.511093e-10	-6.210026e+00	-6.742900e+01
6.910000e-06	-1.323989e-09	-5.677045e-10	-6.373216e+00	-6.915121e+01
6.920000e-06	-1.357842e-09	-5.853579e-10	-6.536169e+00	-7.086980e+01
6.930000e-06	-1.391620e-09	-6.014055e-10	-6.698765e+00	-7.258469e+01
6.940000e-06	-1.425339e-09	-6.161766e-10	-6.861075e+00	-7.429580e+01
6.950000e-06	-1.459011e-09	-6.302624e-10	-7.023161e+00	-7.600303e+01
6.960000e-06	-1.492623e-09	-6.465406e-10	-7.184961e+00	-7.770630e+01
6.970000e-06	-1.526167e-09	-6.628627e-10	-7.346429e+00	-7.940551e+01
6.980000e-06	-1.559649e-09	-6.756576e-10	-7.507599e+00	-8.110058e+01
6.990000e-06	-1.593067e-09	-6.861754e-10	-7.668460e+00	-8.279142e+01
7.000000e-06	-1.626401e-09	-6.986294e-10	-7.828919e+00	-8.447794e+01
7.010000e-06	-1.659653e-09	-7.149845e-10	-7.988984e+00	-8.616006e+01
7.020000e-06	-1.692815e-09	-7.332472e-10	-8.148614e+00	-8.783768e+01
7.030000e-06	-1.725858e-09	-7.501989e-10	-8.307671e+00	-8.951073e+01
7.040000e-06	-1.758769e-09	-7.656701e-10	-8.466093e+00	-9.117910e+01
7.050000e-06	-1.791563e-09	-7.820656e-10	-8.623955e+00	-9.284272e+01
7.060000e-06	-1.824245e-09	-7.985329e-10	-8.781271e+00	-9.450150e+01
7.070000e-06	-1.856828e-09	-8.124735e-10	-8.938113e+00	-9.615535e+01
7.080000e-06	-1.889306e-09	-8.235393e-10	-9.094454e+00	-9.780419e+01
7.090000e-06	-1.921663e-09	-8.358137e-10	-9.250210e+00	-9.944793e+01
7.100000e-06	-1.953932e-09	-8.517480e-10	-9.405539e+00	-1.010865e+02
7.110000e-06	-1.986111e-09	-8.694133e-10	-9.560441e+00	-1.027198e+02
7.120000e-06	-2.018190e-09	-8.843903e-10	-9.714854e+00	-1.043477e+02
7.130000e-06	-2.050184e-09	-8.958408e-10	-9.868862e+00	-1.059702e+02
7.140000e-06	-2.082112e-09	-9.068818e-10	-1.002256e+01	-1.075872e+02
7.150000e-06	-2.113979e-09	-9.206047e-10	-1.017595e+01	-1.091985e+02
7.160000e-06	-2.145779e-09	-9.348533e-10	-1.032902e+01	-1.108042e+02
7.170000e-06	-2.177528e-09	-9.475564e-10	-1.048185e+01	-1.124041e+02
7.180000e-06	-2.209225e-09	-9.622890e-10	-1.063443e+01	-1.139981e+02
7.190000e-06	-2.240864e-09	-9.788531e-10	-1.078673e+01	-1.155862e+02
7.200000e-06	-2.272446e-09	-9.956155e-10	-1.093876e+01	-1.171683e+02
7.210000e-06	-2.303966e-09	-1.008635e-09	-1.109048e+01	-1.187442e+02
7.220000e-06	-2.335413e-09	-1.016917e-09	-1.124186e+01	-1.203140e+02
7.230000e-06	-2.366768e-09	-1.025132e-09	-1.139279e+01	-1.218775e+02
7.240000e-06	-2.398005e-09	-1.036790e-09	-1.154316e+01	-1.234347e+02
7.250000e-06	-2.429097e-09	-1.052305e-09	-1.169282e+01	-1.249854e+02
7.260000e-06	-2.460031e-09	-1.069100e-09	-1.184173e+01	-1.265296e+02
7.270000e-06	-2.490787e-09	-1.086207e-09	-1.198977e+01	-1.280672e+02
7.280000e-06	-2.521343e-09	-1.101503e-09	-1.213686e+01	-1.295982e+02
7.290000e-06	-2.551698e-09	-1.114139e-09	-1.228298e+01	-1.311224e+02
7.300000e-06	-2.581836e-09	-1.124277e-09	-1.242805e+01	-1.326397e+02
7.310000e-06	-2.611753e-09	-1.132417e-09	-1.257206e+01	-1.341502e+02
7.320000e-06	-2.641412e-09	-1.142396e-09	-1.271483e+01	-1.356536e+02
7.330000e-06	-2.670807e-09	-1.156163e-09	-1.285633e+01	-1.371500e+02
7.340000e-06	-2.699962e-09	-1.172537e-09	-1.299667e+01	-1.386393e+02
7.350000e-06	-2.728868e-09	-1.186719e-09	-1.313581e+01	-1.401213e+02
7.360000e-06	-2.757547e-09	-1.196869e-09	-1.327386e+01	-1.415960e+02
7.370000e-06	-2.786000e-09	-1.206492e-09	-1.341082e+01	-1.430633e+02
7.380000e-06	-2.814254e-09	-1.218793e-09	-1.354683e+01	-1.445232e+02
7.390000e-06	-2.842382e-09	-1.233369e-09	-1.368223e+01	-1.459756e+02
7.400000e-06	-2.870392e-09	-1.244994e-09	-1.381706e+01	-1.474204e+02
7.410000e-06	-2.898283e-09	-1.253775e-09	-1.395132e+01	-1.488574e+02
7.420000e-06	-2.926095e-09	-1.264492e-09	-1.408519e+01	-1.502868e+02
7.430000e-06	-2.953848e-09	-1.278124e-09	-1.421879e+01	-1.517082e+02
7.440000e-06	-2.981542e-09	-1.291318e-09	-1.435210e+01	-1.531218e+02
7.450000e-06	-3.009189e-09	-1.301813e-09	-1.448518e+01	-1.545275e+02
7.460000e-06	-3.036766e-09	-1.312954e-09	-1.461793e+01	-1.559250e+02
7.470000e-06	-3.064242e-09	-1.327800e-09	-1.475019e+01	-1.573145e+02
7.480000e-06	-3.091616e-09	-1.344624e-09	-1.488195e+01	-1.586957e+02
7.490000e-06	-3.118876e-09	-1.358007e-09	-1.501318e+01	-1.600687e+02
7.500000e-06	-3.145971e-09	-1.366054e-09	-1.514360e+01	-1.614333e+02
7.510000e-06	-3.172861e-09	-1.372073e-09	-1.527304e+01	-1.627896e+02
7.520000e-06	-3.199564e-09	-1.380650e-09	-1.540158e+01	-1.641373e+02
7.530000e-06	-3.226064e-09	-1.393262e-09	-1.552914e+01	-1.654765e+02
7.540000e-06	-3.252350e-09	-1.406059e-09	-1.565567e+01	-1.668071e+02
7.550000e-06	-3.278451e-09	-1.417022e-09	-1.578131e+01	-1.681290e+02
7.560000e-06	-3.304395e-09	-1.428068e-09	-1.590620e+01	-1.694422e+02
7.570000e-06	-3.330215e-09	-1.441164e-09	-1.603049e+01	-1.707465e+02
7.580000e-06	-3.355907e-09	-1.454643e-09	-1.615416e+01	-1.720419e+02
7.590000e-06	-3.381442e-09	-1.465007e-09	-1.627708e+01	-1.733284e+02
7.600000e-06	-3.406809e-09	-1.472835e-09	-1.639919e+01	-1.746058e+02
7.610000e-06	-3.431995e-09	-1.482868e-09	-1.652042e+01	-1.758742e+02
7.620000e-06	-3.456983e-09	-1.496839e-09	-1.664070e+01	-1.771333e+02
7.630000e-06	-3.481770e-09	-1.511450e-09	-1.676002e+01	-1.783833e+02
7.640000e-06	-3.506357e-09	-1.523184e-09	-1.687838e+01	-1.796240e+02
7.650000e-06	-3.530747e-09	-1.532544e-09	-1.699578e+01	-1.808553e+02
7.660000e-06	-3.554961e-09	-1.542958e-09	-1.711234e+01	-1.820772e+02
7.670000e-06	-3.579005e-09	-1.556475e-09	-1.722808e+01	-1.832896e+02
7.680000e-06	-3.602919e-09	-1.570837e-09	-1.734319e+01	-1.844925e+02
7.690000e-06	-3.626737e-09	-1.582641e-09	-1.745784e+01	-1.856857e+02
7.700000e-06	-3.650470e-09	-1.592882e-09	-1.757209e+01	-1.868693e+02
7.710000e-06	-3.674121e-09	-1.602218e-09	-1.768593e+01	-1.880432e+02
7.720000e-06	-3.697664e-09	-1.610438e-09	-1.779926e+01	-1.892072e+02
7.730000e-06	-3.721096e-09	-1.619009e-09	-1.791205e+01	-1.903614e+02
7.740000e-06	-3.744369e-09	-1.629110e-09	-1.802408e+01	-1.915057e+02
7.750000e-06	-3.767440e-09	-1.640955e-09	-1.813514e+01	-1.926401e+02
7.760000e-06	-3.790290e-09	-1.654038e-09	-1.824513e+01	-1.937644e+02
7.770000e-06	-3.812861e-09	-1.666587e-09	-1.835378e+01	-1.948786e+02
7.780000e-06	-3.835119e-09	-1.677041e-09	-1.846092e+01	-1.959826e+02
7.790000e-06	-3.857062e-09	-1.685587e-09	-1.856655e+01	-1.970765e+02
7.800000e-06	-3.878676e-09	-1.693642e-09	-1.867059e+01	-1.981600e+02
7.810000e-06	-3.899929e-09	-1.701930e-09	-1.877290e+01	-1.992333e+02
7.820000e-06	-3.920835e-09	-1.711827e-09	-1.887353e+01	-2.002962e+02
7.830000e-06	-3.941432e-09	-1.723021e-09	-1.897267e+01	-2.013487e+02
7.840000e-06	-3.961756e-09	-1.733773e-09	-1.907051e+01	-2.023906e+02
7.850000e-06	-3.981850e-09	-1.742981e-09	-1.916724e+01	-2.034221e+02
7.860000e-06	-4.001778e-09	-1.750214e-09	-1.926316e+01	-2.044429e+02
7.870000e-06	-4.021590e-09	-1.757775e-09	-1.935853e+01	-2.054531e+02
7.880000e-06	-4.041314e-09	-1.765760e-09	-1.945347e+01	-2.064526e+02
7.890000e-06	-4.060953e-09	-1.773691e-09	-1.954801e+01	-2.074414e+02
7.900000e-06	-4.080487e-09	-1.781016e-09	-1.964204e+01	-2.084193e+02
7.910000e-06	-4.099885e-09	-1.787548e-09	-1.973541e+01	-2.093864e+02
7.920000e-06	-4.119109e-09	-1.795723e-09	-1.982795e+01	-2.103426e+02
7.930000e-06	-4.138115e-09	-1.805026e-09	-1.991944e+01	-2.112879e+02
7.940000e-06	-4.156874e-09	-1.813781e-09	-2.000974e+01	-2.122221e+02
7.950000e-06	-4.175390e-09	-1.821791e-09	-2.009887e+01	-2.131453e+02
7.960000e-06	-4.193690e-09	-1.829103e-09	-2.018696e+01	-2.140574e+02
7.970000e-06	-4.211774e-09	-1.835909e-09	-2.027401e+01	-2.149583e+02
7.980000e-06	-4.229658e-09	-1.842858e-09	-2.036010e+01	-2.158481e+02
7.990000e-06	-4.247379e-09	-1.850298e-09	-2.044540e+01	-2.167266e+02
8.000000e-06	-4.264955e-09	-1.857270e-09	-2.053000e+01	-2.175938e+02
8.010000e-06	-4.282351e-09	-1.864755e-09	-2.061374e+01	-2.184497e+02
8.020000e-06	-4.299529e-09	-1.872780e-09	-2.069643e+01	-2.192942e+02
8.030000e-06	-4.316481e-09	-1.879906e-09	-2.077803e+01	-2.201273e+02
8.040000e-06	-4.333198e-09	-1.885428e-09	-2.085850e+01	-2.209490e+02
8.050000e-06	-4.349661e-09	-1.889839e-09	-2.093775e+01	-2.217591e+02
8.060000e-06	-4.365873e-09	-1.894997e-09	-2.101579e+01	-2.225577e+02
8.070000e-06	-4.381910e-09	-1.901070e-09	-2.109299e+01	-2.233447e+02
8.080000e-06	-4.397818e-09	-1.907107e-09	-2.116956e+01	-2.241201e+02
8.090000e-06	-4.413590e-09	-1.913223e-09	-2.124548e+01	-2.248838e+02
8.100000e-06	-4.429235e-09	-1.920403e-09	-2.132079e+01	-2.256358e+02
8.110000e-06	-4.444738e-09	-1.928810e-09	-2.139542e+01	-2.263761e+02
8.120000e-06	-4.460039e-09	-1.937911e-09	-2.146907e+01	-2.271045e+02
8.130000e-06	-4.475086e-09	-1.945123e-09	-2.154150e+01	-2.278212e+02
8.140000e-06	-4.489816e-09	-1.949815e-09	-2.161241e+01	-2.285259e+02
8.150000e-06	-4.504143e-09	-1.953647e-09	-2.168137e+01	-2.292188e+02
8.160000e-06	-4.518036e-09	-1.958727e-09	-2.174825e+01	-2.298998e+02
8.170000e-06	-4.531510e-09	-1.965994e-09	-2.181311e+01	-2.305687e+02
8.180000e-06	-4.544576e-09	-1.973870e-09	-2.187600e+01	-2.312257e+02
8.190000e-06	-4.557252e-09	-1.980720e-09	-2.193702e+01	-2.318706e+02
8.200000e-06	-4.569627e-09	-1.987132e-09	-2.199659e+01	-2.325035e+02
8.210000e-06	-4.581774e-09	-1.994212e-09	-2.205506e+01	-2.331243e+02
8.220000e-06	-4.593702e-09	-2.000462e-09	-2.211248e+01	-2.337329e+02
8.230000e-06	-4.605457e-09	-2.005565e-09	-2.216906e+01	-2.343293e+02
8.240000e-06	-4.617041e-09	-2.008636e-09	-2.222482e+01	-2.349136e+02
8.250000e-06	-4.628411e-09	-2.009772e-09	-2.227956e+01	-2.354856e+02
8.260000e-06	-4.639554e-09	-2.012705e-09	-2.233319e+01	-2.360453e+02
8.270000e-06	-4.650418e-09	-2.020113e-09	-2.238549e+01	-2.365928e+02
8.280000e-06	-4.660998e-09	-2.030600e-09	-2.243642e+01	-2.371279e+02
8.290000e-06	-4.671336e-09	-2.039530e-09	-2.248618e+01	-2.376508e+02
8.300000e-06	-4.681449e-09	-2.044697e-09	-2.253486e+01	-2.381612e+02
8.310000e-06	-4.691352e-09	-2.047406e-09	-2.258253e+01	-2.386592e+02
8.320000e-06	-4.701064e-09	-2.050580e-09	-2.262928e+01	-2.391448e+02
8.330000e-06	-4.710581e-09	-2.054579e-09	-2.267509e+01	-2.396180e+02
8.340000e-06	-4.719892e-09	-2.058054e-09	-2.271992e+01	-2.400786e+02
8.350000e-06	-4.728963e-09	-2.062238e-09	-2.276358e+01	-2.405268e+02
8.360000e-06	-4.737736e-09	-2.067694e-09	-2.280581e+01	-2.409625e+02
8.370000e-06	-4.746231e-09	-2.073426e-09	-2.284670e+01	-2.413856e+02
8.380000e-06	-4.754495e-09	-2.078883e-09	-2.288648e+01	-2.417961e+02
8.390000e-06	-4.762557e-09	-2.083261e-09	-2.292529e+01	-2.421941e+02
8.400000e-06	-4.770467e-09	-2.085542e-09	-2.296337e+01	-2.425794e+02
8.410000e-06	-4.778253e-09	-2.087195e-09	-2.300085e+01	-2.429521e+02
8.420000e-06	-4.785918e-09	-2.091194e-09	-2.303774e+01	-2.433122e+02
8.430000e-06	-4.793448e-09	-2.095940e-09	-2.307399e+01	-2.436596e+02
8.440000e-06	-4.800798e-09	-2.097368e-09	-2.310937e+01	-2.439943e+02
8.450000e-06	-4.807905e-09	-2.095820e-09	-2.314358e+01	-2.443163e+02
8.460000e-06	-4.814701e-09	-2.096099e-09	-2.317629e+01	-2.446256e+02
8.470000e-06	-4.821139e-09	-2.101128e-09	-2.320728e+01	-2.449222e+02
8.480000e-06	-4.827198e-09	-2.107508e-09	-2.323645e+01	-2.452060e+02
8.490000e-06	-4.832854e-09	-2.110982e-09	-2.326368e+01	-2.454770e+02
8.500000e-06	-4.838058e-09	-2.111966e-09	-2.328873e+01	-2.457353e+02
8.510000e-06	-4.842849e-09	-2.112504e-09	-2.331179e+01	-2.459808e+02
8.520000e-06	-4.847327e-09	-2.113392e-09	-2.333334e+01	-2.462134e+02
8.530000e-06	-4.851538e-09	-2.115074e-09	-2.335361e+01	-2.464333e+02
8.540000e-06	-4.855532e-09	-2.115895e-09	-2.337284e+01	-2.466403e+02
8.550000e-06	-4.859376e-09	-2.116173e-09	-2.339134e+01	-2.468344e+02
8.560000e-06	-4.863102e-09	-2.117636e-09	-2.340928e+01	-2.470157e+02
8.570000e-06	-4.866699e-09	-2.118772e-09	-2.342659e+01	-2.471842e+02
8.580000e-06	-4.870134e-09	-2.118640e-09	-2.344313e+01	-2.473398e+02
8.590000e-06	-4.873381e-09	-2.117582e-09	-2.345876e+01	-2.474825e+02
8.600000e-06	-4.876380e-09	-2.116556e-09	-2.347319e+01	-2.476123e+02
8.610000e-06	-4.879089e-09	-2.116511e-09	-2.348623e+01	-2.477293e+02
8.620000e-06	-4.881531e-09	-2.118018e-09	-2.349799e+01	-2.478333e+02
8.630000e-06	-4.883720e-09	-2.120293e-09	-2.350853e+01	-2.479245e+02
8.640000e-06	-4.885681e-09	-2.120928e-09	-2.351796e+01	-2.480027e+02
8.650000e-06	-4.887468e-09	-2.119598e-09	-2.352657e+01	-2.480680e+02
8.660000e-06	-4.889089e-09	-2.116793e-09	-2.353437e+01	-2.481204e+02
8.670000e-06	-4.890495e-09	-2.113813e-09	-2.354114e+01	-2.481599e+02
8.680000e-06	-4.891536e-09	-2.113281e-09	-2.354615e+01	-2.481865e+02
8.690000e-06	-4.892253e-09	-2.115426e-09	-2.354960e+01	-2.482001e+02
8.700000e-06	-4.892789e-09	-2.118786e-09	-2.355218e+01	-2.482008e+02
8.710000e-06	-4.893101e-09	-2.121456e-09	-2.355368e+01	-2.481886e+02
