# Temperatura_=_20.0
# Concentracion g/m^3_=_10000.0
# C_Vs_to_Am_M_A/Vsm_=_116720831517.84952
# pendiente_HvsI_1/m_=_3716.3
# ordenada_HvsI_A/m_=_1297.0
# frecuencia_Hz_=_239360.3191407894
# Promedio de 25 ciclos

Tiempo_(s)	Campo_(V.s)	Magnetizacion_(V.s)	Campo_(kA/m)	Magnetizacion_(A/m)
0.000000e+00	-9.743618e-09	-4.268286e-09	-4.955245e+01	-4.942071e+02
1.000000e-08	-9.742326e-09	-4.268321e-09	-4.954588e+01	-4.939929e+02
2.000000e-08	-9.738840e-09	-4.267275e-09	-4.952815e+01	-4.936670e+02
3.000000e-08	-9.733322e-09	-4.262459e-09	-4.950009e+01	-4.932294e+02
4.000000e-08	-9.725934e-09	-4.255994e-09	-4.946252e+01	-4.926801e+02
5.000000e-08	-9.716534e-09	-4.248222e-09	-4.941471e+01	-4.920195e+02
6.000000e-08	-9.704819e-09	-4.238430e-09	-4.935513e+01	-4.912475e+02
7.000000e-08	-9.690738e-09	-4.222364e-09	-4.928352e+01	-4.903643e+02
8.000000e-08	-9.674271e-09	-4.201900e-09	-4.919977e+01	-4.893703e+02
9.000000e-08	-9.655475e-09	-4.232592e-09	-4.910418e+01	-4.882655e+02
1.000000e-07	-9.634381e-09	-4.257792e-09	-4.899691e+01	-4.870502e+02
1.100000e-07	-9.610832e-09	-4.230358e-09	-4.887715e+01	-4.857248e+02
1.200000e-07	-9.584800e-09	-4.203120e-09	-4.874476e+01	-4.842894e+02
1.300000e-07	-9.556790e-09	-4.099041e-09	-4.860231e+01	-4.827445e+02
1.400000e-07	-9.527375e-09	-4.093063e-09	-4.845271e+01	-4.810904e+02
1.500000e-07	-9.496172e-09	-4.186039e-09	-4.829403e+01	-4.793274e+02
1.600000e-07	-9.462861e-09	-4.051747e-09	-4.812462e+01	-4.774560e+02
1.700000e-07	-9.427596e-09	-4.087548e-09	-4.794527e+01	-4.754765e+02
1.800000e-07	-9.390127e-09	-4.193189e-09	-4.775472e+01	-4.733895e+02
1.900000e-07	-9.350606e-09	-3.995326e-09	-4.755373e+01	-4.711954e+02
2.000000e-07	-9.309464e-09	-4.015476e-09	-4.734449e+01	-4.688947e+02
2.100000e-07	-9.266132e-09	-4.079642e-09	-4.712412e+01	-4.664878e+02
2.200000e-07	-9.220428e-09	-3.914394e-09	-4.689169e+01	-4.639755e+02
2.300000e-07	-9.172643e-09	-3.953617e-09	-4.664867e+01	-4.613582e+02
2.400000e-07	-9.122307e-09	-4.001120e-09	-4.639268e+01	-4.586364e+02
2.500000e-07	-9.069487e-09	-3.920863e-09	-4.612406e+01	-4.558110e+02
2.600000e-07	-9.014698e-09	-3.942146e-09	-4.584542e+01	-4.528824e+02
2.700000e-07	-8.957844e-09	-3.865756e-09	-4.555628e+01	-4.498513e+02
2.800000e-07	-8.898807e-09	-3.774373e-09	-4.525604e+01	-4.467184e+02
2.900000e-07	-8.837742e-09	-3.793670e-09	-4.494548e+01	-4.434845e+02
3.000000e-07	-8.774798e-09	-3.797975e-09	-4.462538e+01	-4.401502e+02
3.100000e-07	-8.709846e-09	-3.778685e-09	-4.429505e+01	-4.367164e+02
3.200000e-07	-8.642688e-09	-3.741419e-09	-4.395351e+01	-4.331837e+02
3.300000e-07	-8.573487e-09	-3.695801e-09	-4.360158e+01	-4.295531e+02
3.400000e-07	-8.502491e-09	-3.638596e-09	-4.324052e+01	-4.258252e+02
3.500000e-07	-8.429686e-09	-3.615878e-09	-4.287026e+01	-4.220010e+02
3.600000e-07	-8.354783e-09	-3.590639e-09	-4.248933e+01	-4.180813e+02
3.700000e-07	-8.277639e-09	-3.518537e-09	-4.209700e+01	-4.140670e+02
3.800000e-07	-8.198282e-09	-3.521063e-09	-4.169342e+01	-4.099591e+02
3.900000e-07	-8.116791e-09	-3.524152e-09	-4.127899e+01	-4.057583e+02
4.000000e-07	-8.033572e-09	-3.463810e-09	-4.085576e+01	-4.014658e+02
4.100000e-07	-7.948834e-09	-3.408207e-09	-4.042482e+01	-3.970824e+02
4.200000e-07	-7.862524e-09	-3.329626e-09	-3.998588e+01	-3.926092e+02
4.300000e-07	-7.774637e-09	-3.292949e-09	-3.953892e+01	-3.880471e+02
4.400000e-07	-7.684969e-09	-3.296943e-09	-3.908290e+01	-3.833973e+02
4.500000e-07	-7.593396e-09	-3.268464e-09	-3.861719e+01	-3.786607e+02
4.600000e-07	-7.500102e-09	-3.217290e-09	-3.814273e+01	-3.738384e+02
4.700000e-07	-7.405244e-09	-3.153172e-09	-3.766032e+01	-3.689315e+02
4.800000e-07	-7.308808e-09	-3.111613e-09	-3.716988e+01	-3.639411e+02
4.900000e-07	-7.210656e-09	-3.069220e-09	-3.667071e+01	-3.588684e+02
5.000000e-07	-7.110785e-09	-3.022575e-09	-3.616281e+01	-3.537145e+02
5.100000e-07	-7.009348e-09	-2.971524e-09	-3.564693e+01	-3.484805e+02
5.200000e-07	-6.906394e-09	-2.923311e-09	-3.512335e+01	-3.431677e+02
5.300000e-07	-6.801924e-09	-2.902988e-09	-3.459205e+01	-3.377772e+02
5.400000e-07	-6.695942e-09	-2.860772e-09	-3.405306e+01	-3.323103e+02
5.500000e-07	-6.588444e-09	-2.794088e-09	-3.350637e+01	-3.267682e+02
5.600000e-07	-6.479449e-09	-2.720252e-09	-3.295206e+01	-3.211522e+02
5.700000e-07	-6.369026e-09	-2.664101e-09	-3.239049e+01	-3.154635e+02
5.800000e-07	-6.257256e-09	-2.636022e-09	-3.182207e+01	-3.097033e+02
5.900000e-07	-6.144096e-09	-2.603010e-09	-3.124658e+01	-3.038731e+02
6.000000e-07	-6.029460e-09	-2.550216e-09	-3.066358e+01	-2.979742e+02
6.100000e-07	-5.913219e-09	-2.482852e-09	-3.007242e+01	-2.920078e+02
6.200000e-07	-5.795424e-09	-2.420801e-09	-2.947336e+01	-2.859753e+02
6.300000e-07	-5.676340e-09	-2.370110e-09	-2.886774e+01	-2.798781e+02
6.400000e-07	-5.556068e-09	-2.319261e-09	-2.825608e+01	-2.737175e+02
6.500000e-07	-5.434542e-09	-2.263218e-09	-2.763805e+01	-2.674950e+02
6.600000e-07	-5.311697e-09	-2.205409e-09	-2.701330e+01	-2.612120e+02
6.700000e-07	-5.187529e-09	-2.157313e-09	-2.638183e+01	-2.548698e+02
6.800000e-07	-5.062181e-09	-2.115225e-09	-2.574435e+01	-2.484700e+02
6.900000e-07	-4.935806e-09	-2.057808e-09	-2.510166e+01	-2.420139e+02
7.000000e-07	-4.808405e-09	-1.985782e-09	-2.445374e+01	-2.355030e+02
7.100000e-07	-4.679886e-09	-1.915545e-09	-2.380014e+01	-2.289388e+02
7.200000e-07	-4.550216e-09	-1.863028e-09	-2.314068e+01	-2.223228e+02
7.300000e-07	-4.419502e-09	-1.817911e-09	-2.247592e+01	-2.156565e+02
7.400000e-07	-4.287773e-09	-1.761691e-09	-2.180600e+01	-2.089414e+02
7.500000e-07	-4.155024e-09	-1.695495e-09	-2.113088e+01	-2.021789e+02
7.600000e-07	-4.021380e-09	-1.627528e-09	-2.045122e+01	-1.953707e+02
7.700000e-07	-3.886932e-09	-1.569647e-09	-1.976746e+01	-1.885183e+02
7.800000e-07	-3.751666e-09	-1.513987e-09	-1.907955e+01	-1.816232e+02
7.900000e-07	-3.615541e-09	-1.451788e-09	-1.838727e+01	-1.746869e+02
8.000000e-07	-3.478527e-09	-1.385562e-09	-1.769047e+01	-1.677111e+02
8.100000e-07	-3.340679e-09	-1.324019e-09	-1.698942e+01	-1.606973e+02
8.200000e-07	-3.202046e-09	-1.268693e-09	-1.628439e+01	-1.536472e+02
8.300000e-07	-3.062617e-09	-1.208531e-09	-1.557531e+01	-1.465622e+02
8.400000e-07	-2.922393e-09	-1.139208e-09	-1.486218e+01	-1.394441e+02
8.500000e-07	-2.781400e-09	-1.066827e-09	-1.414514e+01	-1.322943e+02
8.600000e-07	-2.639695e-09	-1.005306e-09	-1.342448e+01	-1.251146e+02
8.700000e-07	-2.497367e-09	-9.535416e-10	-1.270065e+01	-1.179066e+02
8.800000e-07	-2.354445e-09	-8.997090e-10	-1.197380e+01	-1.106718e+02
8.900000e-07	-2.210967e-09	-8.347672e-10	-1.124413e+01	-1.034120e+02
9.000000e-07	-2.067011e-09	-7.629645e-10	-1.051202e+01	-9.612869e+01
9.100000e-07	-1.922594e-09	-6.973088e-10	-9.777566e+00	-8.882363e+01
9.200000e-07	-1.777726e-09	-6.385873e-10	-9.040823e+00	-8.149843e+01
9.300000e-07	-1.632434e-09	-5.787371e-10	-8.301919e+00	-7.415475e+01
9.400000e-07	-1.486746e-09	-5.137620e-10	-7.561003e+00	-6.679425e+01
9.500000e-07	-1.340714e-09	-4.494427e-10	-6.818338e+00	-5.941859e+01
9.600000e-07	-1.194402e-09	-3.915546e-10	-6.074253e+00	-5.202945e+01
9.700000e-07	-1.047880e-09	-3.355615e-10	-5.329092e+00	-4.462849e+01
9.800000e-07	-9.011513e-10	-2.729298e-10	-4.582884e+00	-3.721739e+01
9.900000e-07	-7.542336e-10	-2.030403e-10	-3.835715e+00	-2.979783e+01
1.000000e-06	-6.071747e-10	-1.344350e-10	-3.087827e+00	-2.237147e+01
1.010000e-06	-4.600015e-10	-7.415334e-11	-2.339357e+00	-1.494001e+01
1.020000e-06	-3.127374e-10	-1.736940e-11	-1.590426e+00	-7.505119e+00
1.030000e-06	-1.654101e-10	4.351918e-11	-8.411732e-01	-6.848121e-02
1.040000e-06	-1.804250e-11	1.104137e-10	-9.171557e-02	7.368222e+00
1.050000e-06	1.293546e-10	1.764637e-10	6.578924e-01	1.480331e+01
1.060000e-06	2.767353e-10	2.363330e-10	1.407417e+00	2.223510e+01
1.070000e-06	4.240572e-10	2.946934e-10	2.156642e+00	2.966191e+01
1.080000e-06	5.712912e-10	3.589257e-10	2.905421e+00	3.708206e+01
1.090000e-06	7.184065e-10	4.280360e-10	3.653595e+00	4.449388e+01
1.100000e-06	8.653833e-10	4.923844e-10	4.401065e+00	5.189568e+01
1.110000e-06	1.012195e-09	5.506619e-10	5.147698e+00	5.928580e+01
1.120000e-06	1.158799e-09	6.093452e-10	5.893270e+00	6.666256e+01
1.130000e-06	1.305135e-09	6.726401e-10	6.637482e+00	7.402430e+01
1.140000e-06	1.451177e-09	7.384201e-10	7.380197e+00	8.136935e+01
1.150000e-06	1.596874e-09	8.002479e-10	8.121158e+00	8.869604e+01
1.160000e-06	1.742162e-09	8.582370e-10	8.860039e+00	9.600273e+01
1.170000e-06	1.887001e-09	9.175845e-10	9.596638e+00	1.032878e+02
1.180000e-06	2.031362e-09	9.815208e-10	1.033080e+01	1.105495e+02
1.190000e-06	2.175215e-09	1.047475e-09	1.106239e+01	1.177862e+02
1.200000e-06	2.318532e-09	1.109676e-09	1.179124e+01	1.249964e+02
1.210000e-06	2.461267e-09	1.167236e-09	1.251714e+01	1.321784e+02
1.220000e-06	2.603394e-09	1.224899e-09	1.323994e+01	1.393305e+02
1.230000e-06	2.744891e-09	1.285680e-09	1.395954e+01	1.464512e+02
1.240000e-06	2.885705e-09	1.346758e-09	1.467567e+01	1.535388e+02
1.250000e-06	3.025747e-09	1.405092e-09	1.538788e+01	1.605917e+02
1.260000e-06	3.164952e-09	1.461269e-09	1.609582e+01	1.676084e+02
1.270000e-06	3.303333e-09	1.520146e-09	1.679958e+01	1.745872e+02
1.280000e-06	3.440893e-09	1.582910e-09	1.749916e+01	1.815265e+02
1.290000e-06	3.577607e-09	1.644764e-09	1.819443e+01	1.884249e+02
1.300000e-06	3.713451e-09	1.701774e-09	1.888529e+01	1.952807e+02
1.310000e-06	3.848447e-09	1.756052e-09	1.957182e+01	2.020924e+02
1.320000e-06	3.982631e-09	1.812571e-09	2.025423e+01	2.088585e+02
1.330000e-06	4.116007e-09	1.871864e-09	2.093254e+01	2.155773e+02
1.340000e-06	4.248516e-09	1.929065e-09	2.160643e+01	2.222475e+02
1.350000e-06	4.380038e-09	1.982010e-09	2.227530e+01	2.288675e+02
1.360000e-06	4.510537e-09	2.034813e-09	2.293897e+01	2.354357e+02
1.370000e-06	4.640024e-09	2.090996e-09	2.359749e+01	2.419508e+02
1.380000e-06	4.768440e-09	2.150217e-09	2.425057e+01	2.484112e+02
1.390000e-06	4.895789e-09	2.207537e-09	2.489822e+01	2.548154e+02
1.400000e-06	5.022139e-09	2.259609e-09	2.554079e+01	2.611621e+02
1.410000e-06	5.147517e-09	2.309224e-09	2.617841e+01	2.674498e+02
1.420000e-06	5.271839e-09	2.361751e-09	2.681067e+01	2.736771e+02
1.430000e-06	5.394938e-09	2.416475e-09	2.743670e+01	2.798425e+02
1.440000e-06	5.516749e-09	2.468785e-09	2.805619e+01	2.859446e+02
1.450000e-06	5.637262e-09	2.517472e-09	2.866907e+01	2.919822e+02
1.460000e-06	5.756511e-09	2.566180e-09	2.927553e+01	2.979538e+02
1.470000e-06	5.874511e-09	2.618171e-09	2.987563e+01	3.038580e+02
1.480000e-06	5.991138e-09	2.670252e-09	3.046876e+01	3.096936e+02
1.490000e-06	6.106210e-09	2.717525e-09	3.105397e+01	3.154592e+02
1.500000e-06	6.219689e-09	2.760882e-09	3.163108e+01	3.211536e+02
1.510000e-06	6.331687e-09	2.805380e-09	3.220066e+01	3.267753e+02
1.520000e-06	6.442310e-09	2.853146e-09	3.276325e+01	3.323232e+02
1.530000e-06	6.551638e-09	2.902065e-09	3.331925e+01	3.377960e+02
1.540000e-06	6.659580e-09	2.947861e-09	3.386820e+01	3.431924e+02
1.550000e-06	6.765950e-09	2.990334e-09	3.440916e+01	3.485113e+02
1.560000e-06	6.870667e-09	3.033491e-09	3.494171e+01	3.537514e+02
1.570000e-06	6.973798e-09	3.078165e-09	3.546620e+01	3.589116e+02
1.580000e-06	7.075431e-09	3.121180e-09	3.598307e+01	3.639907e+02
1.590000e-06	7.175483e-09	3.160838e-09	3.649189e+01	3.689875e+02
1.600000e-06	7.273781e-09	3.199502e-09	3.699180e+01	3.739009e+02
1.610000e-06	7.370283e-09	3.240302e-09	3.748257e+01	3.787298e+02
1.620000e-06	7.465125e-09	3.282748e-09	3.796491e+01	3.834731e+02
1.630000e-06	7.558444e-09	3.321503e-09	3.843949e+01	3.881297e+02
1.640000e-06	7.650190e-09	3.355311e-09	3.890608e+01	3.926986e+02
1.650000e-06	7.740159e-09	3.387354e-09	3.936362e+01	3.971788e+02
1.660000e-06	7.828279e-09	3.421404e-09	3.981177e+01	4.015692e+02
1.670000e-06	7.914678e-09	3.457941e-09	4.025116e+01	4.058688e+02
1.680000e-06	7.999488e-09	3.493242e-09	4.068247e+01	4.100767e+02
1.690000e-06	8.082663e-09	3.525956e-09	4.110547e+01	4.141919e+02
1.700000e-06	8.163996e-09	3.557857e-09	4.151910e+01	4.182135e+02
1.710000e-06	8.243414e-09	3.590133e-09	4.192299e+01	4.221406e+02
1.720000e-06	8.320991e-09	3.621286e-09	4.231752e+01	4.259722e+02
1.730000e-06	8.396610e-09	3.648574e-09	4.270209e+01	4.297076e+02
1.740000e-06	8.470152e-09	3.674037e-09	4.307610e+01	4.333458e+02
1.750000e-06	8.541748e-09	3.703069e-09	4.344021e+01	4.368861e+02
1.760000e-06	8.611526e-09	3.735128e-09	4.379507e+01	4.403277e+02
1.770000e-06	8.679460e-09	3.765552e-09	4.414056e+01	4.436697e+02
1.780000e-06	8.745371e-09	3.790132e-09	4.447576e+01	4.469114e+02
1.790000e-06	8.809277e-09	3.810740e-09	4.480076e+01	4.500522e+02
1.800000e-06	8.871362e-09	3.832902e-09	4.511650e+01	4.530912e+02
1.810000e-06	8.931643e-09	3.857475e-09	4.542306e+01	4.560278e+02
1.820000e-06	8.989901e-09	3.881501e-09	4.571934e+01	4.588613e+02
1.830000e-06	9.046058e-09	3.901540e-09	4.600494e+01	4.615911e+02
1.840000e-06	9.100175e-09	3.919821e-09	4.628016e+01	4.642165e+02
1.850000e-06	9.152002e-09	3.940280e-09	4.654373e+01	4.667370e+02
1.860000e-06	9.201390e-09	3.961084e-09	4.679490e+01	4.691521e+02
1.870000e-06	9.248603e-09	3.977628e-09	4.703500e+01	4.714611e+02
1.880000e-06	9.293936e-09	3.990237e-09	4.726555e+01	4.736635e+02
1.890000e-06	9.337268e-09	4.004613e-09	4.748592e+01	4.757588e+02
1.900000e-06	9.378367e-09	4.022924e-09	4.769493e+01	4.777466e+02
1.910000e-06	9.417355e-09	4.042227e-09	4.789321e+01	4.796265e+02
1.920000e-06	9.454421e-09	4.057166e-09	4.808172e+01	4.813979e+02
1.930000e-06	9.489383e-09	4.067075e-09	4.825952e+01	4.830605e+02
1.940000e-06	9.522092e-09	4.076421e-09	4.842586e+01	4.846139e+02
1.950000e-06	9.552739e-09	4.087693e-09	4.858172e+01	4.860577e+02
1.960000e-06	9.581453e-09	4.100727e-09	4.872775e+01	4.873917e+02
1.970000e-06	9.607967e-09	4.112201e-09	4.886259e+01	4.886156e+02
1.980000e-06	9.632117e-09	4.122265e-09	4.898541e+01	4.897289e+02
1.990000e-06	9.654154e-09	4.132440e-09	4.909748e+01	4.907316e+02
2.000000e-06	9.674262e-09	4.141872e-09	4.919974e+01	4.916234e+02
2.010000e-06	9.692280e-09	4.148583e-09	4.929137e+01	4.924040e+02
2.020000e-06	9.707985e-09	4.151039e-09	4.937124e+01	4.930733e+02
2.030000e-06	9.721425e-09	4.153534e-09	4.943959e+01	4.936312e+02
2.040000e-06	9.732478e-09	4.159873e-09	4.949580e+01	4.940775e+02
2.050000e-06	9.741144e-09	4.169569e-09	4.953988e+01	4.944121e+02
2.060000e-06	9.747689e-09	4.176819e-09	4.957316e+01	4.946350e+02
2.070000e-06	9.752223e-09	4.176981e-09	4.959622e+01	4.947460e+02
2.080000e-06	9.754566e-09	4.174647e-09	4.960813e+01	4.947452e+02
2.090000e-06	9.754679e-09	4.173721e-09	4.960871e+01	4.946326e+02
2.100000e-06	9.752807e-09	4.171905e-09	4.959918e+01	4.944082e+02
2.110000e-06	9.749012e-09	4.169449e-09	4.957989e+01	4.940720e+02
2.120000e-06	9.743087e-09	4.166544e-09	4.954975e+01	4.936241e+02
2.130000e-06	9.735028e-09	4.162902e-09	4.950877e+01	4.930647e+02
2.140000e-06	9.725009e-09	4.160709e-09	4.945781e+01	4.923938e+02
2.150000e-06	9.712834e-09	4.161976e-09	4.939589e+01	4.916116e+02
2.160000e-06	9.698397e-09	4.172931e-09	4.932247e+01	4.907182e+02
2.170000e-06	9.681959e-09	4.149106e-09	4.923888e+01	4.897140e+02
2.180000e-06	9.663451e-09	4.081439e-09	4.914475e+01	4.885990e+02
2.190000e-06	9.641989e-09	4.073134e-09	4.903560e+01	4.873736e+02
2.200000e-06	9.617244e-09	4.075859e-09	4.890976e+01	4.860381e+02
2.210000e-06	9.590288e-09	4.162515e-09	4.877267e+01	4.845927e+02
2.220000e-06	9.562375e-09	4.163505e-09	4.863071e+01	4.830377e+02
2.230000e-06	9.533409e-09	4.011728e-09	4.848340e+01	4.813736e+02
2.240000e-06	9.501944e-09	4.135809e-09	4.832338e+01	4.796006e+02
2.250000e-06	9.467898e-09	4.098699e-09	4.815024e+01	4.777193e+02
2.260000e-06	9.432488e-09	3.915528e-09	4.797015e+01	4.757299e+02
2.270000e-06	9.394924e-09	4.113109e-09	4.777911e+01	4.736331e+02
2.280000e-06	9.354645e-09	4.072134e-09	4.757427e+01	4.714291e+02
2.290000e-06	9.312667e-09	3.893717e-09	4.736078e+01	4.691186e+02
2.300000e-06	9.268657e-09	4.069418e-09	4.713696e+01	4.667021e+02
2.310000e-06	9.222520e-09	3.980899e-09	4.690233e+01	4.641801e+02
2.320000e-06	9.174708e-09	3.862691e-09	4.665917e+01	4.615531e+02
2.330000e-06	9.124452e-09	3.954016e-09	4.640359e+01	4.588219e+02
2.340000e-06	9.071637e-09	3.806441e-09	4.613499e+01	4.559869e+02
2.350000e-06	9.016652e-09	3.845206e-09	4.585536e+01	4.530488e+02
2.360000e-06	8.959482e-09	3.935216e-09	4.556461e+01	4.500084e+02
2.370000e-06	8.900460e-09	3.803696e-09	4.526445e+01	4.468662e+02
2.380000e-06	8.839349e-09	3.818816e-09	4.495366e+01	4.436231e+02
2.390000e-06	8.776019e-09	3.738229e-09	4.463158e+01	4.402796e+02
2.400000e-06	8.710903e-09	3.664178e-09	4.430042e+01	4.368366e+02
2.410000e-06	8.643758e-09	3.721236e-09	4.395895e+01	4.332949e+02
2.420000e-06	8.574407e-09	3.673629e-09	4.360626e+01	4.296553e+02
2.430000e-06	8.502927e-09	3.676607e-09	4.324274e+01	4.259186e+02
2.440000e-06	8.429483e-09	3.608105e-09	4.286923e+01	4.220855e+02
2.450000e-06	8.354127e-09	3.579394e-09	4.248599e+01	4.181571e+02
2.460000e-06	8.276553e-09	3.565653e-09	4.209148e+01	4.141342e+02
2.470000e-06	8.197018e-09	3.449038e-09	4.168699e+01	4.100176e+02
2.480000e-06	8.115732e-09	3.471113e-09	4.127360e+01	4.058084e+02
2.490000e-06	8.032714e-09	3.418478e-09	4.085140e+01	4.015075e+02
2.500000e-06	7.948020e-09	3.408369e-09	4.042068e+01	3.971158e+02
2.510000e-06	7.861308e-09	3.422137e-09	3.997969e+01	3.926344e+02
2.520000e-06	7.772789e-09	3.312445e-09	3.952952e+01	3.880642e+02
2.530000e-06	7.682699e-09	3.287870e-09	3.907135e+01	3.834063e+02
2.540000e-06	7.590989e-09	3.211203e-09	3.860495e+01	3.786618e+02
2.550000e-06	7.497650e-09	3.185851e-09	3.813026e+01	3.738316e+02
2.560000e-06	7.402494e-09	3.185100e-09	3.764633e+01	3.689170e+02
2.570000e-06	7.305712e-09	3.125633e-09	3.715413e+01	3.639190e+02
2.580000e-06	7.207390e-09	3.104575e-09	3.665411e+01	3.588388e+02
2.590000e-06	7.107454e-09	3.032102e-09	3.614586e+01	3.536774e+02
2.600000e-06	7.005889e-09	2.996778e-09	3.562934e+01	3.484361e+02
2.610000e-06	6.902631e-09	2.942393e-09	3.510421e+01	3.431161e+02
2.620000e-06	6.797900e-09	2.882546e-09	3.457159e+01	3.377186e+02
2.630000e-06	6.691769e-09	2.861680e-09	3.403184e+01	3.322447e+02
2.640000e-06	6.584231e-09	2.811362e-09	3.348494e+01	3.266957e+02
2.650000e-06	6.475248e-09	2.790505e-09	3.293070e+01	3.210729e+02
2.660000e-06	6.364769e-09	2.730625e-09	3.236884e+01	3.153775e+02
2.670000e-06	6.252848e-09	2.663140e-09	3.179965e+01	3.096109e+02
2.680000e-06	6.139413e-09	2.609293e-09	3.122276e+01	3.037743e+02
2.690000e-06	6.024488e-09	2.554963e-09	3.063830e+01	2.978690e+02
2.700000e-06	5.907985e-09	2.530511e-09	3.004580e+01	2.918965e+02
2.710000e-06	5.789919e-09	2.483296e-09	2.944536e+01	2.858579e+02
2.720000e-06	5.670440e-09	2.432873e-09	2.883774e+01	2.797548e+02
2.730000e-06	5.549666e-09	2.375387e-09	2.822352e+01	2.735885e+02
2.740000e-06	5.427736e-09	2.315790e-09	2.760343e+01	2.673603e+02
2.750000e-06	5.304566e-09	2.264044e-09	2.697703e+01	2.610717e+02
2.760000e-06	5.180172e-09	2.201271e-09	2.634441e+01	2.547242e+02
2.770000e-06	5.054567e-09	2.151308e-09	2.570563e+01	2.483191e+02
2.780000e-06	4.927724e-09	2.105080e-09	2.506055e+01	2.418578e+02
2.790000e-06	4.799739e-09	2.059810e-09	2.440967e+01	2.353420e+02
2.800000e-06	4.670725e-09	2.006695e-09	2.375355e+01	2.287729e+02
2.810000e-06	4.540780e-09	1.937287e-09	2.309270e+01	2.221522e+02
2.820000e-06	4.409865e-09	1.874290e-09	2.242691e+01	2.154813e+02
2.830000e-06	4.277933e-09	1.816732e-09	2.175596e+01	2.087617e+02
2.840000e-06	4.145014e-09	1.768919e-09	2.107998e+01	2.019949e+02
2.850000e-06	4.011162e-09	1.720875e-09	2.039926e+01	1.951825e+02
2.860000e-06	3.876428e-09	1.661567e-09	1.971405e+01	1.883260e+02
2.870000e-06	3.740789e-09	1.602529e-09	1.902424e+01	1.814270e+02
2.880000e-06	3.604321e-09	1.540741e-09	1.833021e+01	1.744870e+02
2.890000e-06	3.467087e-09	1.481360e-09	1.763229e+01	1.675076e+02
2.900000e-06	3.329086e-09	1.420117e-09	1.693047e+01	1.604903e+02
2.910000e-06	3.190359e-09	1.360608e-09	1.622495e+01	1.534368e+02
2.920000e-06	3.050870e-09	1.306965e-09	1.551556e+01	1.463487e+02
2.930000e-06	2.910640e-09	1.252394e-09	1.480240e+01	1.392275e+02
2.940000e-06	2.769707e-09	1.195857e-09	1.408567e+01	1.320749e+02
2.950000e-06	2.628109e-09	1.128811e-09	1.336555e+01	1.248924e+02
2.960000e-06	2.485870e-09	1.061383e-09	1.264218e+01	1.176818e+02
2.970000e-06	2.343004e-09	9.991890e-10	1.191562e+01	1.104446e+02
2.980000e-06	2.199600e-09	9.421614e-10	1.118632e+01	1.031824e+02
2.990000e-06	2.055714e-09	8.875320e-10	1.045457e+01	9.589702e+01
3.000000e-06	1.911403e-09	8.257148e-10	9.720653e+00	8.858996e+01
3.010000e-06	1.766707e-09	7.613200e-10	8.984780e+00	8.126291e+01
3.020000e-06	1.621667e-09	6.952474e-10	8.247161e+00	7.391753e+01
3.030000e-06	1.476337e-09	6.296877e-10	7.508067e+00	6.655549e+01
3.040000e-06	1.330732e-09	5.641305e-10	6.767571e+00	5.917844e+01
3.050000e-06	1.184883e-09	4.990377e-10	6.025839e+00	5.178806e+01
3.060000e-06	1.038786e-09	4.386146e-10	5.282842e+00	4.438601e+01
3.070000e-06	8.924306e-10	3.787365e-10	4.538532e+00	3.697398e+01
3.080000e-06	7.458697e-10	3.178297e-10	3.793177e+00	2.955363e+01
3.090000e-06	5.991547e-10	2.518625e-10	3.047039e+00	2.212664e+01
3.100000e-06	4.523002e-10	1.831962e-10	2.300191e+00	1.469470e+01
3.110000e-06	3.053250e-10	1.176929e-10	1.552729e+00	7.259480e+00
3.120000e-06	1.582580e-10	5.452047e-11	8.048001e-01	-1.773315e-01
3.130000e-06	1.113843e-11	-6.818691e-12	5.660424e-02	-7.614056e+00
3.140000e-06	-1.359832e-10	-6.985164e-11	-6.916023e-01	-1.504901e+01
3.150000e-06	-2.830712e-10	-1.339458e-10	-1.439638e+00	-2.248051e+01
3.160000e-06	-4.300946e-10	-1.971782e-10	-2.187345e+00	-2.990689e+01
3.170000e-06	-5.770272e-10	-2.610802e-10	-2.934590e+00	-3.732645e+01
3.180000e-06	-7.238182e-10	-3.262356e-10	-3.681115e+00	-4.473752e+01
3.190000e-06	-8.704163e-10	-3.921129e-10	-4.426659e+00	-5.213843e+01
3.200000e-06	-1.016800e-09	-4.564367e-10	-5.171111e+00	-5.952750e+01
3.210000e-06	-1.162954e-09	-5.194797e-10	-5.914397e+00	-6.690307e+01
3.220000e-06	-1.308843e-09	-5.824562e-10	-6.656338e+00	-7.426345e+01
3.230000e-06	-1.454434e-09	-6.466579e-10	-7.396758e+00	-8.160700e+01
3.240000e-06	-1.599717e-09	-7.115059e-10	-8.135617e+00	-8.893204e+01
3.250000e-06	-1.744689e-09	-7.745171e-10	-8.872891e+00	-9.623692e+01
3.260000e-06	-1.889320e-09	-8.360470e-10	-9.608431e+00	-1.035200e+02
3.270000e-06	-2.033552e-09	-8.977645e-10	-1.034194e+01	-1.107796e+02
3.280000e-06	-2.177315e-09	-9.609579e-10	-1.107307e+01	-1.180141e+02
3.290000e-06	-2.320511e-09	-1.024616e-09	-1.180131e+01	-1.252219e+02
3.300000e-06	-2.463080e-09	-1.087161e-09	-1.252636e+01	-1.324013e+02
3.310000e-06	-2.605000e-09	-1.148945e-09	-1.324812e+01	-1.395508e+02
3.320000e-06	-2.746267e-09	-1.210952e-09	-1.396654e+01	-1.466686e+02
3.330000e-06	-2.886847e-09	-1.273929e-09	-1.468148e+01	-1.537532e+02
3.340000e-06	-3.026664e-09	-1.336042e-09	-1.539254e+01	-1.608030e+02
3.350000e-06	-3.165670e-09	-1.396002e-09	-1.609947e+01	-1.678164e+02
3.360000e-06	-3.303869e-09	-1.456347e-09	-1.680230e+01	-1.747917e+02
3.370000e-06	-3.441301e-09	-1.518147e-09	-1.750123e+01	-1.817276e+02
3.380000e-06	-3.578014e-09	-1.580923e-09	-1.819650e+01	-1.886222e+02
3.390000e-06	-3.714003e-09	-1.642984e-09	-1.888809e+01	-1.954742e+02
3.400000e-06	-3.849164e-09	-1.702430e-09	-1.957547e+01	-2.022819e+02
3.410000e-06	-3.983381e-09	-1.760141e-09	-2.025805e+01	-2.090438e+02
3.420000e-06	-4.116666e-09	-1.817497e-09	-2.093588e+01	-2.157584e+02
3.430000e-06	-4.249050e-09	-1.875376e-09	-2.160914e+01	-2.224242e+02
3.440000e-06	-4.380481e-09	-1.934315e-09	-2.227755e+01	-2.290396e+02
3.450000e-06	-4.510945e-09	-1.994004e-09	-2.294104e+01	-2.356032e+02
3.460000e-06	-4.640467e-09	-2.053390e-09	-2.359974e+01	-2.421134e+02
3.470000e-06	-4.769074e-09	-2.111947e-09	-2.425379e+01	-2.485689e+02
3.480000e-06	-4.896728e-09	-2.169083e-09	-2.490299e+01	-2.549681e+02
3.490000e-06	-5.023283e-09	-2.225193e-09	-2.554661e+01	-2.613095e+02
3.500000e-06	-5.148687e-09	-2.280427e-09	-2.618436e+01	-2.675919e+02
3.510000e-06	-5.272927e-09	-2.335708e-09	-2.681620e+01	-2.738137e+02
3.520000e-06	-5.395931e-09	-2.391507e-09	-2.744175e+01	-2.799735e+02
3.530000e-06	-5.517716e-09	-2.446146e-09	-2.806111e+01	-2.860699e+02
3.540000e-06	-5.638318e-09	-2.499092e-09	-2.867444e+01	-2.921017e+02
3.550000e-06	-5.757635e-09	-2.549345e-09	-2.928125e+01	-2.980673e+02
3.560000e-06	-5.875527e-09	-2.600422e-09	-2.988080e+01	-3.039654e+02
3.570000e-06	-5.991930e-09	-2.653531e-09	-3.047278e+01	-3.097948e+02
3.580000e-06	-6.106797e-09	-2.705782e-09	-3.105696e+01	-3.155541e+02
3.590000e-06	-6.220046e-09	-2.757184e-09	-3.163290e+01	-3.212420e+02
3.600000e-06	-6.331668e-09	-2.806031e-09	-3.220057e+01	-3.268571e+02
3.610000e-06	-6.441716e-09	-2.854757e-09	-3.276023e+01	-3.323984e+02
3.620000e-06	-6.550342e-09	-2.905236e-09	-3.331266e+01	-3.378644e+02
3.630000e-06	-6.657685e-09	-2.955143e-09	-3.385857e+01	-3.432539e+02
3.640000e-06	-6.763677e-09	-3.003119e-09	-3.439760e+01	-3.485658e+02
3.650000e-06	-6.868224e-09	-3.048310e-09	-3.492929e+01	-3.537988e+02
3.660000e-06	-6.971150e-09	-3.093929e-09	-3.545273e+01	-3.589517e+02
3.670000e-06	-7.072329e-09	-3.141104e-09	-3.596729e+01	-3.640235e+02
3.680000e-06	-7.171872e-09	-3.186277e-09	-3.647353e+01	-3.690128e+02
3.690000e-06	-7.269924e-09	-3.229220e-09	-3.697218e+01	-3.739187e+02
3.700000e-06	-7.366505e-09	-3.272106e-09	-3.746336e+01	-3.787400e+02
3.710000e-06	-7.461459e-09	-3.316381e-09	-3.794626e+01	-3.834755e+02
3.720000e-06	-7.554630e-09	-3.360934e-09	-3.842009e+01	-3.881243e+02
3.730000e-06	-7.646094e-09	-3.402975e-09	-3.888525e+01	-3.926853e+02
3.740000e-06	-7.735963e-09	-3.441899e-09	-3.934229e+01	-3.971574e+02
3.750000e-06	-7.824186e-09	-3.480149e-09	-3.979095e+01	-4.015397e+02
3.760000e-06	-7.910612e-09	-3.520026e-09	-4.023049e+01	-4.058311e+02
3.770000e-06	-7.995173e-09	-3.560230e-09	-4.066053e+01	-4.100307e+02
3.780000e-06	-8.078011e-09	-3.598602e-09	-4.108181e+01	-4.141376e+02
3.790000e-06	-8.159232e-09	-3.634960e-09	-4.149488e+01	-4.181507e+02
3.800000e-06	-8.238713e-09	-3.670688e-09	-4.189908e+01	-4.220692e+02
3.810000e-06	-8.316156e-09	-3.706538e-09	-4.229293e+01	-4.258923e+02
3.820000e-06	-8.391484e-09	-3.741344e-09	-4.267602e+01	-4.296189e+02
3.830000e-06	-8.464897e-09	-3.773544e-09	-4.304937e+01	-4.332484e+02
3.840000e-06	-8.536476e-09	-3.803297e-09	-4.341339e+01	-4.367799e+02
3.850000e-06	-8.606056e-09	-3.832302e-09	-4.376725e+01	-4.402125e+02
3.860000e-06	-8.673601e-09	-3.862159e-09	-4.411076e+01	-4.435455e+02
3.870000e-06	-8.739293e-09	-3.891322e-09	-4.444485e+01	-4.467782e+02
3.880000e-06	-8.803186e-09	-3.919154e-09	-4.476978e+01	-4.499098e+02
3.890000e-06	-8.865081e-09	-3.947102e-09	-4.508455e+01	-4.529396e+02
3.900000e-06	-8.924849e-09	-3.974838e-09	-4.538851e+01	-4.558670e+02
3.910000e-06	-8.982624e-09	-4.001291e-09	-4.568233e+01	-4.586912e+02
3.920000e-06	-9.038551e-09	-4.024584e-09	-4.596676e+01	-4.614116e+02
3.930000e-06	-9.092423e-09	-4.044252e-09	-4.624073e+01	-4.640277e+02
3.940000e-06	-9.143911e-09	-4.063781e-09	-4.650258e+01	-4.665387e+02
3.950000e-06	-9.192937e-09	-4.085419e-09	-4.675191e+01	-4.689442e+02
3.960000e-06	-9.239606e-09	-4.105931e-09	-4.698925e+01	-4.712436e+02
3.970000e-06	-9.284291e-09	-4.123188e-09	-4.721650e+01	-4.734364e+02
3.980000e-06	-9.327197e-09	-4.139175e-09	-4.743470e+01	-4.755221e+02
3.990000e-06	-9.368237e-09	-4.155472e-09	-4.764341e+01	-4.775003e+02
4.000000e-06	-9.407295e-09	-4.172669e-09	-4.784205e+01	-4.793703e+02
4.010000e-06	-9.444183e-09	-4.188393e-09	-4.802965e+01	-4.811320e+02
4.020000e-06	-9.478923e-09	-4.200595e-09	-4.820632e+01	-4.827848e+02
4.030000e-06	-9.511669e-09	-4.211100e-09	-4.837285e+01	-4.843283e+02
4.040000e-06	-9.542281e-09	-4.220764e-09	-4.852854e+01	-4.857623e+02
4.050000e-06	-9.570642e-09	-4.229414e-09	-4.867277e+01	-4.870864e+02
4.060000e-06	-9.596877e-09	-4.236952e-09	-4.880619e+01	-4.883003e+02
4.070000e-06	-9.621101e-09	-4.244373e-09	-4.892938e+01	-4.894037e+02
4.080000e-06	-9.643141e-09	-4.252665e-09	-4.904147e+01	-4.903964e+02
4.090000e-06	-9.662957e-09	-4.261088e-09	-4.914225e+01	-4.912782e+02
4.100000e-06	-9.680739e-09	-4.267537e-09	-4.923268e+01	-4.920488e+02
4.110000e-06	-9.696481e-09	-4.270080e-09	-4.931273e+01	-4.927081e+02
4.120000e-06	-9.709858e-09	-4.269934e-09	-4.938076e+01	-4.932559e+02
4.130000e-06	-9.720794e-09	-4.270748e-09	-4.943638e+01	-4.936922e+02
4.140000e-06	-9.729594e-09	-4.272877e-09	-4.948113e+01	-4.940167e+02
4.150000e-06	-9.736269e-09	-4.274331e-09	-4.951508e+01	-4.942295e+02
4.160000e-06	-9.740701e-09	-4.273649e-09	-4.953762e+01	-4.943305e+02
4.170000e-06	-9.743033e-09	-4.270962e-09	-4.954948e+01	-4.943196e+02
