# Temperatura_=_20.0
# Concentracion g/m^3_=_10000.0
# C_Vs_to_Am_M_A/Vsm_=_116720831517.84952
# pendiente_HvsI_1/m_=_3716.3
# ordenada_HvsI_A/m_=_1297.0
# frecuencia_Hz_=_135034.8058990925
# Promedio de 27 ciclos

Tiempo_(s)	Campo_(V.s)	Magnetizacion_(V.s)	Campo_(kA/m)	Magnetizacion_(A/m)
0.000000e+00	-3.699035e-09	-1.539702e-09	-1.985098e+01	-1.821385e+02
1.000000e-08	-3.699010e-09	-1.537310e-09	-1.985084e+01	-1.820991e+02
2.000000e-08	-3.698799e-09	-1.545029e-09	-1.984971e+01	-1.820465e+02
3.000000e-08	-3.698393e-09	-1.572772e-09	-1.984753e+01	-1.819808e+02
4.000000e-08	-3.697772e-09	-1.604604e-09	-1.984420e+01	-1.819020e+02
5.000000e-08	-3.696931e-09	-1.591149e-09	-1.983969e+01	-1.818101e+02
6.000000e-08	-3.695892e-09	-1.503402e-09	-1.983411e+01	-1.817051e+02
7.000000e-08	-3.694642e-09	-1.399797e-09	-1.982740e+01	-1.815871e+02
8.000000e-08	-3.693135e-09	-1.380042e-09	-1.981931e+01	-1.814559e+02
9.000000e-08	-3.691353e-09	-1.470813e-09	-1.980976e+01	-1.813117e+02
1.000000e-07	-3.689265e-09	-1.579339e-09	-1.979855e+01	-1.811544e+02
1.100000e-07	-3.686788e-09	-1.658539e-09	-1.978526e+01	-1.809840e+02
1.200000e-07	-3.683876e-09	-1.704127e-09	-1.976963e+01	-1.808006e+02
1.300000e-07	-3.680544e-09	-1.657568e-09	-1.975175e+01	-1.806042e+02
1.400000e-07	-3.676820e-09	-1.532710e-09	-1.973176e+01	-1.803948e+02
1.500000e-07	-3.672761e-09	-1.416290e-09	-1.970998e+01	-1.801724e+02
1.600000e-07	-3.668458e-09	-1.387321e-09	-1.968689e+01	-1.799370e+02
1.700000e-07	-3.663987e-09	-1.452920e-09	-1.966289e+01	-1.796886e+02
1.800000e-07	-3.659367e-09	-1.553479e-09	-1.963810e+01	-1.794273e+02
1.900000e-07	-3.654569e-09	-1.597301e-09	-1.961235e+01	-1.791531e+02
2.000000e-07	-3.649547e-09	-1.579067e-09	-1.958540e+01	-1.788660e+02
2.100000e-07	-3.644285e-09	-1.535258e-09	-1.955716e+01	-1.785660e+02
2.200000e-07	-3.638760e-09	-1.482061e-09	-1.952751e+01	-1.782531e+02
2.300000e-07	-3.632951e-09	-1.425538e-09	-1.949634e+01	-1.779274e+02
2.400000e-07	-3.626899e-09	-1.423269e-09	-1.946386e+01	-1.775888e+02
2.500000e-07	-3.620613e-09	-1.505245e-09	-1.943013e+01	-1.772375e+02
2.600000e-07	-3.614072e-09	-1.594038e-09	-1.939502e+01	-1.768734e+02
2.700000e-07	-3.607276e-09	-1.590650e-09	-1.935855e+01	-1.764965e+02
2.800000e-07	-3.600211e-09	-1.504356e-09	-1.932064e+01	-1.761070e+02
2.900000e-07	-3.592881e-09	-1.437577e-09	-1.928130e+01	-1.757047e+02
3.000000e-07	-3.585301e-09	-1.426030e-09	-1.924062e+01	-1.752898e+02
3.100000e-07	-3.577455e-09	-1.441849e-09	-1.919852e+01	-1.748623e+02
3.200000e-07	-3.569387e-09	-1.471329e-09	-1.915522e+01	-1.744222e+02
3.300000e-07	-3.561163e-09	-1.522046e-09	-1.911108e+01	-1.739695e+02
3.400000e-07	-3.552766e-09	-1.548485e-09	-1.906602e+01	-1.735043e+02
3.500000e-07	-3.544186e-09	-1.508576e-09	-1.901998e+01	-1.730265e+02
3.600000e-07	-3.535417e-09	-1.431555e-09	-1.897292e+01	-1.725363e+02
3.700000e-07	-3.526449e-09	-1.395319e-09	-1.892479e+01	-1.720337e+02
3.800000e-07	-3.517218e-09	-1.413569e-09	-1.887525e+01	-1.715187e+02
3.900000e-07	-3.507659e-09	-1.446021e-09	-1.882396e+01	-1.709913e+02
4.000000e-07	-3.497736e-09	-1.466636e-09	-1.877070e+01	-1.704516e+02
4.100000e-07	-3.487400e-09	-1.480611e-09	-1.871523e+01	-1.698997e+02
4.200000e-07	-3.476654e-09	-1.474556e-09	-1.865756e+01	-1.693355e+02
4.300000e-07	-3.465474e-09	-1.435942e-09	-1.859757e+01	-1.687591e+02
4.400000e-07	-3.453896e-09	-1.392837e-09	-1.853543e+01	-1.681705e+02
4.500000e-07	-3.442001e-09	-1.384778e-09	-1.847160e+01	-1.675698e+02
4.600000e-07	-3.429840e-09	-1.406889e-09	-1.840634e+01	-1.669571e+02
4.700000e-07	-3.417464e-09	-1.432194e-09	-1.833992e+01	-1.663323e+02
4.800000e-07	-3.404871e-09	-1.440998e-09	-1.827234e+01	-1.656955e+02
4.900000e-07	-3.392040e-09	-1.424784e-09	-1.820348e+01	-1.650468e+02
5.000000e-07	-3.378935e-09	-1.390734e-09	-1.813315e+01	-1.643862e+02
5.100000e-07	-3.365580e-09	-1.367662e-09	-1.806149e+01	-1.637138e+02
5.200000e-07	-3.351979e-09	-1.373006e-09	-1.798849e+01	-1.630296e+02
5.300000e-07	-3.338098e-09	-1.385493e-09	-1.791400e+01	-1.623336e+02
5.400000e-07	-3.323959e-09	-1.385173e-09	-1.783812e+01	-1.616259e+02
5.500000e-07	-3.309577e-09	-1.381953e-09	-1.776094e+01	-1.609066e+02
5.600000e-07	-3.294969e-09	-1.381149e-09	-1.768255e+01	-1.601757e+02
5.700000e-07	-3.280120e-09	-1.365754e-09	-1.760286e+01	-1.594333e+02
5.800000e-07	-3.264982e-09	-1.336171e-09	-1.752162e+01	-1.586793e+02
5.900000e-07	-3.249499e-09	-1.319731e-09	-1.743853e+01	-1.579140e+02
6.000000e-07	-3.233636e-09	-1.327653e-09	-1.735340e+01	-1.571372e+02
6.100000e-07	-3.217397e-09	-1.340744e-09	-1.726626e+01	-1.563492e+02
6.200000e-07	-3.200791e-09	-1.343464e-09	-1.717714e+01	-1.555499e+02
6.300000e-07	-3.183868e-09	-1.331385e-09	-1.708632e+01	-1.547393e+02
6.400000e-07	-3.166685e-09	-1.308580e-09	-1.699411e+01	-1.539176e+02
6.500000e-07	-3.149279e-09	-1.286125e-09	-1.690070e+01	-1.530849e+02
6.600000e-07	-3.131667e-09	-1.280116e-09	-1.680618e+01	-1.522411e+02
6.700000e-07	-3.113881e-09	-1.285290e-09	-1.671073e+01	-1.513863e+02
6.800000e-07	-3.095941e-09	-1.285387e-09	-1.661446e+01	-1.505206e+02
6.900000e-07	-3.077841e-09	-1.278819e-09	-1.651733e+01	-1.496441e+02
7.000000e-07	-3.059601e-09	-1.272639e-09	-1.641944e+01	-1.487568e+02
7.100000e-07	-3.041211e-09	-1.263584e-09	-1.632075e+01	-1.478588e+02
7.200000e-07	-3.022643e-09	-1.248808e-09	-1.622110e+01	-1.469501e+02
7.300000e-07	-3.003880e-09	-1.234055e-09	-1.612041e+01	-1.460309e+02
7.400000e-07	-2.984877e-09	-1.226177e-09	-1.601843e+01	-1.451011e+02
7.500000e-07	-2.965587e-09	-1.224565e-09	-1.591491e+01	-1.441609e+02
7.600000e-07	-2.946029e-09	-1.226162e-09	-1.580995e+01	-1.432102e+02
7.700000e-07	-2.926244e-09	-1.221610e-09	-1.570377e+01	-1.422493e+02
7.800000e-07	-2.906258e-09	-1.204797e-09	-1.559652e+01	-1.412781e+02
7.900000e-07	-2.886088e-09	-1.184343e-09	-1.548828e+01	-1.402967e+02
8.000000e-07	-2.865779e-09	-1.174781e-09	-1.537928e+01	-1.393053e+02
8.100000e-07	-2.845379e-09	-1.174958e-09	-1.526981e+01	-1.383038e+02
8.200000e-07	-2.824900e-09	-1.172123e-09	-1.515991e+01	-1.372923e+02
8.300000e-07	-2.804332e-09	-1.161918e-09	-1.504953e+01	-1.362709e+02
8.400000e-07	-2.783657e-09	-1.149658e-09	-1.493858e+01	-1.352397e+02
8.500000e-07	-2.762863e-09	-1.138428e-09	-1.482698e+01	-1.341988e+02
8.600000e-07	-2.741915e-09	-1.128578e-09	-1.471457e+01	-1.331482e+02
8.700000e-07	-2.720756e-09	-1.117706e-09	-1.460102e+01	-1.320880e+02
8.800000e-07	-2.699365e-09	-1.104130e-09	-1.448622e+01	-1.310183e+02
8.900000e-07	-2.677750e-09	-1.094721e-09	-1.437022e+01	-1.299391e+02
9.000000e-07	-2.655912e-09	-1.091552e-09	-1.425303e+01	-1.288506e+02
9.100000e-07	-2.633864e-09	-1.087410e-09	-1.413471e+01	-1.277528e+02
9.200000e-07	-2.611639e-09	-1.074846e-09	-1.401544e+01	-1.266458e+02
9.300000e-07	-2.589265e-09	-1.056365e-09	-1.389537e+01	-1.255296e+02
9.400000e-07	-2.566745e-09	-1.040463e-09	-1.377451e+01	-1.244045e+02
9.500000e-07	-2.544058e-09	-1.031993e-09	-1.365276e+01	-1.232703e+02
9.600000e-07	-2.521212e-09	-1.027706e-09	-1.353016e+01	-1.221273e+02
9.700000e-07	-2.498208e-09	-1.020845e-09	-1.340670e+01	-1.209755e+02
9.800000e-07	-2.475026e-09	-1.010374e-09	-1.328230e+01	-1.198149e+02
9.900000e-07	-2.451640e-09	-1.000896e-09	-1.315679e+01	-1.186457e+02
1.000000e-06	-2.428049e-09	-9.923812e-10	-1.303019e+01	-1.174680e+02
1.010000e-06	-2.404277e-09	-9.812056e-10	-1.290262e+01	-1.162818e+02
1.020000e-06	-2.380321e-09	-9.663126e-10	-1.277406e+01	-1.150872e+02
1.030000e-06	-2.356201e-09	-9.534256e-10	-1.264462e+01	-1.138844e+02
1.040000e-06	-2.331954e-09	-9.468058e-10	-1.251450e+01	-1.126733e+02
1.050000e-06	-2.307597e-09	-9.432636e-10	-1.238379e+01	-1.114541e+02
1.060000e-06	-2.283148e-09	-9.348149e-10	-1.225258e+01	-1.102269e+02
1.070000e-06	-2.258628e-09	-9.195657e-10	-1.212099e+01	-1.089917e+02
1.080000e-06	-2.234035e-09	-9.033325e-10	-1.198901e+01	-1.077487e+02
1.090000e-06	-2.209347e-09	-8.933981e-10	-1.185652e+01	-1.064979e+02
1.100000e-06	-2.184547e-09	-8.878327e-10	-1.172343e+01	-1.052394e+02
1.110000e-06	-2.159614e-09	-8.799093e-10	-1.158963e+01	-1.039733e+02
1.120000e-06	-2.134520e-09	-8.675383e-10	-1.145496e+01	-1.026998e+02
1.130000e-06	-2.109240e-09	-8.529814e-10	-1.131930e+01	-1.014188e+02
1.140000e-06	-2.083753e-09	-8.411928e-10	-1.118252e+01	-1.001306e+02
1.150000e-06	-2.058054e-09	-8.314315e-10	-1.104460e+01	-9.883511e+01
1.160000e-06	-2.032123e-09	-8.190863e-10	-1.090545e+01	-9.753251e+01
1.170000e-06	-2.005934e-09	-8.059037e-10	-1.076490e+01	-9.622288e+01
1.180000e-06	-1.979469e-09	-7.960282e-10	-1.062288e+01	-9.490632e+01
1.190000e-06	-1.952720e-09	-7.876762e-10	-1.047933e+01	-9.358291e+01
1.200000e-06	-1.925728e-09	-7.779564e-10	-1.033447e+01	-9.225276e+01
1.210000e-06	-1.898507e-09	-7.637493e-10	-1.018840e+01	-9.091596e+01
1.220000e-06	-1.871044e-09	-7.466687e-10	-1.004101e+01	-8.957260e+01
1.230000e-06	-1.843380e-09	-7.340507e-10	-9.892550e+00	-8.822279e+01
1.240000e-06	-1.815530e-09	-7.278407e-10	-9.743093e+00	-8.686662e+01
1.250000e-06	-1.787532e-09	-7.225063e-10	-9.592843e+00	-8.550418e+01
1.260000e-06	-1.759429e-09	-7.118927e-10	-9.442027e+00	-8.413558e+01
1.270000e-06	-1.731202e-09	-6.967440e-10	-9.290547e+00	-8.276092e+01
1.280000e-06	-1.702881e-09	-6.836512e-10	-9.138562e+00	-8.138029e+01
1.290000e-06	-1.674500e-09	-6.738425e-10	-8.986255e+00	-7.999379e+01
1.300000e-06	-1.646070e-09	-6.639128e-10	-8.833684e+00	-7.860153e+01
1.310000e-06	-1.617597e-09	-6.522933e-10	-8.680879e+00	-7.720360e+01
1.320000e-06	-1.589088e-09	-6.411610e-10	-8.527889e+00	-7.580010e+01
1.330000e-06	-1.560536e-09	-6.318724e-10	-8.374661e+00	-7.439113e+01
1.340000e-06	-1.531931e-09	-6.220797e-10	-8.221151e+00	-7.297681e+01
1.350000e-06	-1.503259e-09	-6.089729e-10	-8.067283e+00	-7.155722e+01
1.360000e-06	-1.474511e-09	-5.932955e-10	-7.913007e+00	-7.013247e+01
1.370000e-06	-1.445709e-09	-5.794925e-10	-7.758441e+00	-6.870266e+01
1.380000e-06	-1.416833e-09	-5.692877e-10	-7.603476e+00	-6.726790e+01
1.390000e-06	-1.387848e-09	-5.596963e-10	-7.447926e+00	-6.582828e+01
1.400000e-06	-1.358760e-09	-5.481327e-10	-7.291824e+00	-6.438392e+01
1.410000e-06	-1.329553e-09	-5.345386e-10	-7.135083e+00	-6.293492e+01
1.420000e-06	-1.300219e-09	-5.208022e-10	-6.977661e+00	-6.148137e+01
1.430000e-06	-1.270768e-09	-5.080276e-10	-6.819615e+00	-6.002339e+01
1.440000e-06	-1.241215e-09	-4.953099e-10	-6.661018e+00	-5.856109e+01
1.450000e-06	-1.211562e-09	-4.810009e-10	-6.501883e+00	-5.709455e+01
1.460000e-06	-1.181785e-09	-4.659140e-10	-6.342084e+00	-5.562390e+01
1.470000e-06	-1.151907e-09	-4.533350e-10	-6.181744e+00	-5.414924e+01
1.480000e-06	-1.121959e-09	-4.442861e-10	-6.021025e+00	-5.267067e+01
1.490000e-06	-1.091932e-09	-4.351842e-10	-5.859883e+00	-5.118829e+01
1.500000e-06	-1.061830e-09	-4.214693e-10	-5.698342e+00	-4.970223e+01
1.510000e-06	-1.031668e-09	-4.049479e-10	-5.536474e+00	-4.821258e+01
1.520000e-06	-1.001436e-09	-3.899286e-10	-5.374235e+00	-4.671945e+01
1.530000e-06	-9.711399e-10	-3.774694e-10	-5.211650e+00	-4.522294e+01
1.540000e-06	-9.407965e-10	-3.657680e-10	-5.048811e+00	-4.372318e+01
1.550000e-06	-9.104025e-10	-3.531188e-10	-4.885701e+00	-4.222025e+01
1.560000e-06	-8.799641e-10	-3.405914e-10	-4.722352e+00	-4.071428e+01
1.570000e-06	-8.494864e-10	-3.301611e-10	-4.558793e+00	-3.920537e+01
1.580000e-06	-8.189544e-10	-3.198130e-10	-4.394942e+00	-3.769363e+01
1.590000e-06	-7.883760e-10	-3.058812e-10	-4.230842e+00	-3.617916e+01
1.600000e-06	-7.577685e-10	-2.887397e-10	-4.066586e+00	-3.466209e+01
1.610000e-06	-7.271493e-10	-2.728329e-10	-3.902268e+00	-3.314250e+01
1.620000e-06	-6.964999e-10	-2.614484e-10	-3.737787e+00	-3.162053e+01
1.630000e-06	-6.658047e-10	-2.531035e-10	-3.573060e+00	-3.009627e+01
1.640000e-06	-6.350767e-10	-2.433338e-10	-3.408157e+00	-2.856983e+01
1.650000e-06	-6.043238e-10	-2.303710e-10	-3.243121e+00	-2.704133e+01
1.660000e-06	-5.735460e-10	-2.167409e-10	-3.077951e+00	-2.551087e+01
1.670000e-06	-5.427296e-10	-2.053865e-10	-2.912573e+00	-2.397857e+01
1.680000e-06	-5.118624e-10	-1.945184e-10	-2.746924e+00	-2.244454e+01
1.690000e-06	-4.809503e-10	-1.805897e-10	-2.581033e+00	-2.090887e+01
1.700000e-06	-4.500091e-10	-1.655089e-10	-2.414986e+00	-1.937170e+01
1.710000e-06	-4.190487e-10	-1.522121e-10	-2.248836e+00	-1.783312e+01
1.720000e-06	-3.880878e-10	-1.420852e-10	-2.082684e+00	-1.629325e+01
1.730000e-06	-3.571052e-10	-1.323203e-10	-1.916415e+00	-1.475220e+01
1.740000e-06	-3.260811e-10	-1.187245e-10	-1.749923e+00	-1.321008e+01
1.750000e-06	-2.950305e-10	-1.022330e-10	-1.583289e+00	-1.166700e+01
1.760000e-06	-2.639779e-10	-8.707880e-11	-1.416644e+00	-1.012307e+01
1.770000e-06	-2.329202e-10	-7.657841e-11	-1.249972e+00	-8.578399e+00
1.780000e-06	-2.018437e-10	-6.783703e-11	-1.083199e+00	-7.033105e+00
1.790000e-06	-1.707440e-10	-5.571588e-11	-9.163020e-01	-5.487296e+00
1.800000e-06	-1.396259e-10	-4.013166e-11	-7.493056e-01	-3.941084e+00
1.810000e-06	-1.085176e-10	-2.447484e-11	-5.823622e-01	-2.394580e+00
1.820000e-06	-7.741350e-11	-1.162449e-11	-4.154411e-01	-8.478945e-01
1.830000e-06	-4.629069e-11	3.841913e-13	-2.484196e-01	6.988605e-01
1.840000e-06	-1.515652e-11	1.357216e-11	-8.133722e-02	2.245574e+00
1.850000e-06	1.598183e-11	2.591851e-11	8.576767e-02	3.792134e+00
1.860000e-06	4.712278e-11	3.558779e-11	2.528865e-01	5.338430e+00
1.870000e-06	7.826387e-11	4.526125e-11	4.200061e-01	6.884349e+00
1.880000e-06	1.093969e-10	5.925781e-11	5.870826e-01	8.429782e+00
1.890000e-06	1.404971e-10	7.699278e-11	7.539822e-01	9.974617e+00
1.900000e-06	1.715798e-10	9.460188e-11	9.207886e-01	1.151874e+01
1.910000e-06	2.026697e-10	1.080351e-10	1.087633e+00	1.306205e+01
1.920000e-06	2.337406e-10	1.174263e-10	1.254377e+00	1.460442e+01
1.930000e-06	2.647720e-10	1.282038e-10	1.420907e+00	1.614575e+01
1.940000e-06	2.957758e-10	1.424276e-10	1.587290e+00	1.768592e+01
1.950000e-06	3.267669e-10	1.571966e-10	1.753605e+00	1.922484e+01
1.960000e-06	3.577454e-10	1.694752e-10	1.919852e+00	2.076237e+01
1.970000e-06	3.887022e-10	1.798207e-10	2.085982e+00	2.229842e+01
1.980000e-06	4.196362e-10	1.919450e-10	2.251991e+00	2.383287e+01
1.990000e-06	4.505398e-10	2.066863e-10	2.417836e+00	2.536562e+01
2.000000e-06	4.814232e-10	2.214311e-10	2.583572e+00	2.689655e+01
2.010000e-06	5.122754e-10	2.335325e-10	2.749142e+00	2.842555e+01
2.020000e-06	5.430853e-10	2.443519e-10	2.914484e+00	2.995251e+01
2.030000e-06	5.738631e-10	2.570421e-10	3.079654e+00	3.147733e+01
2.040000e-06	6.045997e-10	2.718162e-10	3.244603e+00	3.299988e+01
2.050000e-06	6.353057e-10	2.855741e-10	3.409388e+00	3.452007e+01
2.060000e-06	6.659803e-10	2.971583e-10	3.574004e+00	3.603779e+01
2.070000e-06	6.966155e-10	3.085274e-10	3.738408e+00	3.755292e+01
2.080000e-06	7.272212e-10	3.220093e-10	3.902655e+00	3.906535e+01
2.090000e-06	7.577896e-10	3.373800e-10	4.066701e+00	4.057498e+01
2.100000e-06	7.883168e-10	3.510959e-10	4.230526e+00	4.208169e+01
2.110000e-06	8.188057e-10	3.618925e-10	4.394146e+00	4.358539e+01
2.120000e-06	8.492575e-10	3.724285e-10	4.557567e+00	4.508596e+01
2.130000e-06	8.796807e-10	3.853036e-10	4.720833e+00	4.658329e+01
2.140000e-06	9.100746e-10	3.996798e-10	4.883943e+00	4.807727e+01
2.150000e-06	9.404183e-10	4.130119e-10	5.046783e+00	4.956780e+01
2.160000e-06	9.707056e-10	4.246821e-10	5.209321e+00	5.105477e+01
2.170000e-06	1.000961e-09	4.356542e-10	5.371687e+00	5.253808e+01
2.180000e-06	1.031156e-09	4.477383e-10	5.533732e+00	5.401761e+01
2.190000e-06	1.061263e-09	4.598035e-10	5.695301e+00	5.549326e+01
2.200000e-06	1.091295e-09	4.698183e-10	5.856466e+00	5.696493e+01
2.210000e-06	1.121251e-09	4.795106e-10	6.017227e+00	5.843250e+01
2.220000e-06	1.151127e-09	4.923318e-10	6.177558e+00	5.989587e+01
2.230000e-06	1.180913e-09	5.088688e-10	6.337406e+00	6.135495e+01
2.240000e-06	1.210593e-09	5.259172e-10	6.496686e+00	6.280961e+01
2.250000e-06	1.240162e-09	5.406089e-10	6.655368e+00	6.425976e+01
2.260000e-06	1.269628e-09	5.519190e-10	6.813496e+00	6.570529e+01
2.270000e-06	1.298976e-09	5.626521e-10	6.970996e+00	6.714610e+01
2.280000e-06	1.328196e-09	5.748140e-10	7.127806e+00	6.858208e+01
2.290000e-06	1.357308e-09	5.879237e-10	7.284034e+00	7.001314e+01
2.300000e-06	1.386320e-09	6.007622e-10	7.439727e+00	7.143916e+01
2.310000e-06	1.415233e-09	6.132923e-10	7.594891e+00	7.286005e+01
2.320000e-06	1.444064e-09	6.260602e-10	7.749611e+00	7.427571e+01
2.330000e-06	1.472819e-09	6.384125e-10	7.903925e+00	7.568602e+01
2.340000e-06	1.501499e-09	6.503644e-10	8.057840e+00	7.709090e+01
2.350000e-06	1.530123e-09	6.607073e-10	8.211451e+00	7.849023e+01
2.360000e-06	1.558699e-09	6.700276e-10	8.364803e+00	7.988392e+01
2.370000e-06	1.587236e-09	6.810811e-10	8.517952e+00	8.127187e+01
2.380000e-06	1.615744e-09	6.951972e-10	8.670941e+00	8.265398e+01
2.390000e-06	1.644210e-09	7.102358e-10	8.823704e+00	8.403014e+01
2.400000e-06	1.672631e-09	7.223326e-10	8.976226e+00	8.540027e+01
2.410000e-06	1.701000e-09	7.319146e-10	9.128466e+00	8.676425e+01
2.420000e-06	1.729317e-09	7.419194e-10	9.280432e+00	8.812200e+01
2.430000e-06	1.757571e-09	7.541970e-10	9.432057e+00	8.947341e+01
2.440000e-06	1.785712e-09	7.669749e-10	9.583077e+00	9.081839e+01
2.450000e-06	1.813711e-09	7.779436e-10	9.733333e+00	9.215684e+01
2.460000e-06	1.841577e-09	7.886478e-10	9.882876e+00	9.348866e+01
2.470000e-06	1.869251e-09	8.010588e-10	1.003139e+01	9.481376e+01
2.480000e-06	1.896674e-09	8.141176e-10	1.017856e+01	9.613205e+01
2.490000e-06	1.923859e-09	8.253380e-10	1.032445e+01	9.744342e+01
2.500000e-06	1.950794e-09	8.354765e-10	1.046899e+01	9.874779e+01
2.510000e-06	1.977450e-09	8.470222e-10	1.061204e+01	1.000451e+02
2.520000e-06	2.003838e-09	8.600458e-10	1.075366e+01	1.013351e+02
2.530000e-06	2.029973e-09	8.723905e-10	1.089391e+01	1.026179e+02
2.540000e-06	2.055853e-09	8.836081e-10	1.103279e+01	1.038933e+02
2.550000e-06	2.081492e-09	8.935139e-10	1.117039e+01	1.051613e+02
2.560000e-06	2.106905e-09	9.025599e-10	1.130677e+01	1.064216e+02
2.570000e-06	2.132127e-09	9.134879e-10	1.144212e+01	1.076743e+02
2.580000e-06	2.157178e-09	9.260091e-10	1.157656e+01	1.089193e+02
2.590000e-06	2.182069e-09	9.374241e-10	1.171014e+01	1.101565e+02
2.600000e-06	2.206827e-09	9.474300e-10	1.184300e+01	1.113857e+02
2.610000e-06	2.231477e-09	9.576653e-10	1.197529e+01	1.126069e+02
2.620000e-06	2.256040e-09	9.691356e-10	1.210710e+01	1.138200e+02
2.630000e-06	2.280516e-09	9.804582e-10	1.223846e+01	1.150249e+02
2.640000e-06	2.304895e-09	9.899682e-10	1.236929e+01	1.162216e+02
2.650000e-06	2.329157e-09	9.985658e-10	1.249949e+01	1.174099e+02
2.660000e-06	2.353297e-09	1.009202e-09	1.262904e+01	1.185898e+02
2.670000e-06	2.377295e-09	1.022295e-09	1.275782e+01	1.197611e+02
2.680000e-06	2.401105e-09	1.034164e-09	1.288560e+01	1.209238e+02
2.690000e-06	2.424710e-09	1.044156e-09	1.301228e+01	1.220778e+02
2.700000e-06	2.448116e-09	1.054643e-09	1.313789e+01	1.232231e+02
2.710000e-06	2.471330e-09	1.066991e-09	1.326247e+01	1.243594e+02
2.720000e-06	2.494357e-09	1.078500e-09	1.338604e+01	1.254869e+02
2.730000e-06	2.517216e-09	1.085970e-09	1.350871e+01	1.266053e+02
2.740000e-06	2.539919e-09	1.092409e-09	1.363055e+01	1.277146e+02
2.750000e-06	2.562474e-09	1.103359e-09	1.375159e+01	1.288147e+02
2.760000e-06	2.584883e-09	1.118024e-09	1.387185e+01	1.299055e+02
2.770000e-06	2.607145e-09	1.131102e-09	1.399132e+01	1.309870e+02
2.780000e-06	2.629235e-09	1.140597e-09	1.410987e+01	1.320591e+02
2.790000e-06	2.651143e-09	1.148548e-09	1.422744e+01	1.331217e+02
2.800000e-06	2.672859e-09	1.157710e-09	1.434397e+01	1.341747e+02
2.810000e-06	2.694340e-09	1.167745e-09	1.445925e+01	1.352181e+02
2.820000e-06	2.715610e-09	1.176488e-09	1.457340e+01	1.362517e+02
2.830000e-06	2.736681e-09	1.183708e-09	1.468648e+01	1.372755e+02
2.840000e-06	2.757552e-09	1.191502e-09	1.479849e+01	1.382895e+02
2.850000e-06	2.778282e-09	1.201203e-09	1.490973e+01	1.392935e+02
2.860000e-06	2.798914e-09	1.211444e-09	1.502046e+01	1.402875e+02
2.870000e-06	2.819458e-09	1.220764e-09	1.513070e+01	1.412714e+02
2.880000e-06	2.839910e-09	1.228723e-09	1.524046e+01	1.422451e+02
2.890000e-06	2.860272e-09	1.236452e-09	1.534973e+01	1.432086e+02
2.900000e-06	2.880502e-09	1.245330e-09	1.545830e+01	1.441619e+02
2.910000e-06	2.900571e-09	1.253778e-09	1.556600e+01	1.451047e+02
2.920000e-06	2.920478e-09	1.260903e-09	1.567283e+01	1.460371e+02
2.930000e-06	2.940154e-09	1.266855e-09	1.577843e+01	1.469590e+02
2.940000e-06	2.959567e-09	1.273793e-09	1.588260e+01	1.478703e+02
2.950000e-06	2.978726e-09	1.284176e-09	1.598542e+01	1.487710e+02
2.960000e-06	2.997625e-09	1.294916e-09	1.608685e+01	1.496610e+02
2.970000e-06	3.016257e-09	1.302646e-09	1.618683e+01	1.505402e+02
2.980000e-06	3.034673e-09	1.307687e-09	1.628566e+01	1.514086e+02
2.990000e-06	3.052924e-09	1.312750e-09	1.638361e+01	1.522661e+02
3.000000e-06	3.071014e-09	1.319630e-09	1.648069e+01	1.531126e+02
3.010000e-06	3.088959e-09	1.325536e-09	1.657699e+01	1.539482e+02
3.020000e-06	3.106763e-09	1.329927e-09	1.667254e+01	1.547726e+02
3.030000e-06	3.124415e-09	1.336473e-09	1.676726e+01	1.555860e+02
3.040000e-06	3.141890e-09	1.346219e-09	1.686105e+01	1.563881e+02
3.050000e-06	3.159172e-09	1.356862e-09	1.695379e+01	1.571790e+02
3.060000e-06	3.176220e-09	1.364086e-09	1.704528e+01	1.579585e+02
3.070000e-06	3.192982e-09	1.366362e-09	1.713523e+01	1.587268e+02
3.080000e-06	3.209441e-09	1.368857e-09	1.722356e+01	1.594836e+02
3.090000e-06	3.225568e-09	1.375908e-09	1.731011e+01	1.602289e+02
3.100000e-06	3.241319e-09	1.386037e-09	1.739464e+01	1.609627e+02
3.110000e-06	3.256724e-09	1.394561e-09	1.747730e+01	1.616849e+02
3.120000e-06	3.271842e-09	1.399893e-09	1.755843e+01	1.623955e+02
3.130000e-06	3.286698e-09	1.405296e-09	1.763816e+01	1.630944e+02
3.140000e-06	3.301325e-09	1.412094e-09	1.771666e+01	1.637815e+02
3.150000e-06	3.315738e-09	1.419098e-09	1.779400e+01	1.644569e+02
3.160000e-06	3.329915e-09	1.424098e-09	1.787009e+01	1.651205e+02
3.170000e-06	3.343835e-09	1.427461e-09	1.794479e+01	1.657722e+02
3.180000e-06	3.357483e-09	1.432192e-09	1.801803e+01	1.664119e+02
3.190000e-06	3.370876e-09	1.439219e-09	1.808990e+01	1.670397e+02
3.200000e-06	3.384016e-09	1.446521e-09	1.816042e+01	1.676555e+02
3.210000e-06	3.396921e-09	1.451517e-09	1.822967e+01	1.682592e+02
3.220000e-06	3.409606e-09	1.455269e-09	1.829775e+01	1.688508e+02
3.230000e-06	3.422095e-09	1.460597e-09	1.836478e+01	1.694302e+02
3.240000e-06	3.434393e-09	1.466727e-09	1.843077e+01	1.699975e+02
3.250000e-06	3.446448e-09	1.471633e-09	1.849546e+01	1.705525e+02
3.260000e-06	3.458216e-09	1.474716e-09	1.855862e+01	1.710953e+02
3.270000e-06	3.469631e-09	1.477261e-09	1.861988e+01	1.716257e+02
3.280000e-06	3.480621e-09	1.481858e-09	1.867885e+01	1.721438e+02
3.290000e-06	3.491152e-09	1.488431e-09	1.873537e+01	1.726495e+02
3.300000e-06	3.501266e-09	1.494300e-09	1.878965e+01	1.731428e+02
3.310000e-06	3.511015e-09	1.498495e-09	1.884197e+01	1.736237e+02
3.320000e-06	3.520412e-09	1.501419e-09	1.889239e+01	1.740921e+02
3.330000e-06	3.529517e-09	1.505045e-09	1.894126e+01	1.745479e+02
3.340000e-06	3.538391e-09	1.510297e-09	1.898888e+01	1.749912e+02
3.350000e-06	3.547084e-09	1.515042e-09	1.903553e+01	1.754218e+02
3.360000e-06	3.555629e-09	1.517406e-09	1.908139e+01	1.758399e+02
3.370000e-06	3.564034e-09	1.519399e-09	1.912649e+01	1.762453e+02
3.380000e-06	3.572290e-09	1.522753e-09	1.917080e+01	1.766380e+02
3.390000e-06	3.580345e-09	1.525484e-09	1.921403e+01	1.770181e+02
3.400000e-06	3.588150e-09	1.526990e-09	1.925591e+01	1.773854e+02
3.410000e-06	3.595671e-09	1.527177e-09	1.929627e+01	1.777399e+02
3.420000e-06	3.602915e-09	1.529057e-09	1.933515e+01	1.780816e+02
3.430000e-06	3.609916e-09	1.534241e-09	1.937272e+01	1.784106e+02
3.440000e-06	3.616675e-09	1.539834e-09	1.940899e+01	1.787267e+02
3.450000e-06	3.623200e-09	1.543594e-09	1.944401e+01	1.790299e+02
3.460000e-06	3.629486e-09	1.545380e-09	1.947775e+01	1.793203e+02
3.470000e-06	3.635527e-09	1.545603e-09	1.951016e+01	1.795977e+02
3.480000e-06	3.641322e-09	1.545830e-09	1.954126e+01	1.798622e+02
3.490000e-06	3.646845e-09	1.546672e-09	1.957090e+01	1.801138e+02
3.500000e-06	3.652077e-09	1.548325e-09	1.959898e+01	1.803525e+02
3.510000e-06	3.657062e-09	1.551536e-09	1.962573e+01	1.805781e+02
3.520000e-06	3.661851e-09	1.555505e-09	1.965143e+01	1.807908e+02
3.530000e-06	3.666490e-09	1.559307e-09	1.967633e+01	1.809905e+02
3.540000e-06	3.670995e-09	1.560798e-09	1.970050e+01	1.811771e+02
3.550000e-06	3.675344e-09	1.559355e-09	1.972384e+01	1.813507e+02
3.560000e-06	3.679516e-09	1.557524e-09	1.974623e+01	1.815113e+02
3.570000e-06	3.683468e-09	1.557623e-09	1.976744e+01	1.816588e+02
3.580000e-06	3.687119e-09	1.559028e-09	1.978703e+01	1.817932e+02
3.590000e-06	3.690415e-09	1.560696e-09	1.980472e+01	1.819146e+02
3.600000e-06	3.693302e-09	1.562036e-09	1.982022e+01	1.820228e+02
3.610000e-06	3.695758e-09	1.562060e-09	1.983339e+01	1.821180e+02
3.620000e-06	3.697807e-09	1.561886e-09	1.984439e+01	1.822001e+02
3.630000e-06	3.699456e-09	1.562133e-09	1.985324e+01	1.822690e+02
3.640000e-06	3.700750e-09	1.562284e-09	1.986018e+01	1.823249e+02
3.650000e-06	3.701777e-09	1.562402e-09	1.986569e+01	1.823676e+02
3.660000e-06	3.702600e-09	1.562837e-09	1.987011e+01	1.823972e+02
3.670000e-06	3.703241e-09	1.563829e-09	1.987355e+01	1.824137e+02
3.680000e-06	3.703719e-09	1.564086e-09	1.987611e+01	1.824171e+02
3.690000e-06	3.704034e-09	1.562768e-09	1.987781e+01	1.824073e+02
3.700000e-06	3.704158e-09	1.561831e-09	1.987847e+01	1.823844e+02
3.710000e-06	3.704054e-09	1.557902e-09	1.987791e+01	1.823484e+02
3.720000e-06	3.703679e-09	1.542064e-09	1.987590e+01	1.822993e+02
3.730000e-06	3.703013e-09	1.512860e-09	1.987233e+01	1.822371e+02
3.740000e-06	3.702072e-09	1.494000e-09	1.986728e+01	1.821617e+02
3.750000e-06	3.700876e-09	1.530600e-09	1.986086e+01	1.820733e+02
3.760000e-06	3.699402e-09	1.629614e-09	1.985295e+01	1.819717e+02
3.770000e-06	3.697587e-09	1.717795e-09	1.984321e+01	1.818571e+02
3.780000e-06	3.695430e-09	1.687517e-09	1.983163e+01	1.817293e+02
3.790000e-06	3.693000e-09	1.547370e-09	1.981859e+01	1.815885e+02
3.800000e-06	3.690360e-09	1.433195e-09	1.980442e+01	1.814347e+02
3.810000e-06	3.687560e-09	1.385328e-09	1.978940e+01	1.812678e+02
3.820000e-06	3.684622e-09	1.394274e-09	1.977363e+01	1.810878e+02
3.830000e-06	3.681546e-09	1.488073e-09	1.975712e+01	1.808948e+02
3.840000e-06	3.678317e-09	1.621605e-09	1.973979e+01	1.806888e+02
3.850000e-06	3.674917e-09	1.675012e-09	1.972155e+01	1.804698e+02
3.860000e-06	3.671352e-09	1.609078e-09	1.970242e+01	1.802378e+02
3.870000e-06	3.667616e-09	1.521969e-09	1.968237e+01	1.799928e+02
3.880000e-06	3.663644e-09	1.478715e-09	1.966105e+01	1.797349e+02
3.890000e-06	3.659366e-09	1.454097e-09	1.963809e+01	1.794641e+02
3.900000e-06	3.654759e-09	1.456056e-09	1.961337e+01	1.791804e+02
3.910000e-06	3.649751e-09	1.521764e-09	1.958649e+01	1.788837e+02
3.920000e-06	3.644275e-09	1.611493e-09	1.955711e+01	1.785742e+02
3.930000e-06	3.638332e-09	1.624864e-09	1.952521e+01	1.782519e+02
3.940000e-06	3.631949e-09	1.536710e-09	1.949096e+01	1.779167e+02
3.950000e-06	3.625199e-09	1.437206e-09	1.945474e+01	1.775687e+02
3.960000e-06	3.618183e-09	1.414497e-09	1.941708e+01	1.772080e+02
3.970000e-06	3.610981e-09	1.468043e-09	1.937843e+01	1.768344e+02
3.980000e-06	3.603636e-09	1.531008e-09	1.933902e+01	1.764482e+02
3.990000e-06	3.596164e-09	1.562242e-09	1.929892e+01	1.760493e+02
4.000000e-06	3.588521e-09	1.560349e-09	1.925790e+01	1.756377e+02
4.010000e-06	3.580645e-09	1.519586e-09	1.921564e+01	1.752135e+02
4.020000e-06	3.572539e-09	1.450434e-09	1.917214e+01	1.747767e+02
4.030000e-06	3.564200e-09	1.409043e-09	1.912738e+01	1.743273e+02
4.040000e-06	3.555588e-09	1.438179e-09	1.908116e+01	1.738653e+02
4.050000e-06	3.546686e-09	1.498925e-09	1.903339e+01	1.733909e+02
4.060000e-06	3.537553e-09	1.522628e-09	1.898438e+01	1.729040e+02
4.070000e-06	3.528213e-09	1.506766e-09	1.893426e+01	1.724046e+02
4.080000e-06	3.518631e-09	1.483798e-09	1.888284e+01	1.718928e+02
4.090000e-06	3.508803e-09	1.456078e-09	1.883010e+01	1.713687e+02
4.100000e-06	3.498749e-09	1.416087e-09	1.877614e+01	1.708323e+02
4.110000e-06	3.488469e-09	1.399337e-09	1.872097e+01	1.702835e+02
4.120000e-06	3.477922e-09	1.434884e-09	1.866437e+01	1.697225e+02
4.130000e-06	3.467111e-09	1.478882e-09	1.860635e+01	1.691493e+02
4.140000e-06	3.456050e-09	1.476419e-09	1.854699e+01	1.685639e+02
4.150000e-06	3.444752e-09	1.442687e-09	1.848636e+01	1.679664e+02
4.160000e-06	3.433220e-09	1.419551e-09	1.842447e+01	1.673568e+02
4.170000e-06	3.421441e-09	1.406360e-09	1.836126e+01	1.667352e+02
4.180000e-06	3.409388e-09	1.395313e-09	1.829658e+01	1.661016e+02
4.190000e-06	3.397036e-09	1.407655e-09	1.823029e+01	1.654560e+02
4.200000e-06	3.384308e-09	1.434893e-09	1.816199e+01	1.647985e+02
4.210000e-06	3.371174e-09	1.433134e-09	1.809150e+01	1.641292e+02
4.220000e-06	3.357637e-09	1.400938e-09	1.801886e+01	1.634481e+02
4.230000e-06	3.343669e-09	1.378399e-09	1.794390e+01	1.627552e+02
4.240000e-06	3.329304e-09	1.375867e-09	1.786681e+01	1.620506e+02
4.250000e-06	3.314611e-09	1.370810e-09	1.778796e+01	1.613343e+02
4.260000e-06	3.299646e-09	1.368842e-09	1.770765e+01	1.606064e+02
4.270000e-06	3.284445e-09	1.382009e-09	1.762607e+01	1.598670e+02
4.280000e-06	3.269085e-09	1.386191e-09	1.754364e+01	1.591161e+02
4.290000e-06	3.253602e-09	1.364189e-09	1.746055e+01	1.583537e+02
4.300000e-06	3.238010e-09	1.340084e-09	1.737687e+01	1.575799e+02
4.310000e-06	3.222268e-09	1.329145e-09	1.729240e+01	1.567948e+02
4.320000e-06	3.206315e-09	1.319469e-09	1.720678e+01	1.559985e+02
4.330000e-06	3.190146e-09	1.314303e-09	1.712001e+01	1.551909e+02
4.340000e-06	3.173731e-09	1.326854e-09	1.703192e+01	1.543721e+02
4.350000e-06	3.157047e-09	1.338238e-09	1.694238e+01	1.535422e+02
4.360000e-06	3.140111e-09	1.325019e-09	1.685150e+01	1.527013e+02
4.370000e-06	3.122979e-09	1.301170e-09	1.675956e+01	1.518494e+02
4.380000e-06	3.105666e-09	1.286799e-09	1.666665e+01	1.509866e+02
4.390000e-06	3.088182e-09	1.277765e-09	1.657282e+01	1.501129e+02
4.400000e-06	3.070534e-09	1.271113e-09	1.647811e+01	1.492284e+02
4.410000e-06	3.052689e-09	1.272839e-09	1.638234e+01	1.483332e+02
4.420000e-06	3.034619e-09	1.274316e-09	1.628537e+01	1.474273e+02
4.430000e-06	3.016306e-09	1.264854e-09	1.618710e+01	1.465108e+02
4.440000e-06	2.997770e-09	1.252620e-09	1.608762e+01	1.455838e+02
4.450000e-06	2.979015e-09	1.243369e-09	1.598697e+01	1.446463e+02
4.460000e-06	2.960057e-09	1.232302e-09	1.588523e+01	1.436984e+02
4.470000e-06	2.940924e-09	1.222695e-09	1.578255e+01	1.427402e+02
4.480000e-06	2.921643e-09	1.219736e-09	1.567908e+01	1.417716e+02
4.490000e-06	2.902265e-09	1.215876e-09	1.557509e+01	1.407929e+02
4.500000e-06	2.882803e-09	1.205616e-09	1.547064e+01	1.398041e+02
4.510000e-06	2.863250e-09	1.192991e-09	1.536571e+01	1.388052e+02
4.520000e-06	2.843581e-09	1.180435e-09	1.526016e+01	1.377963e+02
4.530000e-06	2.823765e-09	1.169815e-09	1.515382e+01	1.367775e+02
4.540000e-06	2.803763e-09	1.166243e-09	1.504647e+01	1.357489e+02
4.550000e-06	2.783516e-09	1.167833e-09	1.493782e+01	1.347105e+02
4.560000e-06	2.762960e-09	1.162437e-09	1.482750e+01	1.336624e+02
4.570000e-06	2.742069e-09	1.147272e-09	1.471539e+01	1.326047e+02
4.580000e-06	2.720847e-09	1.130218e-09	1.460150e+01	1.315375e+02
4.590000e-06	2.699262e-09	1.119004e-09	1.448567e+01	1.304608e+02
4.600000e-06	2.677319e-09	1.112879e-09	1.436791e+01	1.293747e+02
4.610000e-06	2.655039e-09	1.107201e-09	1.424835e+01	1.282794e+02
4.620000e-06	2.632456e-09	1.099268e-09	1.412715e+01	1.271747e+02
4.630000e-06	2.609616e-09	1.089682e-09	1.400458e+01	1.260610e+02
4.640000e-06	2.586581e-09	1.082076e-09	1.388096e+01	1.249382e+02
4.650000e-06	2.563406e-09	1.075343e-09	1.375659e+01	1.238063e+02
4.660000e-06	2.540116e-09	1.064083e-09	1.363161e+01	1.226656e+02
4.670000e-06	2.516741e-09	1.050449e-09	1.350616e+01	1.215161e+02
4.680000e-06	2.493298e-09	1.040478e-09	1.338035e+01	1.203578e+02
4.690000e-06	2.469768e-09	1.034222e-09	1.325408e+01	1.191909e+02
4.700000e-06	2.446139e-09	1.027233e-09	1.312727e+01	1.180154e+02
4.710000e-06	2.422403e-09	1.016680e-09	1.299989e+01	1.168314e+02
4.720000e-06	2.398536e-09	1.003237e-09	1.287181e+01	1.156390e+02
4.730000e-06	2.374490e-09	9.904167e-10	1.274277e+01	1.144383e+02
4.740000e-06	2.350250e-09	9.813208e-10	1.261268e+01	1.132293e+02
4.750000e-06	2.325824e-09	9.736432e-10	1.248160e+01	1.120122e+02
4.760000e-06	2.301210e-09	9.633936e-10	1.234951e+01	1.107871e+02
4.770000e-06	2.276412e-09	9.505352e-10	1.221643e+01	1.095540e+02
4.780000e-06	2.251432e-09	9.382224e-10	1.208238e+01	1.083130e+02
4.790000e-06	2.226299e-09	9.268760e-10	1.194750e+01	1.070642e+02
4.800000e-06	2.201035e-09	9.150092e-10	1.181192e+01	1.058077e+02
4.810000e-06	2.175651e-09	9.031015e-10	1.167570e+01	1.045437e+02
4.820000e-06	2.150143e-09	8.917465e-10	1.153880e+01	1.032721e+02
4.830000e-06	2.124503e-09	8.817356e-10	1.140121e+01	1.019930e+02
4.840000e-06	2.098720e-09	8.739941e-10	1.126284e+01	1.007067e+02
4.850000e-06	2.072782e-09	8.643460e-10	1.112365e+01	9.941306e+01
4.860000e-06	2.046700e-09	8.499964e-10	1.098368e+01	9.811230e+01
4.870000e-06	2.020452e-09	8.341483e-10	1.084281e+01	9.680449e+01
4.880000e-06	1.994033e-09	8.198009e-10	1.070103e+01	9.548972e+01
4.890000e-06	1.967440e-09	8.088590e-10	1.055833e+01	9.416809e+01
4.900000e-06	1.940664e-09	8.005559e-10	1.041463e+01	9.283968e+01
4.910000e-06	1.913749e-09	7.907789e-10	1.027019e+01	9.150460e+01
4.920000e-06	1.886716e-09	7.779800e-10	1.012512e+01	9.016294e+01
4.930000e-06	1.859570e-09	7.650392e-10	9.979438e+00	8.881479e+01
4.940000e-06	1.832345e-09	7.532909e-10	9.833332e+00	8.746026e+01
4.950000e-06	1.805041e-09	7.418317e-10	9.686803e+00	8.609944e+01
4.960000e-06	1.777670e-09	7.297564e-10	9.539918e+00	8.473243e+01
4.970000e-06	1.750246e-09	7.179598e-10	9.392745e+00	8.335933e+01
4.980000e-06	1.722779e-09	7.074467e-10	9.245345e+00	8.198024e+01
4.990000e-06	1.695269e-09	6.960871e-10	9.097712e+00	8.059525e+01
5.000000e-06	1.667696e-09	6.826227e-10	8.949741e+00	7.920447e+01
5.010000e-06	1.640052e-09	6.677475e-10	8.801387e+00	7.780800e+01
5.020000e-06	1.612339e-09	6.547366e-10	8.652666e+00	7.640593e+01
5.030000e-06	1.584544e-09	6.449883e-10	8.503499e+00	7.499837e+01
5.040000e-06	1.556638e-09	6.353728e-10	8.353741e+00	7.358542e+01
5.050000e-06	1.528629e-09	6.232325e-10	8.203433e+00	7.216718e+01
5.060000e-06	1.500516e-09	6.079556e-10	8.052561e+00	7.074375e+01
5.070000e-06	1.472260e-09	5.924428e-10	7.900928e+00	6.931524e+01
5.080000e-06	1.443861e-09	5.790442e-10	7.748520e+00	6.788175e+01
5.090000e-06	1.415314e-09	5.653870e-10	7.595324e+00	6.644337e+01
5.100000e-06	1.386593e-09	5.504144e-10	7.441192e+00	6.500023e+01
5.110000e-06	1.357697e-09	5.354234e-10	7.286122e+00	6.355241e+01
5.120000e-06	1.328631e-09	5.218601e-10	7.130138e+00	6.210002e+01
5.130000e-06	1.299383e-09	5.102615e-10	6.973177e+00	6.064317e+01
5.140000e-06	1.269956e-09	4.988416e-10	6.815253e+00	5.918197e+01
5.150000e-06	1.240351e-09	4.864546e-10	6.656378e+00	5.771651e+01
5.160000e-06	1.210577e-09	4.737113e-10	6.496598e+00	5.624690e+01
5.170000e-06	1.180660e-09	4.609035e-10	6.336047e+00	5.477326e+01
5.180000e-06	1.150591e-09	4.471248e-10	6.174681e+00	5.329568e+01
5.190000e-06	1.120364e-09	4.320168e-10	6.012465e+00	5.181427e+01
5.200000e-06	1.090013e-09	4.180107e-10	5.849587e+00	5.032913e+01
5.210000e-06	1.059541e-09	4.080771e-10	5.686058e+00	4.884039e+01
5.220000e-06	1.028956e-09	3.993199e-10	5.521919e+00	4.734813e+01
5.230000e-06	9.982902e-10	3.875227e-10	5.357352e+00	4.585248e+01
5.240000e-06	9.675364e-10	3.728977e-10	5.192311e+00	4.435353e+01
5.250000e-06	9.366962e-10	3.575410e-10	5.026806e+00	4.285140e+01
5.260000e-06	9.057975e-10	3.438684e-10	4.860987e+00	4.134619e+01
5.270000e-06	8.748464e-10	3.315835e-10	4.694888e+00	3.983801e+01
5.280000e-06	8.438237e-10	3.193213e-10	4.528403e+00	3.832697e+01
5.290000e-06	8.127278e-10	3.063321e-10	4.361526e+00	3.681318e+01
5.300000e-06	7.815764e-10	2.922167e-10	4.194351e+00	3.529675e+01
5.310000e-06	7.503878e-10	2.777967e-10	4.026977e+00	3.377779e+01
5.320000e-06	7.191615e-10	2.635501e-10	3.859400e+00	3.225640e+01
5.330000e-06	6.879119e-10	2.506780e-10	3.691698e+00	3.073270e+01
5.340000e-06	6.566431e-10	2.401367e-10	3.523893e+00	2.920679e+01
5.350000e-06	6.253434e-10	2.305090e-10	3.355922e+00	2.767879e+01
5.360000e-06	5.940240e-10	2.189008e-10	3.187846e+00	2.614881e+01
5.370000e-06	5.626786e-10	2.035269e-10	3.019630e+00	2.461695e+01
5.380000e-06	5.313128e-10	1.864307e-10	2.851304e+00	2.308332e+01
5.390000e-06	4.999274e-10	1.706160e-10	2.682874e+00	2.154804e+01
5.400000e-06	4.685206e-10	1.571103e-10	2.514329e+00	2.001122e+01
5.410000e-06	4.371022e-10	1.460258e-10	2.345721e+00	1.847297e+01
5.420000e-06	4.056766e-10	1.352037e-10	2.177074e+00	1.693340e+01
5.430000e-06	3.742386e-10	1.230498e-10	2.008361e+00	1.539261e+01
5.440000e-06	3.427818e-10	1.091904e-10	1.839547e+00	1.385073e+01
5.450000e-06	3.113203e-10	9.392746e-11	1.670708e+00	1.230785e+01
5.460000e-06	2.798635e-10	7.884081e-11	1.501895e+00	1.076410e+01
5.470000e-06	2.484012e-10	6.488434e-11	1.333051e+00	9.219579e+00
5.480000e-06	2.169257e-10	5.270543e-11	1.164137e+00	7.674404e+00
5.490000e-06	1.854525e-10	4.006566e-11	9.952352e-01	6.128685e+00
5.500000e-06	1.539811e-10	2.609341e-11	8.263430e-01	4.582532e+00
5.510000e-06	1.224942e-10	1.260387e-11	6.573674e-01	3.036057e+00
5.520000e-06	9.099939e-11	-1.069117e-12	4.883497e-01	1.489372e+00
5.530000e-06	5.950124e-11	-1.511505e-11	3.193140e-01	-5.741172e-02
5.540000e-06	2.799395e-11	-2.914618e-11	1.502292e-01	-1.604184e+00
5.550000e-06	-3.509365e-12	-4.317752e-11	-1.883425e-02	-3.150832e+00
5.560000e-06	-3.501033e-11	-5.727933e-11	-1.878851e-01	-4.697246e+00
5.570000e-06	-6.651676e-11	-7.110533e-11	-3.569653e-01	-6.243313e+00
5.580000e-06	-9.802464e-11	-8.415839e-11	-5.260532e-01	-7.788923e+00
5.590000e-06	-1.295291e-10	-9.719903e-11	-6.951227e-01	-9.333964e+00
5.600000e-06	-1.610175e-10	-1.111969e-10	-8.641061e-01	-1.087832e+01
5.610000e-06	-1.924897e-10	-1.256453e-10	-1.033003e+00	-1.242189e+01
5.620000e-06	-2.239592e-10	-1.391384e-10	-1.201885e+00	-1.396456e+01
5.630000e-06	-2.554338e-10	-1.516533e-10	-1.370794e+00	-1.550622e+01
5.640000e-06	-2.869050e-10	-1.651217e-10	-1.539685e+00	-1.704675e+01
5.650000e-06	-3.183610e-10	-1.799007e-10	-1.708495e+00	-1.858604e+01
5.660000e-06	-3.497975e-10	-1.940489e-10	-1.877200e+00	-2.012399e+01
5.670000e-06	-3.812231e-10	-2.061705e-10	-2.045846e+00	-2.166048e+01
5.680000e-06	-4.126416e-10	-2.176564e-10	-2.214454e+00	-2.319541e+01
5.690000e-06	-4.440511e-10	-2.307937e-10	-2.383014e+00	-2.472865e+01
5.700000e-06	-4.754523e-10	-2.459957e-10	-2.551529e+00	-2.626011e+01
5.710000e-06	-5.068335e-10	-2.612404e-10	-2.719938e+00	-2.778967e+01
5.720000e-06	-5.381903e-10	-2.741753e-10	-2.888215e+00	-2.931722e+01
5.730000e-06	-5.695289e-10	-2.850759e-10	-3.056394e+00	-3.084265e+01
5.740000e-06	-6.008401e-10	-2.968089e-10	-3.224427e+00	-3.236586e+01
5.750000e-06	-6.321193e-10	-3.110303e-10	-3.392288e+00	-3.388672e+01
5.760000e-06	-6.633744e-10	-3.249509e-10	-3.560019e+00	-3.540514e+01
5.770000e-06	-6.945989e-10	-3.367594e-10	-3.727586e+00	-3.692100e+01
5.780000e-06	-7.257950e-10	-3.487196e-10	-3.895001e+00	-3.843420e+01
5.790000e-06	-7.569467e-10	-3.635919e-10	-4.062177e+00	-3.994462e+01
5.800000e-06	-7.880472e-10	-3.805449e-10	-4.229079e+00	-4.145216e+01
5.810000e-06	-8.191084e-10	-3.949951e-10	-4.395770e+00	-4.295670e+01
5.820000e-06	-8.501131e-10	-4.055153e-10	-4.562158e+00	-4.445815e+01
5.830000e-06	-8.810390e-10	-4.157773e-10	-4.728123e+00	-4.595638e+01
5.840000e-06	-9.119033e-10	-4.286327e-10	-4.893757e+00	-4.745130e+01
5.850000e-06	-9.426999e-10	-4.432450e-10	-5.059028e+00	-4.894280e+01
5.860000e-06	-9.734156e-10	-4.563620e-10	-5.223864e+00	-5.043076e+01
5.870000e-06	-1.004035e-09	-4.672664e-10	-5.388184e+00	-5.191509e+01
5.880000e-06	-1.034547e-09	-4.792906e-10	-5.551929e+00	-5.339567e+01
5.890000e-06	-1.064944e-09	-4.941177e-10	-5.715053e+00	-5.487240e+01
5.900000e-06	-1.095220e-09	-5.087718e-10	-5.877533e+00	-5.634517e+01
5.910000e-06	-1.125369e-09	-5.210099e-10	-6.039329e+00	-5.781387e+01
5.920000e-06	-1.155370e-09	-5.314945e-10	-6.200325e+00	-5.927841e+01
5.930000e-06	-1.185228e-09	-5.435454e-10	-6.360564e+00	-6.073867e+01
5.940000e-06	-1.214924e-09	-5.572284e-10	-6.519926e+00	-6.219455e+01
5.950000e-06	-1.244480e-09	-5.690310e-10	-6.678539e+00	-6.364595e+01
5.960000e-06	-1.273872e-09	-5.792490e-10	-6.836272e+00	-6.509275e+01
5.970000e-06	-1.303069e-09	-5.899475e-10	-6.992961e+00	-6.653486e+01
5.980000e-06	-1.332112e-09	-6.026150e-10	-7.148819e+00	-6.797217e+01
5.990000e-06	-1.360981e-09	-6.165172e-10	-7.303743e+00	-6.940458e+01
6.000000e-06	-1.389665e-09	-6.299392e-10	-7.457679e+00	-7.083199e+01
6.010000e-06	-1.418176e-09	-6.422426e-10	-7.610681e+00	-7.225429e+01
6.020000e-06	-1.446526e-09	-6.538315e-10	-7.762826e+00	-7.367138e+01
6.030000e-06	-1.474744e-09	-6.654443e-10	-7.914257e+00	-7.508316e+01
6.040000e-06	-1.502804e-09	-6.759314e-10	-8.064845e+00	-7.648953e+01
6.050000e-06	-1.530711e-09	-6.851104e-10	-8.214607e+00	-7.789038e+01
6.060000e-06	-1.558532e-09	-6.948693e-10	-8.363906e+00	-7.928561e+01
6.070000e-06	-1.586259e-09	-7.070563e-10	-8.512707e+00	-8.067513e+01
6.080000e-06	-1.613897e-09	-7.213303e-10	-8.661026e+00	-8.205884e+01
6.090000e-06	-1.641493e-09	-7.347577e-10	-8.809123e+00	-8.343663e+01
6.100000e-06	-1.669037e-09	-7.459788e-10	-8.956935e+00	-8.480840e+01
6.110000e-06	-1.696521e-09	-7.556979e-10	-9.104429e+00	-8.617406e+01
6.120000e-06	-1.723964e-09	-7.644593e-10	-9.251703e+00	-8.753351e+01
6.130000e-06	-1.751379e-09	-7.739288e-10	-9.398829e+00	-8.888665e+01
6.140000e-06	-1.778742e-09	-7.869059e-10	-9.545669e+00	-9.023338e+01
6.150000e-06	-1.806024e-09	-8.016111e-10	-9.692079e+00	-9.157361e+01
6.160000e-06	-1.833236e-09	-8.147154e-10	-9.838113e+00	-9.290724e+01
6.170000e-06	-1.860365e-09	-8.246683e-10	-9.983706e+00	-9.423417e+01
6.180000e-06	-1.887382e-09	-8.331549e-10	-1.012869e+01	-9.555431e+01
6.190000e-06	-1.914262e-09	-8.426545e-10	-1.027295e+01	-9.686757e+01
6.200000e-06	-1.940989e-09	-8.536236e-10	-1.041638e+01	-9.817384e+01
6.210000e-06	-1.967551e-09	-8.657870e-10	-1.055892e+01	-9.947304e+01
6.220000e-06	-1.993925e-09	-8.776623e-10	-1.070046e+01	-1.007651e+02
6.230000e-06	-2.020115e-09	-8.895592e-10	-1.084101e+01	-1.020498e+02
6.240000e-06	-2.046155e-09	-9.010018e-10	-1.098075e+01	-1.033272e+02
6.250000e-06	-2.072058e-09	-9.115818e-10	-1.111976e+01	-1.045972e+02
6.260000e-06	-2.097809e-09	-9.214957e-10	-1.125795e+01	-1.058596e+02
6.270000e-06	-2.123415e-09	-9.304105e-10	-1.139537e+01	-1.071144e+02
6.280000e-06	-2.148895e-09	-9.397200e-10	-1.153211e+01	-1.083615e+02
6.290000e-06	-2.174244e-09	-9.502441e-10	-1.166815e+01	-1.096008e+02
6.300000e-06	-2.199458e-09	-9.611966e-10	-1.180346e+01	-1.108322e+02
6.310000e-06	-2.224532e-09	-9.719862e-10	-1.193802e+01	-1.120555e+02
6.320000e-06	-2.249445e-09	-9.821497e-10	-1.207171e+01	-1.132708e+02
6.330000e-06	-2.274188e-09	-9.928920e-10	-1.220450e+01	-1.144780e+02
6.340000e-06	-2.298752e-09	-1.005754e-09	-1.233632e+01	-1.156769e+02
6.350000e-06	-2.323103e-09	-1.019268e-09	-1.246700e+01	-1.168675e+02
6.360000e-06	-2.347269e-09	-1.030524e-09	-1.259669e+01	-1.180496e+02
6.370000e-06	-2.371284e-09	-1.037648e-09	-1.272557e+01	-1.192232e+02
6.380000e-06	-2.395153e-09	-1.043579e-09	-1.285366e+01	-1.203883e+02
6.390000e-06	-2.418874e-09	-1.051819e-09	-1.298096e+01	-1.215447e+02
6.400000e-06	-2.442484e-09	-1.062464e-09	-1.310766e+01	-1.226923e+02
6.410000e-06	-2.466011e-09	-1.073915e-09	-1.323392e+01	-1.238310e+02
6.420000e-06	-2.489453e-09	-1.084312e-09	-1.335972e+01	-1.249609e+02
6.430000e-06	-2.512811e-09	-1.093842e-09	-1.348508e+01	-1.260817e+02
6.440000e-06	-2.536071e-09	-1.102188e-09	-1.360990e+01	-1.271935e+02
6.450000e-06	-2.559200e-09	-1.109351e-09	-1.373402e+01	-1.282961e+02
6.460000e-06	-2.582187e-09	-1.115345e-09	-1.385738e+01	-1.293894e+02
6.470000e-06	-2.605010e-09	-1.121176e-09	-1.397986e+01	-1.304735e+02
6.480000e-06	-2.627605e-09	-1.130180e-09	-1.410112e+01	-1.315481e+02
6.490000e-06	-2.649941e-09	-1.142963e-09	-1.422099e+01	-1.326133e+02
6.500000e-06	-2.671984e-09	-1.156674e-09	-1.433928e+01	-1.336688e+02
6.510000e-06	-2.693699e-09	-1.167511e-09	-1.445581e+01	-1.347148e+02
6.520000e-06	-2.715088e-09	-1.173729e-09	-1.457060e+01	-1.357511e+02
6.530000e-06	-2.736134e-09	-1.176300e-09	-1.468354e+01	-1.367776e+02
6.540000e-06	-2.756831e-09	-1.180304e-09	-1.479462e+01	-1.377942e+02
6.550000e-06	-2.777218e-09	-1.187695e-09	-1.490402e+01	-1.388009e+02
6.560000e-06	-2.797341e-09	-1.196529e-09	-1.501201e+01	-1.397976e+02
6.570000e-06	-2.817256e-09	-1.206110e-09	-1.511889e+01	-1.407842e+02
6.580000e-06	-2.836990e-09	-1.216263e-09	-1.522479e+01	-1.417607e+02
6.590000e-06	-2.856577e-09	-1.227302e-09	-1.532990e+01	-1.427269e+02
6.600000e-06	-2.876075e-09	-1.237243e-09	-1.543454e+01	-1.436829e+02
6.610000e-06	-2.895495e-09	-1.243515e-09	-1.553876e+01	-1.446286e+02
6.620000e-06	-2.914827e-09	-1.247148e-09	-1.564250e+01	-1.455638e+02
6.630000e-06	-2.934034e-09	-1.252023e-09	-1.574558e+01	-1.464885e+02
6.640000e-06	-2.953072e-09	-1.259331e-09	-1.584775e+01	-1.474027e+02
6.650000e-06	-2.971934e-09	-1.266887e-09	-1.594897e+01	-1.483062e+02
6.660000e-06	-2.990571e-09	-1.272852e-09	-1.604899e+01	-1.491991e+02
6.670000e-06	-3.008946e-09	-1.279540e-09	-1.614760e+01	-1.500812e+02
6.680000e-06	-3.027094e-09	-1.289180e-09	-1.624499e+01	-1.509525e+02
6.690000e-06	-3.045032e-09	-1.299972e-09	-1.634125e+01	-1.518130e+02
6.700000e-06	-3.062757e-09	-1.308175e-09	-1.643637e+01	-1.526625e+02
6.710000e-06	-3.080289e-09	-1.312748e-09	-1.653046e+01	-1.535010e+02
6.720000e-06	-3.097659e-09	-1.317088e-09	-1.662368e+01	-1.543284e+02
6.730000e-06	-3.114858e-09	-1.323734e-09	-1.671598e+01	-1.551447e+02
6.740000e-06	-3.131859e-09	-1.332233e-09	-1.680721e+01	-1.559499e+02
6.750000e-06	-3.148639e-09	-1.340228e-09	-1.689726e+01	-1.567438e+02
6.760000e-06	-3.165171e-09	-1.347945e-09	-1.698598e+01	-1.575264e+02
6.770000e-06	-3.181462e-09	-1.356523e-09	-1.707341e+01	-1.582977e+02
6.780000e-06	-3.197531e-09	-1.364924e-09	-1.715964e+01	-1.590576e+02
6.790000e-06	-3.213396e-09	-1.371806e-09	-1.724478e+01	-1.598060e+02
6.800000e-06	-3.229104e-09	-1.376491e-09	-1.732908e+01	-1.605429e+02
6.810000e-06	-3.244676e-09	-1.381363e-09	-1.741265e+01	-1.612682e+02
6.820000e-06	-3.260121e-09	-1.387870e-09	-1.749554e+01	-1.619819e+02
6.830000e-06	-3.275411e-09	-1.394223e-09	-1.757759e+01	-1.626840e+02
6.840000e-06	-3.290516e-09	-1.399992e-09	-1.765865e+01	-1.633743e+02
6.850000e-06	-3.305359e-09	-1.404798e-09	-1.773831e+01	-1.640528e+02
6.860000e-06	-3.319863e-09	-1.409167e-09	-1.781614e+01	-1.647196e+02
6.870000e-06	-3.334003e-09	-1.415792e-09	-1.789203e+01	-1.653744e+02
6.880000e-06	-3.347695e-09	-1.424264e-09	-1.796550e+01	-1.660174e+02
6.890000e-06	-3.360937e-09	-1.431155e-09	-1.803657e+01	-1.666484e+02
6.900000e-06	-3.373778e-09	-1.435629e-09	-1.810548e+01	-1.672674e+02
6.910000e-06	-3.386258e-09	-1.439602e-09	-1.817245e+01	-1.678743e+02
6.920000e-06	-3.398437e-09	-1.444680e-09	-1.823781e+01	-1.684692e+02
6.930000e-06	-3.410356e-09	-1.450471e-09	-1.830178e+01	-1.690519e+02
6.940000e-06	-3.422071e-09	-1.455696e-09	-1.836464e+01	-1.696225e+02
6.950000e-06	-3.433591e-09	-1.460838e-09	-1.842647e+01	-1.701808e+02
6.960000e-06	-3.444910e-09	-1.467392e-09	-1.848721e+01	-1.707268e+02
6.970000e-06	-3.456026e-09	-1.473000e-09	-1.854686e+01	-1.712606e+02
6.980000e-06	-3.466880e-09	-1.473939e-09	-1.860511e+01	-1.717820e+02
6.990000e-06	-3.477446e-09	-1.473412e-09	-1.866182e+01	-1.722911e+02
7.000000e-06	-3.487756e-09	-1.476281e-09	-1.871714e+01	-1.727877e+02
7.010000e-06	-3.497813e-09	-1.482986e-09	-1.877112e+01	-1.732719e+02
7.020000e-06	-3.507617e-09	-1.490150e-09	-1.882373e+01	-1.737436e+02
7.030000e-06	-3.517204e-09	-1.493274e-09	-1.887518e+01	-1.742028e+02
7.040000e-06	-3.526601e-09	-1.492559e-09	-1.892561e+01	-1.746495e+02
7.050000e-06	-3.535796e-09	-1.493659e-09	-1.897495e+01	-1.750835e+02
7.060000e-06	-3.544757e-09	-1.498351e-09	-1.902304e+01	-1.755050e+02
7.070000e-06	-3.553436e-09	-1.503213e-09	-1.906962e+01	-1.759138e+02
7.080000e-06	-3.561838e-09	-1.505734e-09	-1.911471e+01	-1.763099e+02
7.090000e-06	-3.569987e-09	-1.506998e-09	-1.915844e+01	-1.766934e+02
7.100000e-06	-3.577907e-09	-1.510456e-09	-1.920094e+01	-1.770641e+02
7.110000e-06	-3.585643e-09	-1.515749e-09	-1.924246e+01	-1.774221e+02
7.120000e-06	-3.593222e-09	-1.518443e-09	-1.928313e+01	-1.777672e+02
7.130000e-06	-3.600660e-09	-1.518166e-09	-1.932305e+01	-1.780996e+02
7.140000e-06	-3.607956e-09	-1.519471e-09	-1.936220e+01	-1.784191e+02
7.150000e-06	-3.615067e-09	-1.523969e-09	-1.940036e+01	-1.787258e+02
7.160000e-06	-3.621946e-09	-1.527077e-09	-1.943728e+01	-1.790196e+02
7.170000e-06	-3.628535e-09	-1.524936e-09	-1.947264e+01	-1.793006e+02
7.180000e-06	-3.634767e-09	-1.519838e-09	-1.950608e+01	-1.795686e+02
7.190000e-06	-3.640605e-09	-1.518935e-09	-1.953741e+01	-1.798236e+02
7.200000e-06	-3.646014e-09	-1.525839e-09	-1.956644e+01	-1.800658e+02
7.210000e-06	-3.650991e-09	-1.534903e-09	-1.959315e+01	-1.802949e+02
7.220000e-06	-3.655585e-09	-1.540031e-09	-1.961780e+01	-1.805111e+02
7.230000e-06	-3.659840e-09	-1.540876e-09	-1.964064e+01	-1.807142e+02
7.240000e-06	-3.663806e-09	-1.539762e-09	-1.966192e+01	-1.809044e+02
7.250000e-06	-3.667550e-09	-1.538386e-09	-1.968201e+01	-1.810815e+02
7.260000e-06	-3.671134e-09	-1.535777e-09	-1.970125e+01	-1.812455e+02
7.270000e-06	-3.674588e-09	-1.533043e-09	-1.971978e+01	-1.813965e+02
7.280000e-06	-3.677891e-09	-1.535077e-09	-1.973751e+01	-1.815345e+02
7.290000e-06	-3.681011e-09	-1.542946e-09	-1.975425e+01	-1.816593e+02
7.300000e-06	-3.683897e-09	-1.551451e-09	-1.976974e+01	-1.817711e+02
7.310000e-06	-3.686511e-09	-1.554350e-09	-1.978377e+01	-1.818698e+02
7.320000e-06	-3.688853e-09	-1.550765e-09	-1.979634e+01	-1.819554e+02
7.330000e-06	-3.690932e-09	-1.544684e-09	-1.980750e+01	-1.820279e+02
7.340000e-06	-3.692784e-09	-1.540883e-09	-1.981743e+01	-1.820872e+02
7.350000e-06	-3.694431e-09	-1.540254e-09	-1.982627e+01	-1.821335e+02
7.360000e-06	-3.695873e-09	-1.540418e-09	-1.983401e+01	-1.821666e+02
7.370000e-06	-3.697084e-09	-1.540231e-09	-1.984051e+01	-1.821866e+02
7.380000e-06	-3.697972e-09	-1.540950e-09	-1.984527e+01	-1.821935e+02
7.390000e-06	-3.698542e-09	-1.543288e-09	-1.984833e+01	-1.821873e+02
7.400000e-06	-3.698883e-09	-1.543128e-09	-1.985016e+01	-1.821679e+02
