# Temperatura_=_20.0
# Concentracion g/m^3_=_10000.0
# C_Vs_to_Am_M_A/Vsm_=_116720831517.84952
# pendiente_HvsI_1/m_=_3716.3
# ordenada_HvsI_A/m_=_1297.0
# frecuencia_Hz_=_135150.57164813214
# Promedio de 26 ciclos

Tiempo_(s)	Campo_(V.s)	Magnetizacion_(V.s)	Campo_(kA/m)	Magnetizacion_(A/m)
0.000000e+00	-5.896506e-09	-2.560691e-09	-3.101689e+01	-2.979790e+02
1.000000e-08	-5.896444e-09	-2.558290e-09	-3.101657e+01	-2.979049e+02
2.000000e-08	-5.896098e-09	-2.555124e-09	-3.101475e+01	-2.978094e+02
3.000000e-08	-5.895503e-09	-2.552208e-09	-3.101162e+01	-2.976924e+02
4.000000e-08	-5.894634e-09	-2.550056e-09	-3.100705e+01	-2.975539e+02
5.000000e-08	-5.893369e-09	-2.549818e-09	-3.100039e+01	-2.973939e+02
6.000000e-08	-5.891550e-09	-2.549109e-09	-3.099082e+01	-2.972125e+02
7.000000e-08	-5.889043e-09	-2.553010e-09	-3.097764e+01	-2.970096e+02
8.000000e-08	-5.885762e-09	-2.556529e-09	-3.096038e+01	-2.967853e+02
9.000000e-08	-5.881787e-09	-2.552239e-09	-3.093947e+01	-2.965396e+02
1.000000e-07	-5.877375e-09	-2.540275e-09	-3.091626e+01	-2.962725e+02
1.100000e-07	-5.872748e-09	-2.532178e-09	-3.089192e+01	-2.959841e+02
1.200000e-07	-5.867918e-09	-2.536490e-09	-3.086651e+01	-2.956743e+02
1.300000e-07	-5.862723e-09	-2.528806e-09	-3.083919e+01	-2.953431e+02
1.400000e-07	-5.857118e-09	-2.520264e-09	-3.080970e+01	-2.949907e+02
1.500000e-07	-5.851141e-09	-2.516684e-09	-3.077826e+01	-2.946169e+02
1.600000e-07	-5.844776e-09	-2.525618e-09	-3.074478e+01	-2.942219e+02
1.700000e-07	-5.837983e-09	-2.522842e-09	-3.070905e+01	-2.938057e+02
1.800000e-07	-5.830750e-09	-2.508190e-09	-3.067100e+01	-2.933683e+02
1.900000e-07	-5.823123e-09	-2.498746e-09	-3.063088e+01	-2.929097e+02
2.000000e-07	-5.815138e-09	-2.496271e-09	-3.058888e+01	-2.924300e+02
2.100000e-07	-5.806821e-09	-2.488624e-09	-3.054513e+01	-2.919292e+02
2.200000e-07	-5.798234e-09	-2.485847e-09	-3.049996e+01	-2.914074e+02
2.300000e-07	-5.789338e-09	-2.486177e-09	-3.045316e+01	-2.908645e+02
2.400000e-07	-5.779945e-09	-2.484874e-09	-3.040376e+01	-2.903006e+02
2.500000e-07	-5.769843e-09	-2.476950e-09	-3.035062e+01	-2.897158e+02
2.600000e-07	-5.759009e-09	-2.464823e-09	-3.029363e+01	-2.891101e+02
2.700000e-07	-5.747587e-09	-2.458135e-09	-3.023355e+01	-2.884835e+02
2.800000e-07	-5.735665e-09	-2.451067e-09	-3.017083e+01	-2.878362e+02
2.900000e-07	-5.723298e-09	-2.446471e-09	-3.010578e+01	-2.871680e+02
3.000000e-07	-5.710533e-09	-2.441066e-09	-3.003863e+01	-2.864792e+02
3.100000e-07	-5.697371e-09	-2.442869e-09	-2.996940e+01	-2.857696e+02
3.200000e-07	-5.683762e-09	-2.436573e-09	-2.989781e+01	-2.850395e+02
3.300000e-07	-5.669706e-09	-2.426926e-09	-2.982387e+01	-2.842888e+02
3.400000e-07	-5.655186e-09	-2.413636e-09	-2.974749e+01	-2.835176e+02
3.500000e-07	-5.640158e-09	-2.405635e-09	-2.966845e+01	-2.827259e+02
3.600000e-07	-5.624534e-09	-2.397954e-09	-2.958626e+01	-2.819138e+02
3.700000e-07	-5.608244e-09	-2.394321e-09	-2.950057e+01	-2.810814e+02
3.800000e-07	-5.591303e-09	-2.388410e-09	-2.941146e+01	-2.802288e+02
3.900000e-07	-5.573844e-09	-2.379958e-09	-2.931962e+01	-2.793559e+02
4.000000e-07	-5.556031e-09	-2.367681e-09	-2.922592e+01	-2.784628e+02
4.100000e-07	-5.537934e-09	-2.360326e-09	-2.913072e+01	-2.775497e+02
4.200000e-07	-5.519574e-09	-2.352518e-09	-2.903414e+01	-2.766165e+02
4.300000e-07	-5.500935e-09	-2.341235e-09	-2.893610e+01	-2.756634e+02
4.400000e-07	-5.481969e-09	-2.331896e-09	-2.883633e+01	-2.746904e+02
4.500000e-07	-5.462583e-09	-2.329406e-09	-2.873436e+01	-2.736976e+02
4.600000e-07	-5.442769e-09	-2.324963e-09	-2.863013e+01	-2.726850e+02
4.700000e-07	-5.422620e-09	-2.312691e-09	-2.852414e+01	-2.716528e+02
4.800000e-07	-5.402226e-09	-2.297512e-09	-2.841687e+01	-2.706009e+02
4.900000e-07	-5.381619e-09	-2.284809e-09	-2.830847e+01	-2.695296e+02
5.000000e-07	-5.360766e-09	-2.277147e-09	-2.819878e+01	-2.684388e+02
5.100000e-07	-5.339573e-09	-2.272096e-09	-2.808730e+01	-2.673286e+02
5.200000e-07	-5.317959e-09	-2.266033e-09	-2.797360e+01	-2.661991e+02
5.300000e-07	-5.295947e-09	-2.254129e-09	-2.785782e+01	-2.650505e+02
5.400000e-07	-5.273569e-09	-2.240962e-09	-2.774010e+01	-2.638827e+02
5.500000e-07	-5.250827e-09	-2.229047e-09	-2.762048e+01	-2.626959e+02
5.600000e-07	-5.227718e-09	-2.217108e-09	-2.749892e+01	-2.614901e+02
5.700000e-07	-5.204226e-09	-2.203031e-09	-2.737535e+01	-2.602655e+02
5.800000e-07	-5.180364e-09	-2.192118e-09	-2.724983e+01	-2.590221e+02
5.900000e-07	-5.156185e-09	-2.183740e-09	-2.712264e+01	-2.577600e+02
6.000000e-07	-5.131763e-09	-2.174759e-09	-2.699417e+01	-2.564793e+02
6.100000e-07	-5.107125e-09	-2.160120e-09	-2.686457e+01	-2.551801e+02
6.200000e-07	-5.082222e-09	-2.143617e-09	-2.673358e+01	-2.538625e+02
6.300000e-07	-5.056939e-09	-2.127841e-09	-2.660058e+01	-2.525266e+02
6.400000e-07	-5.031113e-09	-2.116469e-09	-2.646473e+01	-2.511724e+02
6.500000e-07	-5.004677e-09	-2.107179e-09	-2.632567e+01	-2.498002e+02
6.600000e-07	-4.977622e-09	-2.097031e-09	-2.618336e+01	-2.484099e+02
6.700000e-07	-4.950000e-09	-2.083074e-09	-2.603806e+01	-2.470017e+02
6.800000e-07	-4.921970e-09	-2.068218e-09	-2.589061e+01	-2.455756e+02
6.900000e-07	-4.893664e-09	-2.053140e-09	-2.574172e+01	-2.441319e+02
7.000000e-07	-4.865141e-09	-2.038993e-09	-2.559168e+01	-2.426706e+02
7.100000e-07	-4.836420e-09	-2.023195e-09	-2.544060e+01	-2.411917e+02
7.200000e-07	-4.807443e-09	-2.007220e-09	-2.528818e+01	-2.396954e+02
7.300000e-07	-4.778132e-09	-1.992659e-09	-2.513400e+01	-2.381819e+02
7.400000e-07	-4.748469e-09	-1.981560e-09	-2.497796e+01	-2.366511e+02
7.500000e-07	-4.718460e-09	-1.971427e-09	-2.482011e+01	-2.351033e+02
7.600000e-07	-4.688152e-09	-1.958669e-09	-2.466068e+01	-2.335386e+02
7.700000e-07	-4.657558e-09	-1.943958e-09	-2.449975e+01	-2.319569e+02
7.800000e-07	-4.626644e-09	-1.929537e-09	-2.433714e+01	-2.303586e+02
7.900000e-07	-4.595378e-09	-1.915383e-09	-2.417267e+01	-2.287436e+02
8.000000e-07	-4.563745e-09	-1.900523e-09	-2.400627e+01	-2.271121e+02
8.100000e-07	-4.531801e-09	-1.884915e-09	-2.383824e+01	-2.254643e+02
8.200000e-07	-4.499626e-09	-1.870621e-09	-2.366899e+01	-2.238001e+02
8.300000e-07	-4.467253e-09	-1.858812e-09	-2.349870e+01	-2.221199e+02
8.400000e-07	-4.434684e-09	-1.847047e-09	-2.332738e+01	-2.204236e+02
8.500000e-07	-4.401882e-09	-1.832595e-09	-2.315484e+01	-2.187114e+02
8.600000e-07	-4.368779e-09	-1.815313e-09	-2.298071e+01	-2.169834e+02
8.700000e-07	-4.335303e-09	-1.799320e-09	-2.280462e+01	-2.152398e+02
8.800000e-07	-4.301396e-09	-1.784876e-09	-2.262626e+01	-2.134806e+02
8.900000e-07	-4.266997e-09	-1.770715e-09	-2.244531e+01	-2.117060e+02
9.000000e-07	-4.232056e-09	-1.754070e-09	-2.226152e+01	-2.099162e+02
9.100000e-07	-4.196620e-09	-1.736785e-09	-2.207512e+01	-2.081112e+02
9.200000e-07	-4.160800e-09	-1.721046e-09	-2.188670e+01	-2.062912e+02
9.300000e-07	-4.124670e-09	-1.706988e-09	-2.169665e+01	-2.044563e+02
9.400000e-07	-4.088304e-09	-1.690962e-09	-2.150535e+01	-2.026067e+02
9.500000e-07	-4.051773e-09	-1.673006e-09	-2.131319e+01	-2.007424e+02
9.600000e-07	-4.015077e-09	-1.655273e-09	-2.112016e+01	-1.988637e+02
9.700000e-07	-3.978174e-09	-1.640312e-09	-2.092604e+01	-1.969706e+02
9.800000e-07	-3.941009e-09	-1.625872e-09	-2.073055e+01	-1.950633e+02
9.900000e-07	-3.903540e-09	-1.608162e-09	-2.053345e+01	-1.931419e+02
1.000000e-06	-3.865769e-09	-1.587047e-09	-2.033477e+01	-1.912066e+02
1.010000e-06	-3.827712e-09	-1.566704e-09	-2.013458e+01	-1.892575e+02
1.020000e-06	-3.789393e-09	-1.549176e-09	-1.993301e+01	-1.872948e+02
1.030000e-06	-3.750834e-09	-1.532730e-09	-1.973018e+01	-1.853185e+02
1.040000e-06	-3.712017e-09	-1.513348e-09	-1.952600e+01	-1.833288e+02
1.050000e-06	-3.672907e-09	-1.492474e-09	-1.932027e+01	-1.813260e+02
1.060000e-06	-3.633490e-09	-1.473683e-09	-1.911293e+01	-1.793100e+02
1.070000e-06	-3.593790e-09	-1.458220e-09	-1.890410e+01	-1.772811e+02
1.080000e-06	-3.553848e-09	-1.442206e-09	-1.869399e+01	-1.752395e+02
1.090000e-06	-3.513702e-09	-1.422757e-09	-1.848282e+01	-1.731851e+02
1.100000e-06	-3.473386e-09	-1.401789e-09	-1.827075e+01	-1.711183e+02
1.110000e-06	-3.432936e-09	-1.381770e-09	-1.805797e+01	-1.690392e+02
1.120000e-06	-3.392357e-09	-1.364561e-09	-1.784451e+01	-1.669478e+02
1.130000e-06	-3.351630e-09	-1.345711e-09	-1.763029e+01	-1.648444e+02
1.140000e-06	-3.310704e-09	-1.324330e-09	-1.741500e+01	-1.627291e+02
1.150000e-06	-3.269531e-09	-1.303757e-09	-1.719843e+01	-1.606020e+02
1.160000e-06	-3.228100e-09	-1.285831e-09	-1.698049e+01	-1.584634e+02
1.170000e-06	-3.186334e-09	-1.267789e-09	-1.676079e+01	-1.563133e+02
1.180000e-06	-3.144170e-09	-1.247584e-09	-1.653900e+01	-1.541520e+02
1.190000e-06	-3.101623e-09	-1.226547e-09	-1.631519e+01	-1.519795e+02
1.200000e-06	-3.058690e-09	-1.207656e-09	-1.608935e+01	-1.497961e+02
1.210000e-06	-3.015371e-09	-1.190377e-09	-1.586149e+01	-1.476018e+02
1.220000e-06	-2.971721e-09	-1.170511e-09	-1.563188e+01	-1.453970e+02
1.230000e-06	-2.927802e-09	-1.147712e-09	-1.540086e+01	-1.431816e+02
1.240000e-06	-2.883668e-09	-1.126171e-09	-1.516870e+01	-1.409559e+02
1.250000e-06	-2.839388e-09	-1.108870e-09	-1.493578e+01	-1.387200e+02
1.260000e-06	-2.794986e-09	-1.095460e-09	-1.470221e+01	-1.364741e+02
1.270000e-06	-2.750475e-09	-1.081227e-09	-1.446808e+01	-1.342183e+02
1.280000e-06	-2.705881e-09	-1.062276e-09	-1.423351e+01	-1.319529e+02
1.290000e-06	-2.661174e-09	-1.040421e-09	-1.399834e+01	-1.296779e+02
1.300000e-06	-2.616327e-09	-1.020476e-09	-1.376243e+01	-1.273936e+02
1.310000e-06	-2.571330e-09	-1.003304e-09	-1.352574e+01	-1.251001e+02
1.320000e-06	-2.526141e-09	-9.858003e-10	-1.328803e+01	-1.227976e+02
1.330000e-06	-2.480734e-09	-9.667729e-10	-1.304918e+01	-1.204862e+02
1.340000e-06	-2.435122e-09	-9.475734e-10	-1.280925e+01	-1.181661e+02
1.350000e-06	-2.389306e-09	-9.295827e-10	-1.256825e+01	-1.158375e+02
1.360000e-06	-2.343309e-09	-9.133194e-10	-1.232630e+01	-1.135005e+02
1.370000e-06	-2.297155e-09	-8.960047e-10	-1.208351e+01	-1.111554e+02
1.380000e-06	-2.250859e-09	-8.763615e-10	-1.183999e+01	-1.088022e+02
1.390000e-06	-2.204422e-09	-8.570717e-10	-1.159572e+01	-1.064411e+02
1.400000e-06	-2.157856e-09	-8.382311e-10	-1.135077e+01	-1.040724e+02
1.410000e-06	-2.111178e-09	-8.188831e-10	-1.110524e+01	-1.016962e+02
1.420000e-06	-2.064365e-09	-7.962214e-10	-1.085899e+01	-9.931259e+01
1.430000e-06	-2.017428e-09	-7.722053e-10	-1.061209e+01	-9.692185e+01
1.440000e-06	-1.970329e-09	-7.515443e-10	-1.036434e+01	-9.452412e+01
1.450000e-06	-1.923052e-09	-7.357068e-10	-1.011566e+01	-9.211956e+01
1.460000e-06	-1.875646e-09	-7.217446e-10	-9.866286e+00	-8.970835e+01
1.470000e-06	-1.828087e-09	-7.050215e-10	-9.616118e+00	-8.729067e+01
1.480000e-06	-1.780358e-09	-6.845399e-10	-9.365051e+00	-8.486669e+01
1.490000e-06	-1.732487e-09	-6.608944e-10	-9.113240e+00	-8.243658e+01
1.500000e-06	-1.684492e-09	-6.357537e-10	-8.860776e+00	-8.000052e+01
1.510000e-06	-1.636382e-09	-6.111684e-10	-8.607705e+00	-7.755869e+01
1.520000e-06	-1.588183e-09	-5.884939e-10	-8.354171e+00	-7.511125e+01
1.530000e-06	-1.539912e-09	-5.698833e-10	-8.100254e+00	-7.265840e+01
1.540000e-06	-1.491582e-09	-5.546349e-10	-7.846027e+00	-7.020030e+01
1.550000e-06	-1.443196e-09	-5.385418e-10	-7.591509e+00	-6.773713e+01
1.560000e-06	-1.394758e-09	-5.197803e-10	-7.336710e+00	-6.526907e+01
1.570000e-06	-1.346263e-09	-4.986509e-10	-7.081617e+00	-6.279630e+01
1.580000e-06	-1.297713e-09	-4.768135e-10	-6.826232e+00	-6.031900e+01
1.590000e-06	-1.249114e-09	-4.563583e-10	-6.570594e+00	-5.783734e+01
1.600000e-06	-1.200461e-09	-4.368602e-10	-6.314667e+00	-5.535150e+01
1.610000e-06	-1.151749e-09	-4.167853e-10	-6.058434e+00	-5.286167e+01
1.620000e-06	-1.102985e-09	-3.961775e-10	-5.801925e+00	-5.036802e+01
1.630000e-06	-1.054151e-09	-3.758807e-10	-5.545043e+00	-4.787073e+01
1.640000e-06	-1.005228e-09	-3.566364e-10	-5.287700e+00	-4.536998e+01
1.650000e-06	-9.562377e-10	-3.373802e-10	-5.030000e+00	-4.286596e+01
1.660000e-06	-9.071818e-10	-3.168358e-10	-4.771956e+00	-4.035884e+01
1.670000e-06	-8.580571e-10	-2.964151e-10	-4.513549e+00	-3.784880e+01
1.680000e-06	-8.088737e-10	-2.776575e-10	-4.254834e+00	-3.533603e+01
1.690000e-06	-7.596332e-10	-2.589940e-10	-3.995819e+00	-3.282071e+01
1.700000e-06	-7.103189e-10	-2.381388e-10	-3.736415e+00	-3.030302e+01
1.710000e-06	-6.609186e-10	-2.150109e-10	-3.476559e+00	-2.778313e+01
1.720000e-06	-6.114544e-10	-1.933435e-10	-3.216367e+00	-2.526123e+01
1.730000e-06	-5.619381e-10	-1.743703e-10	-2.955901e+00	-2.273751e+01
1.740000e-06	-5.123441e-10	-1.558541e-10	-2.695026e+00	-2.021215e+01
1.750000e-06	-4.626427e-10	-1.373586e-10	-2.433586e+00	-1.768532e+01
1.760000e-06	-4.128745e-10	-1.171820e-10	-2.171794e+00	-1.515721e+01
1.770000e-06	-3.630888e-10	-9.489857e-11	-1.909911e+00	-1.262800e+01
1.780000e-06	-3.132645e-10	-7.262010e-11	-1.647825e+00	-1.009788e+01
1.790000e-06	-2.633925e-10	-5.197097e-11	-1.385488e+00	-7.567025e+00
1.800000e-06	-2.134805e-10	-3.218505e-11	-1.122940e+00	-5.035619e+00
1.810000e-06	-1.635499e-10	-1.232057e-11	-8.602946e-01	-2.503844e+00
1.820000e-06	-1.136280e-10	6.320579e-12	-5.976948e-01	2.811552e-02
1.830000e-06	-6.371438e-11	2.506796e-11	-3.351387e-01	2.560078e+00
1.840000e-06	-1.379909e-11	4.706341e-11	-7.257380e-02	5.091861e+00
1.850000e-06	3.611505e-11	7.209454e-11	1.899852e-01	7.623281e+00
1.860000e-06	8.600708e-11	9.625225e-11	4.524280e-01	1.015416e+01
1.870000e-06	1.358731e-10	1.172886e-10	7.147341e-01	1.268430e+01
1.880000e-06	1.857314e-10	1.366927e-10	9.769989e-01	1.521354e+01
1.890000e-06	2.355824e-10	1.571122e-10	1.239226e+00	1.774169e+01
1.900000e-06	2.854210e-10	1.792442e-10	1.501387e+00	2.026856e+01
1.910000e-06	3.352140e-10	2.018612e-10	1.763309e+00	2.279397e+01
1.920000e-06	3.849544e-10	2.240850e-10	2.024954e+00	2.531775e+01
1.930000e-06	4.346623e-10	2.460231e-10	2.286428e+00	2.783970e+01
1.940000e-06	4.842924e-10	2.673976e-10	2.547493e+00	3.035965e+01
1.950000e-06	5.338272e-10	2.877698e-10	2.808056e+00	3.287741e+01
1.960000e-06	5.832875e-10	3.073182e-10	3.068228e+00	3.539281e+01
1.970000e-06	6.326830e-10	3.260027e-10	3.328059e+00	3.790566e+01
1.980000e-06	6.820059e-10	3.455313e-10	3.587508e+00	4.041578e+01
1.990000e-06	7.312595e-10	3.671346e-10	3.846592e+00	4.292300e+01
2.000000e-06	7.804484e-10	3.890530e-10	4.105336e+00	4.542712e+01
2.010000e-06	8.295600e-10	4.093177e-10	4.363673e+00	4.792796e+01
2.020000e-06	8.786033e-10	4.275782e-10	4.621652e+00	5.042536e+01
2.030000e-06	9.275789e-10	4.463489e-10	4.879274e+00	5.291913e+01
2.040000e-06	9.764802e-10	4.673201e-10	5.136505e+00	5.540908e+01
2.050000e-06	1.025317e-09	4.889902e-10	5.393399e+00	5.789504e+01
2.060000e-06	1.074102e-09	5.100036e-10	5.650016e+00	6.037683e+01
2.070000e-06	1.122830e-09	5.294118e-10	5.906337e+00	6.285427e+01
2.080000e-06	1.171497e-09	5.488664e-10	6.162336e+00	6.532718e+01
2.090000e-06	1.220105e-09	5.697828e-10	6.418025e+00	6.779539e+01
2.100000e-06	1.268666e-09	5.904736e-10	6.673464e+00	7.025871e+01
2.110000e-06	1.317181e-09	6.102875e-10	6.928667e+00	7.271697e+01
2.120000e-06	1.365644e-09	6.301420e-10	7.183590e+00	7.516998e+01
2.130000e-06	1.414052e-09	6.512420e-10	7.438231e+00	7.761759e+01
2.140000e-06	1.462410e-09	6.725095e-10	7.692601e+00	8.005959e+01
2.150000e-06	1.510702e-09	6.931472e-10	7.946630e+00	8.249583e+01
2.160000e-06	1.558904e-09	7.126641e-10	8.200182e+00	8.492612e+01
2.170000e-06	1.607013e-09	7.316673e-10	8.453247e+00	8.735030e+01
2.180000e-06	1.655029e-09	7.515855e-10	8.705819e+00	8.976817e+01
2.190000e-06	1.702914e-09	7.714175e-10	8.957704e+00	9.217958e+01
2.200000e-06	1.750641e-09	7.904958e-10	9.208760e+00	9.458435e+01
2.210000e-06	1.798225e-09	8.090709e-10	9.459060e+00	9.698229e+01
2.220000e-06	1.845654e-09	8.284197e-10	9.708550e+00	9.937325e+01
2.230000e-06	1.892896e-09	8.485009e-10	9.957052e+00	1.017570e+02
2.240000e-06	1.939987e-09	8.684207e-10	1.020476e+01	1.041335e+02
2.250000e-06	1.986956e-09	8.872959e-10	1.045183e+01	1.065025e+02
2.260000e-06	2.033784e-09	9.064060e-10	1.069816e+01	1.088637e+02
2.270000e-06	2.080483e-09	9.289476e-10	1.094380e+01	1.112172e+02
2.280000e-06	2.127065e-09	9.529873e-10	1.118883e+01	1.135626e+02
2.290000e-06	2.173528e-09	9.735696e-10	1.143324e+01	1.158998e+02
2.300000e-06	2.219866e-09	9.895064e-10	1.167699e+01	1.182287e+02
2.310000e-06	2.266074e-09	1.004076e-09	1.192005e+01	1.205490e+02
2.320000e-06	2.312136e-09	1.020630e-09	1.216234e+01	1.228607e+02
2.330000e-06	2.358017e-09	1.039799e-09	1.240369e+01	1.251635e+02
2.340000e-06	2.403688e-09	1.060125e-09	1.264393e+01	1.274573e+02
2.350000e-06	2.449161e-09	1.081992e-09	1.288313e+01	1.297419e+02
2.360000e-06	2.494425e-09	1.105707e-09	1.312122e+01	1.320171e+02
2.370000e-06	2.539488e-09	1.128490e-09	1.335826e+01	1.342828e+02
2.380000e-06	2.584393e-09	1.148040e-09	1.359448e+01	1.365389e+02
2.390000e-06	2.629162e-09	1.162625e-09	1.382997e+01	1.387851e+02
2.400000e-06	2.673816e-09	1.174212e-09	1.406486e+01	1.410213e+02
2.410000e-06	2.718376e-09	1.189068e-09	1.429926e+01	1.432473e+02
2.420000e-06	2.762866e-09	1.210956e-09	1.453328e+01	1.454630e+02
2.430000e-06	2.807285e-09	1.235229e-09	1.476693e+01	1.476682e+02
2.440000e-06	2.851595e-09	1.257021e-09	1.500002e+01	1.498628e+02
2.450000e-06	2.895746e-09	1.275727e-09	1.523226e+01	1.520466e+02
2.460000e-06	2.939697e-09	1.292638e-09	1.546345e+01	1.542194e+02
2.470000e-06	2.983387e-09	1.308307e-09	1.569327e+01	1.563811e+02
2.480000e-06	3.026721e-09	1.322255e-09	1.592121e+01	1.585315e+02
2.490000e-06	3.069652e-09	1.336292e-09	1.614704e+01	1.606705e+02
2.500000e-06	3.112168e-09	1.353254e-09	1.637069e+01	1.627979e+02
2.510000e-06	3.154262e-09	1.374792e-09	1.659211e+01	1.649135e+02
2.520000e-06	3.195956e-09	1.398484e-09	1.681143e+01	1.670173e+02
2.530000e-06	3.237303e-09	1.419711e-09	1.702892e+01	1.691090e+02
2.540000e-06	3.278369e-09	1.437744e-09	1.724493e+01	1.711886e+02
2.550000e-06	3.319230e-09	1.454505e-09	1.745988e+01	1.732558e+02
2.560000e-06	3.359934e-09	1.470219e-09	1.767399e+01	1.753105e+02
2.570000e-06	3.400507e-09	1.484758e-09	1.788741e+01	1.773526e+02
2.580000e-06	3.440951e-09	1.499701e-09	1.810016e+01	1.793818e+02
2.590000e-06	3.481255e-09	1.515815e-09	1.831216e+01	1.813982e+02
2.600000e-06	3.521385e-09	1.533652e-09	1.852325e+01	1.834015e+02
2.610000e-06	3.561281e-09	1.553363e-09	1.873312e+01	1.853915e+02
2.620000e-06	3.600899e-09	1.571996e-09	1.894151e+01	1.873682e+02
2.630000e-06	3.640224e-09	1.588844e-09	1.914837e+01	1.893314e+02
2.640000e-06	3.679253e-09	1.604211e-09	1.935367e+01	1.912809e+02
2.650000e-06	3.718015e-09	1.618494e-09	1.955757e+01	1.932166e+02
2.660000e-06	3.756562e-09	1.632776e-09	1.976034e+01	1.951384e+02
2.670000e-06	3.794887e-09	1.648167e-09	1.996193e+01	1.970461e+02
2.680000e-06	3.832965e-09	1.666064e-09	2.016223e+01	1.989397e+02
2.690000e-06	3.870756e-09	1.684636e-09	2.036102e+01	2.008188e+02
2.700000e-06	3.908248e-09	1.700671e-09	2.055824e+01	2.026835e+02
2.710000e-06	3.945452e-09	1.714796e-09	2.075394e+01	2.045336e+02
2.720000e-06	3.982395e-09	1.728722e-09	2.094826e+01	2.063690e+02
2.730000e-06	4.019136e-09	1.744771e-09	2.114153e+01	2.081894e+02
2.740000e-06	4.055714e-09	1.762578e-09	2.133394e+01	2.099949e+02
2.750000e-06	4.092149e-09	1.779490e-09	2.152560e+01	2.117852e+02
2.760000e-06	4.128414e-09	1.796068e-09	2.171636e+01	2.135602e+02
2.770000e-06	4.164440e-09	1.812048e-09	2.190586e+01	2.153199e+02
2.780000e-06	4.200108e-09	1.826159e-09	2.209348e+01	2.170640e+02
2.790000e-06	4.235312e-09	1.837822e-09	2.227866e+01	2.187924e+02
2.800000e-06	4.269993e-09	1.848120e-09	2.246109e+01	2.205051e+02
2.810000e-06	4.304132e-09	1.859477e-09	2.264067e+01	2.222019e+02
2.820000e-06	4.337768e-09	1.874326e-09	2.281760e+01	2.238827e+02
2.830000e-06	4.370981e-09	1.891321e-09	2.299231e+01	2.255473e+02
2.840000e-06	4.403882e-09	1.907677e-09	2.316537e+01	2.271957e+02
2.850000e-06	4.436571e-09	1.922502e-09	2.333733e+01	2.288276e+02
2.860000e-06	4.469089e-09	1.935568e-09	2.350838e+01	2.304431e+02
2.870000e-06	4.501422e-09	1.947988e-09	2.367846e+01	2.320420e+02
2.880000e-06	4.533518e-09	1.959122e-09	2.384729e+01	2.336241e+02
2.890000e-06	4.565306e-09	1.969486e-09	2.401450e+01	2.351894e+02
2.900000e-06	4.596738e-09	1.982923e-09	2.417984e+01	2.367377e+02
2.910000e-06	4.627795e-09	1.999363e-09	2.434321e+01	2.382690e+02
2.920000e-06	4.658505e-09	2.016386e-09	2.450475e+01	2.397831e+02
2.930000e-06	4.688920e-09	2.031663e-09	2.466474e+01	2.412799e+02
2.940000e-06	4.719056e-09	2.043291e-09	2.482326e+01	2.427593e+02
2.950000e-06	4.748891e-09	2.051873e-09	2.498020e+01	2.442211e+02
2.960000e-06	4.778395e-09	2.061045e-09	2.513540e+01	2.456654e+02
2.970000e-06	4.807563e-09	2.072953e-09	2.528882e+01	2.470920e+02
2.980000e-06	4.836436e-09	2.085793e-09	2.544071e+01	2.485007e+02
2.990000e-06	4.865094e-09	2.097417e-09	2.559145e+01	2.498916e+02
3.000000e-06	4.893579e-09	2.108308e-09	2.574129e+01	2.512644e+02
3.010000e-06	4.921865e-09	2.120018e-09	2.589008e+01	2.526191e+02
3.020000e-06	4.949849e-09	2.131939e-09	2.603728e+01	2.539556e+02
3.030000e-06	4.977381e-09	2.142865e-09	2.618210e+01	2.552737e+02
3.040000e-06	5.004321e-09	2.151676e-09	2.632381e+01	2.565735e+02
3.050000e-06	5.030600e-09	2.159857e-09	2.646204e+01	2.578547e+02
3.060000e-06	5.056255e-09	2.170545e-09	2.659700e+01	2.591174e+02
3.070000e-06	5.081414e-09	2.181917e-09	2.672934e+01	2.603614e+02
3.080000e-06	5.106230e-09	2.191096e-09	2.685987e+01	2.615866e+02
3.090000e-06	5.130796e-09	2.198696e-09	2.698910e+01	2.627930e+02
3.100000e-06	5.155106e-09	2.206674e-09	2.711697e+01	2.639804e+02
3.110000e-06	5.179106e-09	2.218105e-09	2.724322e+01	2.651487e+02
3.120000e-06	5.202730e-09	2.231713e-09	2.736748e+01	2.662980e+02
3.130000e-06	5.225958e-09	2.243712e-09	2.748967e+01	2.674280e+02
3.140000e-06	5.248823e-09	2.252570e-09	2.760995e+01	2.685388e+02
3.150000e-06	5.271356e-09	2.260209e-09	2.772848e+01	2.696302e+02
3.160000e-06	5.293561e-09	2.269294e-09	2.784528e+01	2.707021e+02
3.170000e-06	5.315406e-09	2.279521e-09	2.796019e+01	2.717546e+02
3.180000e-06	5.336852e-09	2.288906e-09	2.807300e+01	2.727874e+02
3.190000e-06	5.357912e-09	2.296735e-09	2.818378e+01	2.738006e+02
3.200000e-06	5.378678e-09	2.305950e-09	2.829301e+01	2.747940e+02
3.210000e-06	5.399230e-09	2.317620e-09	2.840112e+01	2.757676e+02
3.220000e-06	5.419573e-09	2.328411e-09	2.850813e+01	2.767213e+02
3.230000e-06	5.439625e-09	2.336433e-09	2.861360e+01	2.776551e+02
3.240000e-06	5.459309e-09	2.341983e-09	2.871714e+01	2.785689e+02
3.250000e-06	5.478571e-09	2.348563e-09	2.881847e+01	2.794625e+02
3.260000e-06	5.497384e-09	2.357328e-09	2.891743e+01	2.803360e+02
3.270000e-06	5.515814e-09	2.366208e-09	2.901437e+01	2.811893e+02
3.280000e-06	5.533922e-09	2.373592e-09	2.910963e+01	2.820224e+02
3.290000e-06	5.551750e-09	2.379554e-09	2.920341e+01	2.828350e+02
3.300000e-06	5.569284e-09	2.386882e-09	2.929564e+01	2.836273e+02
3.310000e-06	5.586438e-09	2.395461e-09	2.938587e+01	2.843992e+02
3.320000e-06	5.603110e-09	2.403867e-09	2.947357e+01	2.851505e+02
3.330000e-06	5.619188e-09	2.410884e-09	2.955814e+01	2.858813e+02
3.340000e-06	5.634688e-09	2.416660e-09	2.963967e+01	2.865914e+02
3.350000e-06	5.649681e-09	2.422774e-09	2.971854e+01	2.872809e+02
3.360000e-06	5.664222e-09	2.429632e-09	2.979503e+01	2.879497e+02
3.370000e-06	5.678347e-09	2.435913e-09	2.986933e+01	2.885977e+02
3.380000e-06	5.692027e-09	2.440705e-09	2.994129e+01	2.892249e+02
3.390000e-06	5.705266e-09	2.445364e-09	3.001093e+01	2.898313e+02
3.400000e-06	5.718126e-09	2.451081e-09	3.007858e+01	2.904167e+02
3.410000e-06	5.730631e-09	2.456772e-09	3.014436e+01	2.909812e+02
3.420000e-06	5.742718e-09	2.461819e-09	3.020794e+01	2.915248e+02
3.430000e-06	5.754271e-09	2.465879e-09	3.026871e+01	2.920473e+02
3.440000e-06	5.765193e-09	2.469185e-09	3.032616e+01	2.925487e+02
3.450000e-06	5.775417e-09	2.472508e-09	3.037994e+01	2.930291e+02
3.460000e-06	5.784998e-09	2.475717e-09	3.043034e+01	2.934883e+02
3.470000e-06	5.794080e-09	2.479174e-09	3.047811e+01	2.939263e+02
3.480000e-06	5.802814e-09	2.482511e-09	3.052406e+01	2.943432e+02
3.490000e-06	5.811297e-09	2.485397e-09	3.056868e+01	2.947388e+02
3.500000e-06	5.819523e-09	2.488407e-09	3.061195e+01	2.951132e+02
3.510000e-06	5.827384e-09	2.491978e-09	3.065330e+01	2.954663e+02
3.520000e-06	5.834811e-09	2.496279e-09	3.069236e+01	2.957981e+02
3.530000e-06	5.841827e-09	2.500934e-09	3.072927e+01	2.961086e+02
3.540000e-06	5.848442e-09	2.504792e-09	3.076407e+01	2.963977e+02
3.550000e-06	5.854662e-09	2.506492e-09	3.079679e+01	2.966655e+02
3.560000e-06	5.860454e-09	2.506818e-09	3.082725e+01	2.969118e+02
3.570000e-06	5.865799e-09	2.508201e-09	3.085537e+01	2.971368e+02
3.580000e-06	5.870775e-09	2.512231e-09	3.088154e+01	2.973403e+02
3.590000e-06	5.875480e-09	2.517620e-09	3.090629e+01	2.975223e+02
3.600000e-06	5.879940e-09	2.522175e-09	3.092975e+01	2.976830e+02
3.610000e-06	5.884092e-09	2.526175e-09	3.095159e+01	2.978221e+02
3.620000e-06	5.887812e-09	2.528979e-09	3.097116e+01	2.979398e+02
3.630000e-06	5.890968e-09	2.529841e-09	3.098776e+01	2.980360e+02
3.640000e-06	5.893474e-09	2.529695e-09	3.100094e+01	2.981107e+02
3.650000e-06	5.895314e-09	2.530441e-09	3.101062e+01	2.981639e+02
3.660000e-06	5.896592e-09	2.532196e-09	3.101735e+01	2.981956e+02
3.670000e-06	5.897495e-09	2.533496e-09	3.102209e+01	2.982058e+02
3.680000e-06	5.898115e-09	2.534644e-09	3.102535e+01	2.981945e+02
3.690000e-06	5.898462e-09	2.534940e-09	3.102718e+01	2.981617e+02
3.700000e-06	5.898466e-09	2.534574e-09	3.102720e+01	2.981074e+02
3.710000e-06	5.898028e-09	2.535526e-09	3.102490e+01	2.980316e+02
3.720000e-06	5.897153e-09	2.536710e-09	3.102029e+01	2.979344e+02
3.730000e-06	5.895893e-09	2.536601e-09	3.101367e+01	2.978156e+02
3.740000e-06	5.894271e-09	2.534093e-09	3.100513e+01	2.976753e+02
3.750000e-06	5.892257e-09	2.534481e-09	3.099454e+01	2.975136e+02
3.760000e-06	5.889827e-09	2.536405e-09	3.098176e+01	2.973305e+02
3.770000e-06	5.886996e-09	2.528257e-09	3.096686e+01	2.971259e+02
3.780000e-06	5.883726e-09	2.520292e-09	3.094966e+01	2.968998e+02
3.790000e-06	5.880027e-09	2.524112e-09	3.093021e+01	2.966524e+02
3.800000e-06	5.876013e-09	2.526287e-09	3.090909e+01	2.963836e+02
3.810000e-06	5.871744e-09	2.522958e-09	3.088664e+01	2.960934e+02
3.820000e-06	5.867042e-09	2.524044e-09	3.086191e+01	2.957818e+02
3.830000e-06	5.861622e-09	2.530011e-09	3.083339e+01	2.954489e+02
3.840000e-06	5.855514e-09	2.528260e-09	3.080126e+01	2.950947e+02
3.850000e-06	5.848944e-09	2.507285e-09	3.076670e+01	2.947193e+02
3.860000e-06	5.842016e-09	2.502059e-09	3.073026e+01	2.943226e+02
3.870000e-06	5.834730e-09	2.507378e-09	3.069193e+01	2.939046e+02
3.880000e-06	5.827128e-09	2.510031e-09	3.065195e+01	2.934655e+02
3.890000e-06	5.819248e-09	2.503528e-09	3.061050e+01	2.930052e+02
3.900000e-06	5.810997e-09	2.503992e-09	3.056709e+01	2.925238e+02
3.910000e-06	5.802276e-09	2.508436e-09	3.052122e+01	2.920213e+02
3.920000e-06	5.793133e-09	2.498914e-09	3.047312e+01	2.914977e+02
3.930000e-06	5.783621e-09	2.482822e-09	3.042309e+01	2.909531e+02
3.940000e-06	5.773689e-09	2.476707e-09	3.037085e+01	2.903875e+02
3.950000e-06	5.763262e-09	2.483425e-09	3.031599e+01	2.898010e+02
3.960000e-06	5.752367e-09	2.484186e-09	3.025869e+01	2.891936e+02
3.970000e-06	5.741084e-09	2.475335e-09	3.019934e+01	2.885653e+02
3.980000e-06	5.729407e-09	2.465494e-09	3.013791e+01	2.879163e+02
3.990000e-06	5.717244e-09	2.461219e-09	3.007393e+01	2.872465e+02
4.000000e-06	5.704557e-09	2.451410e-09	3.000719e+01	2.865559e+02
4.010000e-06	5.691281e-09	2.443357e-09	2.993736e+01	2.858447e+02
4.020000e-06	5.677286e-09	2.441694e-09	2.986374e+01	2.851129e+02
4.030000e-06	5.662628e-09	2.441582e-09	2.978664e+01	2.843605e+02
4.040000e-06	5.647543e-09	2.433511e-09	2.970729e+01	2.835876e+02
4.050000e-06	5.632185e-09	2.427643e-09	2.962650e+01	2.827943e+02
4.060000e-06	5.616565e-09	2.424132e-09	2.954434e+01	2.819806e+02
4.070000e-06	5.600639e-09	2.414442e-09	2.946056e+01	2.811465e+02
4.080000e-06	5.584330e-09	2.401069e-09	2.937478e+01	2.802922e+02
4.090000e-06	5.567586e-09	2.397254e-09	2.928670e+01	2.794176e+02
4.100000e-06	5.550424e-09	2.399112e-09	2.919642e+01	2.785230e+02
4.110000e-06	5.532895e-09	2.393517e-09	2.910422e+01	2.776082e+02
4.120000e-06	5.515016e-09	2.381465e-09	2.901017e+01	2.766734e+02
4.130000e-06	5.496719e-09	2.372499e-09	2.891392e+01	2.757187e+02
4.140000e-06	5.477993e-09	2.363543e-09	2.881542e+01	2.747440e+02
4.150000e-06	5.458941e-09	2.354663e-09	2.871520e+01	2.737496e+02
4.160000e-06	5.439668e-09	2.350260e-09	2.861382e+01	2.727354e+02
4.170000e-06	5.420193e-09	2.347867e-09	2.851138e+01	2.717016e+02
4.180000e-06	5.400471e-09	2.338781e-09	2.840763e+01	2.706482e+02
4.190000e-06	5.380381e-09	2.327328e-09	2.830196e+01	2.695752e+02
4.200000e-06	5.359723e-09	2.319153e-09	2.819329e+01	2.684828e+02
4.210000e-06	5.338396e-09	2.309389e-09	2.808111e+01	2.673711e+02
4.220000e-06	5.316404e-09	2.296940e-09	2.796542e+01	2.662401e+02
4.230000e-06	5.293829e-09	2.289279e-09	2.784668e+01	2.650899e+02
4.240000e-06	5.270832e-09	2.285185e-09	2.772570e+01	2.639205e+02
4.250000e-06	5.247557e-09	2.278195e-09	2.760327e+01	2.627322e+02
4.260000e-06	5.224072e-09	2.265769e-09	2.747974e+01	2.615248e+02
4.270000e-06	5.200332e-09	2.251762e-09	2.735486e+01	2.602987e+02
4.280000e-06	5.176251e-09	2.236988e-09	2.722819e+01	2.590537e+02
4.290000e-06	5.151781e-09	2.224874e-09	2.709947e+01	2.577901e+02
4.300000e-06	5.126930e-09	2.218362e-09	2.696875e+01	2.565079e+02
4.310000e-06	5.101742e-09	2.212773e-09	2.683626e+01	2.552072e+02
4.320000e-06	5.076235e-09	2.201864e-09	2.670208e+01	2.538881e+02
4.330000e-06	5.050351e-09	2.188279e-09	2.656593e+01	2.525507e+02
4.340000e-06	5.024052e-09	2.176174e-09	2.642759e+01	2.511951e+02
4.350000e-06	4.997363e-09	2.162414e-09	2.628720e+01	2.498214e+02
4.360000e-06	4.970354e-09	2.149052e-09	2.614513e+01	2.484296e+02
4.370000e-06	4.943121e-09	2.139100e-09	2.600187e+01	2.470200e+02
4.380000e-06	4.915693e-09	2.131603e-09	2.585760e+01	2.455925e+02
4.390000e-06	4.888038e-09	2.122256e-09	2.571213e+01	2.441473e+02
4.400000e-06	4.860081e-09	2.110690e-09	2.556506e+01	2.426845e+02
4.410000e-06	4.831730e-09	2.097507e-09	2.541593e+01	2.412042e+02
4.420000e-06	4.802861e-09	2.083782e-09	2.526408e+01	2.397066e+02
4.430000e-06	4.773393e-09	2.071925e-09	2.510907e+01	2.381916e+02
4.440000e-06	4.743344e-09	2.063963e-09	2.495100e+01	2.366595e+02
4.450000e-06	4.712795e-09	2.055060e-09	2.479031e+01	2.351103e+02
4.460000e-06	4.681857e-09	2.044800e-09	2.462757e+01	2.335441e+02
4.470000e-06	4.650643e-09	2.033758e-09	2.446337e+01	2.319611e+02
4.480000e-06	4.619227e-09	2.021369e-09	2.429812e+01	2.303614e+02
4.490000e-06	4.587608e-09	2.006525e-09	2.413180e+01	2.287451e+02
4.500000e-06	4.555717e-09	1.991804e-09	2.396404e+01	2.271123e+02
4.510000e-06	4.523483e-09	1.978856e-09	2.379448e+01	2.254631e+02
4.520000e-06	4.490917e-09	1.967884e-09	2.362318e+01	2.237976e+02
4.530000e-06	4.458053e-09	1.957411e-09	2.345031e+01	2.221160e+02
4.540000e-06	4.424908e-09	1.946106e-09	2.327596e+01	2.204184e+02
4.550000e-06	4.391506e-09	1.932648e-09	2.310026e+01	2.187049e+02
4.560000e-06	4.357823e-09	1.918236e-09	2.292308e+01	2.169757e+02
4.570000e-06	4.323798e-09	1.904308e-09	2.274410e+01	2.152308e+02
4.580000e-06	4.289434e-09	1.891576e-09	2.256334e+01	2.134703e+02
4.590000e-06	4.254764e-09	1.880512e-09	2.238097e+01	2.116945e+02
4.600000e-06	4.219815e-09	1.868807e-09	2.219712e+01	2.099034e+02
4.610000e-06	4.184647e-09	1.855337e-09	2.201214e+01	2.080972e+02
4.620000e-06	4.149313e-09	1.841391e-09	2.182627e+01	2.062760e+02
4.630000e-06	4.113820e-09	1.826603e-09	2.163957e+01	2.044399e+02
4.640000e-06	4.078120e-09	1.811479e-09	2.145178e+01	2.025890e+02
4.650000e-06	4.042132e-09	1.797473e-09	2.126247e+01	2.007236e+02
4.660000e-06	4.005759e-09	1.782828e-09	2.107114e+01	1.988437e+02
4.670000e-06	3.968915e-09	1.767221e-09	2.087734e+01	1.969494e+02
4.680000e-06	3.931586e-09	1.751741e-09	2.068098e+01	1.950410e+02
4.690000e-06	3.893788e-09	1.735949e-09	2.048216e+01	1.931184e+02
4.700000e-06	3.855546e-09	1.718194e-09	2.028100e+01	1.911820e+02
4.710000e-06	3.816921e-09	1.698769e-09	2.007782e+01	1.892318e+02
4.720000e-06	3.777989e-09	1.679952e-09	1.987303e+01	1.872679e+02
4.730000e-06	3.738831e-09	1.663693e-09	1.966705e+01	1.852905e+02
4.740000e-06	3.699510e-09	1.648793e-09	1.946021e+01	1.832998e+02
4.750000e-06	3.660051e-09	1.632073e-09	1.925265e+01	1.812959e+02
4.760000e-06	3.620421e-09	1.611880e-09	1.904419e+01	1.792788e+02
4.770000e-06	3.580571e-09	1.591335e-09	1.883456e+01	1.772489e+02
4.780000e-06	3.540473e-09	1.571847e-09	1.862364e+01	1.752062e+02
4.790000e-06	3.500105e-09	1.553595e-09	1.841130e+01	1.731508e+02
4.800000e-06	3.459472e-09	1.535048e-09	1.819756e+01	1.710830e+02
4.810000e-06	3.418592e-09	1.514739e-09	1.798252e+01	1.690028e+02
4.820000e-06	3.377488e-09	1.495041e-09	1.776631e+01	1.669105e+02
4.830000e-06	3.336197e-09	1.477935e-09	1.754910e+01	1.648061e+02
4.840000e-06	3.294705e-09	1.460760e-09	1.733085e+01	1.626898e+02
4.850000e-06	3.252987e-09	1.442436e-09	1.711140e+01	1.605618e+02
4.860000e-06	3.211036e-09	1.423091e-09	1.689073e+01	1.584222e+02
4.870000e-06	3.168832e-09	1.403830e-09	1.666873e+01	1.562712e+02
4.880000e-06	3.126377e-09	1.385592e-09	1.644541e+01	1.541089e+02
4.890000e-06	3.083675e-09	1.368259e-09	1.622079e+01	1.519356e+02
4.900000e-06	3.040745e-09	1.349572e-09	1.599496e+01	1.497512e+02
4.910000e-06	2.997644e-09	1.327774e-09	1.576824e+01	1.475561e+02
4.920000e-06	2.954406e-09	1.305585e-09	1.554080e+01	1.453503e+02
4.930000e-06	2.911065e-09	1.285276e-09	1.531282e+01	1.431341e+02
4.940000e-06	2.867627e-09	1.266814e-09	1.508432e+01	1.409075e+02
4.950000e-06	2.824071e-09	1.248026e-09	1.485521e+01	1.386708e+02
4.960000e-06	2.780384e-09	1.228557e-09	1.462541e+01	1.364241e+02
4.970000e-06	2.736556e-09	1.209084e-09	1.439486e+01	1.341675e+02
4.980000e-06	2.692556e-09	1.190062e-09	1.416341e+01	1.319013e+02
4.990000e-06	2.648345e-09	1.170355e-09	1.393085e+01	1.296256e+02
5.000000e-06	2.603917e-09	1.149438e-09	1.369715e+01	1.273405e+02
5.010000e-06	2.559271e-09	1.127157e-09	1.346231e+01	1.250463e+02
5.020000e-06	2.514406e-09	1.104718e-09	1.322630e+01	1.227430e+02
5.030000e-06	2.469335e-09	1.085842e-09	1.298922e+01	1.204309e+02
5.040000e-06	2.424070e-09	1.070096e-09	1.275112e+01	1.181101e+02
5.050000e-06	2.378623e-09	1.053219e-09	1.251206e+01	1.157807e+02
5.060000e-06	2.333047e-09	1.033399e-09	1.227232e+01	1.134431e+02
5.070000e-06	2.287371e-09	1.012624e-09	1.203205e+01	1.110972e+02
5.080000e-06	2.241591e-09	9.919145e-10	1.179124e+01	1.087434e+02
5.090000e-06	2.195719e-09	9.701232e-10	1.154994e+01	1.063817e+02
5.100000e-06	2.149766e-09	9.477161e-10	1.130822e+01	1.040123e+02
5.110000e-06	2.103719e-09	9.252424e-10	1.106600e+01	1.016355e+02
5.120000e-06	2.057554e-09	9.052156e-10	1.082316e+01	9.925132e+01
5.130000e-06	2.011293e-09	8.888416e-10	1.057982e+01	9.685999e+01
5.140000e-06	1.964903e-09	8.721501e-10	1.033580e+01	9.446167e+01
5.150000e-06	1.918373e-09	8.522493e-10	1.009104e+01	9.205655e+01
5.160000e-06	1.871731e-09	8.288493e-10	9.845693e+00	8.964480e+01
5.170000e-06	1.824924e-09	8.053159e-10	9.599482e+00	8.722658e+01
5.180000e-06	1.777908e-09	7.821471e-10	9.352167e+00	8.480207e+01
5.190000e-06	1.730703e-09	7.602979e-10	9.103854e+00	8.237146e+01
5.200000e-06	1.683327e-09	7.393644e-10	8.854647e+00	7.993491e+01
5.210000e-06	1.635800e-09	7.187488e-10	8.604646e+00	7.749259e+01
5.220000e-06	1.588128e-09	6.971841e-10	8.353881e+00	7.504469e+01
5.230000e-06	1.540330e-09	6.736401e-10	8.102453e+00	7.259139e+01
5.240000e-06	1.492401e-09	6.496982e-10	7.850339e+00	7.013285e+01
5.250000e-06	1.444306e-09	6.261443e-10	7.597348e+00	6.766926e+01
5.260000e-06	1.396041e-09	6.048674e-10	7.343463e+00	6.520079e+01
5.270000e-06	1.347609e-09	5.861288e-10	7.088704e+00	6.272763e+01
5.280000e-06	1.299039e-09	5.672261e-10	6.833215e+00	6.024995e+01
5.290000e-06	1.250336e-09	5.455988e-10	6.577025e+00	5.776792e+01
5.300000e-06	1.201509e-09	5.225585e-10	6.320185e+00	5.528173e+01
5.310000e-06	1.152597e-09	4.991058e-10	6.062897e+00	5.279156e+01
5.320000e-06	1.103589e-09	4.755780e-10	5.805106e+00	5.029759e+01
5.330000e-06	1.054471e-09	4.524100e-10	5.546733e+00	4.779999e+01
5.340000e-06	1.005287e-09	4.295381e-10	5.288017e+00	4.529896e+01
5.350000e-06	9.560361e-10	4.065616e-10	5.028944e+00	4.279465e+01
5.360000e-06	9.067079e-10	3.842073e-10	4.769467e+00	4.028727e+01
5.370000e-06	8.573243e-10	3.609039e-10	4.509698e+00	3.777698e+01
5.380000e-06	8.078918e-10	3.372813e-10	4.249673e+00	3.526398e+01
5.390000e-06	7.584020e-10	3.136540e-10	3.989346e+00	3.274844e+01
5.400000e-06	7.088508e-10	2.913798e-10	3.728696e+00	3.023053e+01
5.410000e-06	6.592301e-10	2.707647e-10	3.467680e+00	2.771046e+01
5.420000e-06	6.095503e-10	2.497969e-10	3.206354e+00	2.518839e+01
5.430000e-06	5.598381e-10	2.260192e-10	2.944857e+00	2.266450e+01
5.440000e-06	5.100821e-10	2.006535e-10	2.683130e+00	2.013899e+01
5.450000e-06	4.602858e-10	1.768288e-10	2.421190e+00	1.761203e+01
5.460000e-06	4.104699e-10	1.551169e-10	2.159148e+00	1.508380e+01
5.470000e-06	3.606269e-10	1.336536e-10	1.896963e+00	1.255449e+01
5.480000e-06	3.107339e-10	1.108840e-10	1.634515e+00	1.002428e+01
5.490000e-06	2.608106e-10	8.759022e-11	1.371908e+00	7.493347e+00
5.500000e-06	2.108939e-10	6.350352e-11	1.109335e+00	4.961881e+00
5.510000e-06	1.609918e-10	3.874268e-11	8.468397e-01	2.430061e+00
5.520000e-06	1.110889e-10	1.486919e-11	5.843400e-01	-1.019294e-01
5.530000e-06	6.116997e-11	-8.253915e-12	3.217556e-01	-2.633908e+00
5.540000e-06	1.125615e-11	-3.074111e-11	5.919818e-02	-5.165692e+00
5.550000e-06	-3.865515e-11	-5.171088e-11	-2.033460e-01	-7.697099e+00
5.560000e-06	-8.858001e-11	-7.302514e-11	-4.659616e-01	-1.022795e+01
5.570000e-06	-1.385039e-10	-9.556724e-11	-7.285718e-01	-1.275805e+01
5.580000e-06	-1.884294e-10	-1.201628e-10	-9.911909e-01	-1.528723e+01
5.590000e-06	-2.383446e-10	-1.457316e-10	-1.253755e+00	-1.781530e+01
5.600000e-06	-2.882344e-10	-1.700994e-10	-1.516187e+00	-2.034209e+01
5.610000e-06	-3.380954e-10	-1.935083e-10	-1.778466e+00	-2.286740e+01
5.620000e-06	-3.879196e-10	-2.168988e-10	-2.040551e+00	-2.539106e+01
5.630000e-06	-4.376979e-10	-2.395796e-10	-2.302396e+00	-2.791288e+01
5.640000e-06	-4.874195e-10	-2.607359e-10	-2.563942e+00	-3.043269e+01
5.650000e-06	-5.370885e-10	-2.804062e-10	-2.825211e+00	-3.295029e+01
5.660000e-06	-5.867108e-10	-3.006326e-10	-3.086235e+00	-3.546552e+01
5.670000e-06	-6.362780e-10	-3.236801e-10	-3.346970e+00	-3.797818e+01
5.680000e-06	-6.857894e-10	-3.500733e-10	-3.607410e+00	-4.048810e+01
5.690000e-06	-7.352395e-10	-3.765181e-10	-3.867528e+00	-4.299509e+01
5.700000e-06	-7.846262e-10	-4.007692e-10	-4.127313e+00	-4.549898e+01
5.710000e-06	-8.339666e-10	-4.228494e-10	-4.386854e+00	-4.799958e+01
5.720000e-06	-8.832406e-10	-4.438092e-10	-4.646046e+00	-5.049672e+01
5.730000e-06	-9.324397e-10	-4.634730e-10	-4.904843e+00	-5.299021e+01
5.740000e-06	-9.815659e-10	-4.830444e-10	-5.163258e+00	-5.547987e+01
5.750000e-06	-1.030614e-09	-5.034605e-10	-5.421262e+00	-5.796553e+01
5.760000e-06	-1.079565e-09	-5.265496e-10	-5.678754e+00	-6.044700e+01
5.770000e-06	-1.128413e-09	-5.535653e-10	-5.935707e+00	-6.292411e+01
5.780000e-06	-1.177164e-09	-5.802754e-10	-6.192148e+00	-6.539667e+01
5.790000e-06	-1.225779e-09	-6.017283e-10	-6.447869e+00	-6.786451e+01
5.800000e-06	-1.274265e-09	-6.181430e-10	-6.702920e+00	-7.032746e+01
5.810000e-06	-1.322606e-09	-6.352055e-10	-6.957203e+00	-7.278533e+01
5.820000e-06	-1.370767e-09	-6.563763e-10	-7.210537e+00	-7.523794e+01
5.830000e-06	-1.418781e-09	-6.804130e-10	-7.463104e+00	-7.768512e+01
5.840000e-06	-1.466661e-09	-7.040612e-10	-7.714961e+00	-8.012670e+01
5.850000e-06	-1.514393e-09	-7.257467e-10	-7.966040e+00	-8.256249e+01
5.860000e-06	-1.561939e-09	-7.467539e-10	-8.216145e+00	-8.499232e+01
5.870000e-06	-1.609290e-09	-7.684649e-10	-8.465220e+00	-8.741602e+01
5.880000e-06	-1.656461e-09	-7.902140e-10	-8.713351e+00	-8.983341e+01
5.890000e-06	-1.703457e-09	-8.114237e-10	-8.960559e+00	-9.224431e+01
5.900000e-06	-1.750280e-09	-8.327163e-10	-9.206858e+00	-9.464856e+01
5.910000e-06	-1.796916e-09	-8.559027e-10	-9.452170e+00	-9.704597e+01
5.920000e-06	-1.843390e-09	-8.803333e-10	-9.696638e+00	-9.943639e+01
5.930000e-06	-1.889736e-09	-9.039147e-10	-9.940425e+00	-1.018196e+02
5.940000e-06	-1.935946e-09	-9.247619e-10	-1.018350e+01	-1.041955e+02
5.950000e-06	-1.982034e-09	-9.444640e-10	-1.042593e+01	-1.065639e+02
5.960000e-06	-2.028016e-09	-9.671098e-10	-1.066781e+01	-1.089246e+02
5.970000e-06	-2.073897e-09	-9.930261e-10	-1.090915e+01	-1.112774e+02
5.980000e-06	-2.119681e-09	-1.017697e-09	-1.114999e+01	-1.136222e+02
5.990000e-06	-2.165386e-09	-1.037775e-09	-1.139040e+01	-1.159588e+02
6.000000e-06	-2.211025e-09	-1.055222e-09	-1.163048e+01	-1.182870e+02
6.010000e-06	-2.256588e-09	-1.074996e-09	-1.187015e+01	-1.206067e+02
6.020000e-06	-2.302052e-09	-1.097133e-09	-1.210930e+01	-1.229176e+02
6.030000e-06	-2.347417e-09	-1.119885e-09	-1.234793e+01	-1.252197e+02
6.040000e-06	-2.392676e-09	-1.142616e-09	-1.258600e+01	-1.275128e+02
6.050000e-06	-2.437789e-09	-1.164900e-09	-1.282330e+01	-1.297967e+02
6.060000e-06	-2.482738e-09	-1.187977e-09	-1.305975e+01	-1.320712e+02
6.070000e-06	-2.527492e-09	-1.211026e-09	-1.329516e+01	-1.343362e+02
6.080000e-06	-2.572025e-09	-1.230667e-09	-1.352942e+01	-1.365915e+02
6.090000e-06	-2.616354e-09	-1.247464e-09	-1.376259e+01	-1.388369e+02
6.100000e-06	-2.660471e-09	-1.266313e-09	-1.399466e+01	-1.410723e+02
6.110000e-06	-2.704382e-09	-1.288641e-09	-1.422564e+01	-1.432975e+02
6.120000e-06	-2.748121e-09	-1.311917e-09	-1.445572e+01	-1.455124e+02
6.130000e-06	-2.791715e-09	-1.333029e-09	-1.468503e+01	-1.477168e+02
6.140000e-06	-2.835194e-09	-1.351154e-09	-1.491374e+01	-1.499106e+02
6.150000e-06	-2.878586e-09	-1.369784e-09	-1.514199e+01	-1.520935e+02
6.160000e-06	-2.921904e-09	-1.391385e-09	-1.536986e+01	-1.542654e+02
6.170000e-06	-2.965122e-09	-1.412609e-09	-1.559719e+01	-1.564262e+02
6.180000e-06	-3.008197e-09	-1.429873e-09	-1.582377e+01	-1.585758e+02
6.190000e-06	-3.051085e-09	-1.444944e-09	-1.604938e+01	-1.607138e+02
6.200000e-06	-3.093769e-09	-1.462712e-09	-1.627390e+01	-1.628403e+02
6.210000e-06	-3.136223e-09	-1.483362e-09	-1.649722e+01	-1.649551e+02
6.220000e-06	-3.178399e-09	-1.503423e-09	-1.671907e+01	-1.670579e+02
6.230000e-06	-3.220308e-09	-1.520151e-09	-1.693952e+01	-1.691487e+02
6.240000e-06	-3.261995e-09	-1.535899e-09	-1.715881e+01	-1.712273e+02
6.250000e-06	-3.303492e-09	-1.554532e-09	-1.737709e+01	-1.732935e+02
6.260000e-06	-3.344804e-09	-1.575693e-09	-1.759440e+01	-1.753472e+02
6.270000e-06	-3.385905e-09	-1.595546e-09	-1.781060e+01	-1.773883e+02
6.280000e-06	-3.426766e-09	-1.611173e-09	-1.802554e+01	-1.794166e+02
6.290000e-06	-3.467369e-09	-1.625582e-09	-1.823912e+01	-1.814319e+02
6.300000e-06	-3.507699e-09	-1.643605e-09	-1.845126e+01	-1.834341e+02
6.310000e-06	-3.547742e-09	-1.663857e-09	-1.866190e+01	-1.854231e+02
6.320000e-06	-3.587522e-09	-1.681991e-09	-1.887115e+01	-1.873988e+02
6.330000e-06	-3.627104e-09	-1.697594e-09	-1.907936e+01	-1.893609e+02
6.340000e-06	-3.666543e-09	-1.713660e-09	-1.928682e+01	-1.913093e+02
6.350000e-06	-3.705856e-09	-1.733152e-09	-1.949361e+01	-1.932439e+02
6.360000e-06	-3.745032e-09	-1.753574e-09	-1.969969e+01	-1.951646e+02
6.370000e-06	-3.784015e-09	-1.769517e-09	-1.990475e+01	-1.970713e+02
6.380000e-06	-3.822742e-09	-1.780709e-09	-2.010846e+01	-1.989637e+02
6.390000e-06	-3.861145e-09	-1.793241e-09	-2.031046e+01	-2.008417e+02
6.400000e-06	-3.899136e-09	-1.810628e-09	-2.051031e+01	-2.027053e+02
6.410000e-06	-3.936661e-09	-1.829079e-09	-2.070770e+01	-2.045542e+02
6.420000e-06	-3.973690e-09	-1.845726e-09	-2.090247e+01	-2.063884e+02
6.430000e-06	-4.010222e-09	-1.861052e-09	-2.109464e+01	-2.082076e+02
6.440000e-06	-4.046328e-09	-1.877228e-09	-2.128457e+01	-2.100119e+02
6.450000e-06	-4.082117e-09	-1.895073e-09	-2.147283e+01	-2.118010e+02
6.460000e-06	-4.117683e-09	-1.910469e-09	-2.165991e+01	-2.135749e+02
6.470000e-06	-4.153081e-09	-1.921169e-09	-2.184611e+01	-2.153333e+02
6.480000e-06	-4.188321e-09	-1.929154e-09	-2.203148e+01	-2.170762e+02
6.490000e-06	-4.223373e-09	-1.939565e-09	-2.221586e+01	-2.188034e+02
6.500000e-06	-4.258185e-09	-1.954409e-09	-2.239898e+01	-2.205148e+02
6.510000e-06	-4.292690e-09	-1.971931e-09	-2.258049e+01	-2.222104e+02
6.520000e-06	-4.326842e-09	-1.989154e-09	-2.276013e+01	-2.238899e+02
6.530000e-06	-4.360656e-09	-2.005187e-09	-2.293800e+01	-2.255532e+02
6.540000e-06	-4.394173e-09	-2.021800e-09	-2.311430e+01	-2.272003e+02
6.550000e-06	-4.427419e-09	-2.036962e-09	-2.328919e+01	-2.288310e+02
6.560000e-06	-4.460377e-09	-2.047493e-09	-2.346255e+01	-2.304451e+02
6.570000e-06	-4.493000e-09	-2.053604e-09	-2.363415e+01	-2.320427e+02
6.580000e-06	-4.525259e-09	-2.060755e-09	-2.380385e+01	-2.336235e+02
6.590000e-06	-4.557189e-09	-2.074338e-09	-2.397181e+01	-2.351875e+02
6.600000e-06	-4.588871e-09	-2.093332e-09	-2.413846e+01	-2.367344e+02
6.610000e-06	-4.620340e-09	-2.112414e-09	-2.430400e+01	-2.382644e+02
6.620000e-06	-4.651588e-09	-2.127887e-09	-2.446836e+01	-2.397771e+02
6.630000e-06	-4.682571e-09	-2.140355e-09	-2.463134e+01	-2.412725e+02
6.640000e-06	-4.713210e-09	-2.150902e-09	-2.479251e+01	-2.427505e+02
6.650000e-06	-4.743423e-09	-2.159703e-09	-2.495144e+01	-2.442110e+02
6.660000e-06	-4.773113e-09	-2.167991e-09	-2.510761e+01	-2.456539e+02
6.670000e-06	-4.802213e-09	-2.179006e-09	-2.526068e+01	-2.470791e+02
6.680000e-06	-4.830742e-09	-2.195093e-09	-2.541075e+01	-2.484864e+02
6.690000e-06	-4.858812e-09	-2.213158e-09	-2.555841e+01	-2.498758e+02
6.700000e-06	-4.886549e-09	-2.227793e-09	-2.570431e+01	-2.512472e+02
6.710000e-06	-4.914044e-09	-2.235769e-09	-2.584894e+01	-2.526005e+02
6.720000e-06	-4.941351e-09	-2.239360e-09	-2.599258e+01	-2.539355e+02
6.730000e-06	-4.968448e-09	-2.245397e-09	-2.613512e+01	-2.552522e+02
6.740000e-06	-4.995249e-09	-2.258113e-09	-2.627609e+01	-2.565505e+02
6.750000e-06	-5.021670e-09	-2.274373e-09	-2.641507e+01	-2.578303e+02
6.760000e-06	-5.047700e-09	-2.287889e-09	-2.655200e+01	-2.590915e+02
6.770000e-06	-5.073357e-09	-2.297347e-09	-2.668696e+01	-2.603340e+02
6.780000e-06	-5.098672e-09	-2.304852e-09	-2.682012e+01	-2.615577e+02
6.790000e-06	-5.123635e-09	-2.311847e-09	-2.695143e+01	-2.627626e+02
6.800000e-06	-5.148188e-09	-2.318615e-09	-2.708059e+01	-2.639485e+02
6.810000e-06	-5.172353e-09	-2.325444e-09	-2.720770e+01	-2.651154e+02
6.820000e-06	-5.196197e-09	-2.334167e-09	-2.733313e+01	-2.662631e+02
6.830000e-06	-5.219775e-09	-2.345337e-09	-2.745715e+01	-2.673916e+02
6.840000e-06	-5.243141e-09	-2.357171e-09	-2.758006e+01	-2.685008e+02
6.850000e-06	-5.266278e-09	-2.366276e-09	-2.770177e+01	-2.695907e+02
6.860000e-06	-5.289088e-09	-2.370390e-09	-2.782175e+01	-2.706611e+02
6.870000e-06	-5.311429e-09	-2.372593e-09	-2.793927e+01	-2.717120e+02
6.880000e-06	-5.333206e-09	-2.376484e-09	-2.805382e+01	-2.727433e+02
6.890000e-06	-5.354379e-09	-2.384290e-09	-2.816519e+01	-2.737549e+02
6.900000e-06	-5.374939e-09	-2.395472e-09	-2.827334e+01	-2.747468e+02
6.910000e-06	-5.394979e-09	-2.405596e-09	-2.837876e+01	-2.757188e+02
6.920000e-06	-5.414664e-09	-2.412327e-09	-2.848230e+01	-2.766710e+02
6.930000e-06	-5.434119e-09	-2.417653e-09	-2.858464e+01	-2.776032e+02
6.940000e-06	-5.453359e-09	-2.424378e-09	-2.868585e+01	-2.785153e+02
6.950000e-06	-5.472310e-09	-2.431809e-09	-2.878554e+01	-2.794074e+02
6.960000e-06	-5.490881e-09	-2.438158e-09	-2.888322e+01	-2.802793e+02
6.970000e-06	-5.509025e-09	-2.443325e-09	-2.897867e+01	-2.811310e+02
6.980000e-06	-5.526781e-09	-2.448397e-09	-2.907207e+01	-2.819624e+02
6.990000e-06	-5.544214e-09	-2.455458e-09	-2.916376e+01	-2.827735e+02
7.000000e-06	-5.561297e-09	-2.463201e-09	-2.925363e+01	-2.835642e+02
7.010000e-06	-5.577977e-09	-2.469123e-09	-2.934137e+01	-2.843344e+02
7.020000e-06	-5.594233e-09	-2.472956e-09	-2.942688e+01	-2.850841e+02
7.030000e-06	-5.610101e-09	-2.476495e-09	-2.951035e+01	-2.858133e+02
7.040000e-06	-5.625681e-09	-2.481911e-09	-2.959230e+01	-2.865218e+02
7.050000e-06	-5.641026e-09	-2.487798e-09	-2.967302e+01	-2.872096e+02
7.060000e-06	-5.656068e-09	-2.490824e-09	-2.975214e+01	-2.878768e+02
7.070000e-06	-5.670659e-09	-2.491653e-09	-2.982889e+01	-2.885232e+02
7.080000e-06	-5.684630e-09	-2.493805e-09	-2.990238e+01	-2.891487e+02
7.090000e-06	-5.697875e-09	-2.499469e-09	-2.997205e+01	-2.897534e+02
7.100000e-06	-5.710434e-09	-2.507008e-09	-3.003812e+01	-2.903372e+02
7.110000e-06	-5.722477e-09	-2.511002e-09	-3.010147e+01	-2.909000e+02
7.120000e-06	-5.734127e-09	-2.510729e-09	-3.016275e+01	-2.914419e+02
7.130000e-06	-5.745427e-09	-2.510416e-09	-3.022219e+01	-2.919627e+02
7.140000e-06	-5.756330e-09	-2.514074e-09	-3.027954e+01	-2.924625e+02
7.150000e-06	-5.766767e-09	-2.520318e-09	-3.033444e+01	-2.929412e+02
7.160000e-06	-5.776766e-09	-2.524849e-09	-3.038704e+01	-2.933988e+02
7.170000e-06	-5.786400e-09	-2.526619e-09	-3.043772e+01	-2.938351e+02
7.180000e-06	-5.795698e-09	-2.527663e-09	-3.048662e+01	-2.942503e+02
7.190000e-06	-5.804613e-09	-2.529119e-09	-3.053352e+01	-2.946443e+02
7.200000e-06	-5.813097e-09	-2.529309e-09	-3.057815e+01	-2.950170e+02
7.210000e-06	-5.821151e-09	-2.528113e-09	-3.062051e+01	-2.953684e+02
7.220000e-06	-5.828858e-09	-2.528343e-09	-3.066105e+01	-2.956985e+02
7.230000e-06	-5.836315e-09	-2.532836e-09	-3.070028e+01	-2.960073e+02
7.240000e-06	-5.843504e-09	-2.540669e-09	-3.073809e+01	-2.962947e+02
7.250000e-06	-5.850332e-09	-2.545759e-09	-3.077401e+01	-2.965608e+02
7.260000e-06	-5.856670e-09	-2.545055e-09	-3.080735e+01	-2.968054e+02
7.270000e-06	-5.862396e-09	-2.542176e-09	-3.083747e+01	-2.970287e+02
7.280000e-06	-5.867478e-09	-2.542347e-09	-3.086420e+01	-2.972305e+02
7.290000e-06	-5.871930e-09	-2.545737e-09	-3.088762e+01	-2.974109e+02
7.300000e-06	-5.875871e-09	-2.549325e-09	-3.090835e+01	-2.975698e+02
7.310000e-06	-5.879479e-09	-2.552137e-09	-3.092733e+01	-2.977073e+02
7.320000e-06	-5.882841e-09	-2.554676e-09	-3.094501e+01	-2.978232e+02
7.330000e-06	-5.885937e-09	-2.556938e-09	-3.096130e+01	-2.979177e+02
7.340000e-06	-5.888648e-09	-2.558155e-09	-3.097556e+01	-2.979907e+02
7.350000e-06	-5.890911e-09	-2.556619e-09	-3.098747e+01	-2.980422e+02
7.360000e-06	-5.892776e-09	-2.554189e-09	-3.099727e+01	-2.980722e+02
7.370000e-06	-5.894299e-09	-2.554825e-09	-3.100529e+01	-2.980808e+02
7.380000e-06	-5.895506e-09	-2.558204e-09	-3.101163e+01	-2.980678e+02
7.390000e-06	-5.896246e-09	-2.560869e-09	-3.101552e+01	-2.980333e+02
