# Temperatura_=_20.0
# Concentracion g/m^3_=_10000.0
# C_Vs_to_Am_M_A/Vsm_=_116720831517.84952
# pendiente_HvsI_1/m_=_3716.3
# ordenada_HvsI_A/m_=_1297.0
# frecuencia_Hz_=_115283.95408814511
# Promedio de 27 ciclos

Tiempo_(s)	Campo_(V.s)	Magnetizacion_(V.s)	Campo_(kA/m)	Magnetizacion_(A/m)
0.000000e+00	-1.141703e-08	-5.069780e-09	-5.325515e+01	-6.064291e+02
1.000000e-08	-1.141695e-08	-5.069310e-09	-5.325478e+01	-6.063985e+02
2.000000e-08	-1.141655e-08	-5.068859e-09	-5.325291e+01	-6.063362e+02
3.000000e-08	-1.141576e-08	-5.066459e-09	-5.324924e+01	-6.062420e+02
4.000000e-08	-1.141441e-08	-5.062602e-09	-5.324293e+01	-6.061160e+02
5.000000e-08	-1.141229e-08	-5.059968e-09	-5.323304e+01	-6.059581e+02
6.000000e-08	-1.140930e-08	-5.059866e-09	-5.321908e+01	-6.057685e+02
7.000000e-08	-1.140559e-08	-5.057448e-09	-5.320177e+01	-6.055470e+02
8.000000e-08	-1.140141e-08	-5.048466e-09	-5.318228e+01	-6.052938e+02
9.000000e-08	-1.139681e-08	-5.041612e-09	-5.316085e+01	-6.050087e+02
1.000000e-07	-1.139158e-08	-5.051584e-09	-5.313643e+01	-6.046919e+02
1.100000e-07	-1.138539e-08	-5.069043e-09	-5.310755e+01	-6.043434e+02
1.200000e-07	-1.137817e-08	-5.064943e-09	-5.307390e+01	-6.039631e+02
1.300000e-07	-1.137030e-08	-5.031875e-09	-5.303717e+01	-6.035512e+02
1.400000e-07	-1.136222e-08	-5.000509e-09	-5.299947e+01	-6.031075e+02
1.500000e-07	-1.135394e-08	-5.022943e-09	-5.296089e+01	-6.026322e+02
1.600000e-07	-1.134516e-08	-5.038200e-09	-5.291989e+01	-6.021252e+02
1.700000e-07	-1.133571e-08	-4.998745e-09	-5.287585e+01	-6.015866e+02
1.800000e-07	-1.132577e-08	-5.014166e-09	-5.282945e+01	-6.010164e+02
1.900000e-07	-1.131513e-08	-5.044150e-09	-5.277983e+01	-6.004147e+02
2.000000e-07	-1.130355e-08	-5.003683e-09	-5.272582e+01	-5.997815e+02
2.100000e-07	-1.129136e-08	-4.968146e-09	-5.266898e+01	-5.991168e+02
2.200000e-07	-1.127874e-08	-4.997390e-09	-5.261008e+01	-5.984206e+02
2.300000e-07	-1.126540e-08	-4.999104e-09	-5.254788e+01	-5.976930e+02
2.400000e-07	-1.125133e-08	-4.931569e-09	-5.248225e+01	-5.969340e+02
2.500000e-07	-1.123669e-08	-4.954410e-09	-5.241393e+01	-5.961437e+02
2.600000e-07	-1.122124e-08	-4.999424e-09	-5.234190e+01	-5.953220e+02
2.700000e-07	-1.120475e-08	-4.948118e-09	-5.226495e+01	-5.944692e+02
2.800000e-07	-1.118751e-08	-4.918884e-09	-5.218455e+01	-5.935851e+02
2.900000e-07	-1.116978e-08	-4.941950e-09	-5.210183e+01	-5.926698e+02
3.000000e-07	-1.115154e-08	-4.928137e-09	-5.201675e+01	-5.917235e+02
3.100000e-07	-1.113289e-08	-4.903493e-09	-5.192977e+01	-5.907460e+02
3.200000e-07	-1.111375e-08	-4.926704e-09	-5.184046e+01	-5.897376e+02
3.300000e-07	-1.109398e-08	-4.908967e-09	-5.174826e+01	-5.886982e+02
3.400000e-07	-1.107376e-08	-4.864488e-09	-5.165397e+01	-5.876278e+02
3.500000e-07	-1.105323e-08	-4.880238e-09	-5.155818e+01	-5.865267e+02
3.600000e-07	-1.103217e-08	-4.880590e-09	-5.145997e+01	-5.853947e+02
3.700000e-07	-1.101053e-08	-4.838156e-09	-5.135900e+01	-5.842320e+02
3.800000e-07	-1.098837e-08	-4.832987e-09	-5.125564e+01	-5.830386e+02
3.900000e-07	-1.096565e-08	-4.845285e-09	-5.114964e+01	-5.818147e+02
4.000000e-07	-1.094232e-08	-4.840719e-09	-5.104083e+01	-5.805601e+02
4.100000e-07	-1.091847e-08	-4.837036e-09	-5.092959e+01	-5.792751e+02
4.200000e-07	-1.089417e-08	-4.817402e-09	-5.081625e+01	-5.779597e+02
4.300000e-07	-1.086939e-08	-4.790117e-09	-5.070067e+01	-5.766139e+02
4.400000e-07	-1.084402e-08	-4.791217e-09	-5.058233e+01	-5.752379e+02
4.500000e-07	-1.081783e-08	-4.787953e-09	-5.046015e+01	-5.738316e+02
4.600000e-07	-1.079075e-08	-4.765720e-09	-5.033386e+01	-5.723953e+02
4.700000e-07	-1.076303e-08	-4.749966e-09	-5.020453e+01	-5.709288e+02
4.800000e-07	-1.073484e-08	-4.735198e-09	-5.007305e+01	-5.694324e+02
4.900000e-07	-1.070628e-08	-4.725753e-09	-4.993980e+01	-5.679061e+02
5.000000e-07	-1.067728e-08	-4.722089e-09	-4.980456e+01	-5.663500e+02
5.100000e-07	-1.064774e-08	-4.699472e-09	-4.966673e+01	-5.647642e+02
5.200000e-07	-1.061761e-08	-4.673415e-09	-4.952623e+01	-5.631487e+02
5.300000e-07	-1.058699e-08	-4.669756e-09	-4.938337e+01	-5.615036e+02
5.400000e-07	-1.055584e-08	-4.664477e-09	-4.923808e+01	-5.598290e+02
5.500000e-07	-1.052414e-08	-4.648577e-09	-4.909024e+01	-5.581251e+02
5.600000e-07	-1.049198e-08	-4.627386e-09	-4.894022e+01	-5.563918e+02
5.700000e-07	-1.045941e-08	-4.603252e-09	-4.878827e+01	-5.546294e+02
5.800000e-07	-1.042628e-08	-4.588832e-09	-4.863374e+01	-5.528378e+02
5.900000e-07	-1.039244e-08	-4.582308e-09	-4.847589e+01	-5.510172e+02
6.000000e-07	-1.035784e-08	-4.568555e-09	-4.831452e+01	-5.491677e+02
6.100000e-07	-1.032258e-08	-4.546371e-09	-4.815005e+01	-5.472893e+02
6.200000e-07	-1.028681e-08	-4.528498e-09	-4.798317e+01	-5.453822e+02
6.300000e-07	-1.025057e-08	-4.514639e-09	-4.781413e+01	-5.434464e+02
6.400000e-07	-1.021385e-08	-4.501556e-09	-4.764285e+01	-5.414822e+02
6.500000e-07	-1.017666e-08	-4.484658e-09	-4.746937e+01	-5.394894e+02
6.600000e-07	-1.013896e-08	-4.462067e-09	-4.729353e+01	-5.374684e+02
6.700000e-07	-1.010072e-08	-4.442900e-09	-4.711517e+01	-5.354192e+02
6.800000e-07	-1.006193e-08	-4.429670e-09	-4.693421e+01	-5.333418e+02
6.900000e-07	-1.002261e-08	-4.415164e-09	-4.675081e+01	-5.312364e+02
7.000000e-07	-9.982838e-09	-4.393425e-09	-4.656529e+01	-5.291032e+02
7.100000e-07	-9.942659e-09	-4.368478e-09	-4.637787e+01	-5.269421e+02
7.200000e-07	-9.902069e-09	-4.346249e-09	-4.618854e+01	-5.247534e+02
7.300000e-07	-9.860950e-09	-4.329114e-09	-4.599674e+01	-5.225371e+02
7.400000e-07	-9.819202e-09	-4.313423e-09	-4.580200e+01	-5.202934e+02
7.500000e-07	-9.776816e-09	-4.293589e-09	-4.560429e+01	-5.180224e+02
7.600000e-07	-9.733830e-09	-4.270815e-09	-4.540378e+01	-5.157242e+02
7.700000e-07	-9.690294e-09	-4.250237e-09	-4.520070e+01	-5.133989e+02
7.800000e-07	-9.646236e-09	-4.233093e-09	-4.499520e+01	-5.110466e+02
7.900000e-07	-9.601685e-09	-4.213671e-09	-4.478738e+01	-5.086676e+02
8.000000e-07	-9.556669e-09	-4.188770e-09	-4.457741e+01	-5.062618e+02
8.100000e-07	-9.511190e-09	-4.162940e-09	-4.436526e+01	-5.038294e+02
8.200000e-07	-9.465229e-09	-4.142231e-09	-4.415088e+01	-5.013705e+02
8.300000e-07	-9.418767e-09	-4.124955e-09	-4.393415e+01	-4.988854e+02
8.400000e-07	-9.371823e-09	-4.106013e-09	-4.371518e+01	-4.963740e+02
8.500000e-07	-9.324456e-09	-4.084248e-09	-4.349424e+01	-4.938366e+02
8.600000e-07	-9.276646e-09	-4.061658e-09	-4.327122e+01	-4.912733e+02
8.700000e-07	-9.228330e-09	-4.041612e-09	-4.304586e+01	-4.886841e+02
8.800000e-07	-9.179500e-09	-4.021261e-09	-4.281809e+01	-4.860693e+02
8.900000e-07	-9.130170e-09	-3.997143e-09	-4.258798e+01	-4.834290e+02
9.000000e-07	-9.080300e-09	-3.971255e-09	-4.235536e+01	-4.807632e+02
9.100000e-07	-9.029831e-09	-3.947200e-09	-4.211995e+01	-4.780723e+02
9.200000e-07	-8.978713e-09	-3.927254e-09	-4.188150e+01	-4.753562e+02
9.300000e-07	-8.926957e-09	-3.907076e-09	-4.164009e+01	-4.726152e+02
9.400000e-07	-8.874628e-09	-3.881835e-09	-4.139600e+01	-4.698493e+02
9.500000e-07	-8.821788e-09	-3.855147e-09	-4.114952e+01	-4.670588e+02
9.600000e-07	-8.768474e-09	-3.833913e-09	-4.090084e+01	-4.642438e+02
9.700000e-07	-8.714702e-09	-3.815706e-09	-4.065002e+01	-4.614044e+02
9.800000e-07	-8.660474e-09	-3.792818e-09	-4.039707e+01	-4.585407e+02
9.900000e-07	-8.605785e-09	-3.765821e-09	-4.014197e+01	-4.556530e+02
1.000000e-06	-8.550692e-09	-3.738988e-09	-3.988498e+01	-4.527413e+02
1.010000e-06	-8.495238e-09	-3.715302e-09	-3.962632e+01	-4.498059e+02
1.020000e-06	-8.439429e-09	-3.692699e-09	-3.936599e+01	-4.468469e+02
1.030000e-06	-8.383268e-09	-3.666130e-09	-3.910402e+01	-4.438643e+02
1.040000e-06	-8.326723e-09	-3.636873e-09	-3.884027e+01	-4.408585e+02
1.050000e-06	-8.269770e-09	-3.608015e-09	-3.857461e+01	-4.378295e+02
1.060000e-06	-8.212340e-09	-3.583518e-09	-3.830672e+01	-4.347776e+02
1.070000e-06	-8.154345e-09	-3.562825e-09	-3.803620e+01	-4.317028e+02
1.080000e-06	-8.095814e-09	-3.541830e-09	-3.776318e+01	-4.286053e+02
1.090000e-06	-8.036799e-09	-3.519573e-09	-3.748791e+01	-4.254853e+02
1.100000e-06	-7.977286e-09	-3.494192e-09	-3.721030e+01	-4.223430e+02
1.110000e-06	-7.917300e-09	-3.466380e-09	-3.693050e+01	-4.191785e+02
1.120000e-06	-7.856889e-09	-3.436068e-09	-3.664871e+01	-4.159920e+02
1.130000e-06	-7.796090e-09	-3.404794e-09	-3.636511e+01	-4.127836e+02
1.140000e-06	-7.734974e-09	-3.376599e-09	-3.608003e+01	-4.095536e+02
1.150000e-06	-7.673567e-09	-3.353659e-09	-3.579359e+01	-4.063020e+02
1.160000e-06	-7.611808e-09	-3.334277e-09	-3.550552e+01	-4.030291e+02
1.170000e-06	-7.549673e-09	-3.311780e-09	-3.521569e+01	-3.997351e+02
1.180000e-06	-7.487167e-09	-3.284701e-09	-3.492412e+01	-3.964200e+02
1.190000e-06	-7.424303e-09	-3.254801e-09	-3.463089e+01	-3.930841e+02
1.200000e-06	-7.361114e-09	-3.224149e-09	-3.433614e+01	-3.897276e+02
1.210000e-06	-7.297576e-09	-3.194312e-09	-3.403977e+01	-3.863506e+02
1.220000e-06	-7.233654e-09	-3.167120e-09	-3.374160e+01	-3.829534e+02
1.230000e-06	-7.169336e-09	-3.144941e-09	-3.344159e+01	-3.795360e+02
1.240000e-06	-7.104616e-09	-3.124226e-09	-3.313970e+01	-3.760987e+02
1.250000e-06	-7.039521e-09	-3.100110e-09	-3.283606e+01	-3.726416e+02
1.260000e-06	-6.974070e-09	-3.069424e-09	-3.253076e+01	-3.691649e+02
1.270000e-06	-6.908244e-09	-3.035243e-09	-3.222371e+01	-3.656689e+02
1.280000e-06	-6.842049e-09	-3.000660e-09	-3.191495e+01	-3.621537e+02
1.290000e-06	-6.775507e-09	-2.966889e-09	-3.160456e+01	-3.586194e+02
1.300000e-06	-6.708601e-09	-2.939808e-09	-3.129247e+01	-3.550663e+02
1.310000e-06	-6.641344e-09	-2.919956e-09	-3.097875e+01	-3.514946e+02
1.320000e-06	-6.573727e-09	-2.904133e-09	-3.066335e+01	-3.479043e+02
1.330000e-06	-6.505715e-09	-2.884499e-09	-3.034610e+01	-3.442959e+02
1.340000e-06	-6.437328e-09	-2.854364e-09	-3.002711e+01	-3.406693e+02
1.350000e-06	-6.368596e-09	-2.816516e-09	-2.970651e+01	-3.370248e+02
1.360000e-06	-6.299555e-09	-2.777550e-09	-2.938446e+01	-3.333626e+02
1.370000e-06	-6.230215e-09	-2.744663e-09	-2.906102e+01	-3.296830e+02
1.380000e-06	-6.160589e-09	-2.717944e-09	-2.873625e+01	-3.259860e+02
1.390000e-06	-6.090689e-09	-2.694060e-09	-2.841020e+01	-3.222718e+02
1.400000e-06	-6.020480e-09	-2.670741e-09	-2.808270e+01	-3.185408e+02
1.410000e-06	-5.949982e-09	-2.646068e-09	-2.775386e+01	-3.147930e+02
1.420000e-06	-5.879209e-09	-2.620666e-09	-2.742374e+01	-3.110287e+02
1.430000e-06	-5.808164e-09	-2.591731e-09	-2.709235e+01	-3.072480e+02
1.440000e-06	-5.736884e-09	-2.556576e-09	-2.675986e+01	-3.034512e+02
1.450000e-06	-5.665358e-09	-2.519975e-09	-2.642622e+01	-2.996385e+02
1.460000e-06	-5.593542e-09	-2.487716e-09	-2.609123e+01	-2.958100e+02
1.470000e-06	-5.521411e-09	-2.461987e-09	-2.575478e+01	-2.919660e+02
1.480000e-06	-5.448954e-09	-2.438137e-09	-2.541680e+01	-2.881066e+02
1.490000e-06	-5.376141e-09	-2.412170e-09	-2.507716e+01	-2.842321e+02
1.500000e-06	-5.302968e-09	-2.385626e-09	-2.473584e+01	-2.803426e+02
1.510000e-06	-5.229458e-09	-2.358552e-09	-2.439295e+01	-2.764385e+02
1.520000e-06	-5.155644e-09	-2.329406e-09	-2.404864e+01	-2.725198e+02
1.530000e-06	-5.081552e-09	-2.295982e-09	-2.370304e+01	-2.685868e+02
1.540000e-06	-5.007206e-09	-2.259797e-09	-2.335625e+01	-2.646396e+02
1.550000e-06	-4.932624e-09	-2.225372e-09	-2.300836e+01	-2.606786e+02
1.560000e-06	-4.857785e-09	-2.196316e-09	-2.265927e+01	-2.567039e+02
1.570000e-06	-4.782674e-09	-2.171437e-09	-2.230891e+01	-2.527157e+02
1.580000e-06	-4.707263e-09	-2.144979e-09	-2.195716e+01	-2.487142e+02
1.590000e-06	-4.631553e-09	-2.114538e-09	-2.160401e+01	-2.446996e+02
1.600000e-06	-4.555538e-09	-2.082044e-09	-2.124943e+01	-2.406722e+02
1.610000e-06	-4.479212e-09	-2.050454e-09	-2.089341e+01	-2.366321e+02
1.620000e-06	-4.402604e-09	-2.019692e-09	-2.053606e+01	-2.325796e+02
1.630000e-06	-4.325719e-09	-1.986641e-09	-2.017743e+01	-2.285149e+02
1.640000e-06	-4.248588e-09	-1.950536e-09	-1.981765e+01	-2.244381e+02
1.650000e-06	-4.171204e-09	-1.912732e-09	-1.945669e+01	-2.203496e+02
1.660000e-06	-4.093582e-09	-1.876737e-09	-1.909462e+01	-2.162495e+02
1.670000e-06	-4.015747e-09	-1.844660e-09	-1.873155e+01	-2.121380e+02
1.680000e-06	-3.937669e-09	-1.814666e-09	-1.836736e+01	-2.080153e+02
1.690000e-06	-3.859364e-09	-1.783564e-09	-1.800210e+01	-2.038818e+02
1.700000e-06	-3.780854e-09	-1.750574e-09	-1.763589e+01	-1.997375e+02
1.710000e-06	-3.702139e-09	-1.719563e-09	-1.726872e+01	-1.955827e+02
1.720000e-06	-3.623209e-09	-1.689763e-09	-1.690055e+01	-1.914176e+02
1.730000e-06	-3.544042e-09	-1.657532e-09	-1.653127e+01	-1.872425e+02
1.740000e-06	-3.464662e-09	-1.622700e-09	-1.616100e+01	-1.830575e+02
1.750000e-06	-3.385106e-09	-1.587211e-09	-1.578991e+01	-1.788629e+02
1.760000e-06	-3.305332e-09	-1.553248e-09	-1.541780e+01	-1.746589e+02
1.770000e-06	-3.225347e-09	-1.521963e-09	-1.504471e+01	-1.704457e+02
1.780000e-06	-3.145196e-09	-1.492758e-09	-1.467084e+01	-1.662235e+02
1.790000e-06	-3.064866e-09	-1.462582e-09	-1.429614e+01	-1.619926e+02
1.800000e-06	-2.984378e-09	-1.431011e-09	-1.392070e+01	-1.577532e+02
1.810000e-06	-2.903735e-09	-1.398030e-09	-1.354454e+01	-1.535055e+02
1.820000e-06	-2.822944e-09	-1.362944e-09	-1.316769e+01	-1.492497e+02
1.830000e-06	-2.742029e-09	-1.328695e-09	-1.279025e+01	-1.449860e+02
1.840000e-06	-2.660995e-09	-1.297046e-09	-1.241227e+01	-1.407148e+02
1.850000e-06	-2.579821e-09	-1.266990e-09	-1.203363e+01	-1.364361e+02
1.860000e-06	-2.498466e-09	-1.236717e-09	-1.165415e+01	-1.321502e+02
1.870000e-06	-2.416945e-09	-1.204962e-09	-1.127389e+01	-1.278574e+02
1.880000e-06	-2.335295e-09	-1.170512e-09	-1.089303e+01	-1.235579e+02
1.890000e-06	-2.253504e-09	-1.133944e-09	-1.051151e+01	-1.192518e+02
1.900000e-06	-2.171541e-09	-1.098734e-09	-1.012919e+01	-1.149395e+02
1.910000e-06	-2.089436e-09	-1.066179e-09	-9.746206e+00	-1.106211e+02
1.920000e-06	-2.007235e-09	-1.035095e-09	-9.362780e+00	-1.062969e+02
1.930000e-06	-1.924964e-09	-1.003910e-09	-8.979019e+00	-1.019671e+02
1.940000e-06	-1.842592e-09	-9.718982e-10	-8.594791e+00	-9.763197e+01
1.950000e-06	-1.760130e-09	-9.380056e-10	-8.210145e+00	-9.329166e+01
1.960000e-06	-1.677629e-09	-9.009212e-10	-7.825317e+00	-8.894644e+01
1.970000e-06	-1.595105e-09	-8.628507e-10	-7.440378e+00	-8.459652e+01
1.980000e-06	-1.512522e-09	-8.279707e-10	-7.055169e+00	-8.024215e+01
1.990000e-06	-1.429866e-09	-7.970910e-10	-6.669617e+00	-7.588355e+01
2.000000e-06	-1.347148e-09	-7.672908e-10	-6.283773e+00	-7.152095e+01
2.010000e-06	-1.264369e-09	-7.337429e-10	-5.897649e+00	-6.715457e+01
2.020000e-06	-1.181555e-09	-6.948601e-10	-5.511358e+00	-6.278465e+01
2.030000e-06	-1.098688e-09	-6.552068e-10	-5.124822e+00	-5.841141e+01
2.040000e-06	-1.015745e-09	-6.183325e-10	-4.737931e+00	-5.403509e+01
2.050000e-06	-9.327419e-10	-5.831458e-10	-4.350758e+00	-4.965591e+01
2.060000e-06	-8.496986e-10	-5.470140e-10	-3.963399e+00	-4.527411e+01
2.070000e-06	-7.666406e-10	-5.081692e-10	-3.575971e+00	-4.088991e+01
2.080000e-06	-6.835600e-10	-4.686973e-10	-3.188438e+00	-3.650354e+01
2.090000e-06	-6.004586e-10	-4.316335e-10	-2.800808e+00	-3.211524e+01
2.100000e-06	-5.173533e-10	-3.963556e-10	-2.413160e+00	-2.772523e+01
2.110000e-06	-4.342576e-10	-3.604948e-10	-2.025556e+00	-2.333375e+01
2.120000e-06	-3.511704e-10	-3.244241e-10	-1.637993e+00	-1.894102e+01
2.130000e-06	-2.680776e-10	-2.901476e-10	-1.250403e+00	-1.454728e+01
2.140000e-06	-1.849626e-10	-2.549232e-10	-8.627092e-01	-1.015275e+01
2.150000e-06	-1.018203e-10	-2.167487e-10	-4.748885e-01	-5.757671e+00
2.160000e-06	-1.866259e-11	-1.770059e-10	-8.699562e-02	-1.362268e+00
2.170000e-06	6.451210e-11	-1.363369e-10	3.009764e-01	3.033227e+00
2.180000e-06	1.476839e-10	-9.767595e-11	6.889346e-01	7.428584e+00
2.190000e-06	2.308542e-10	-6.260747e-11	1.076886e+00	1.182357e+01
2.200000e-06	3.140215e-10	-2.814796e-11	1.464824e+00	1.621796e+01
2.210000e-06	3.971820e-10	8.975195e-12	1.852730e+00	2.061152e+01
2.220000e-06	4.803103e-10	4.888218e-11	2.240485e+00	2.500402e+01
2.230000e-06	5.633914e-10	8.872640e-11	2.628020e+00	2.939522e+01
2.240000e-06	6.464446e-10	1.263712e-10	3.015426e+00	3.378491e+01
2.250000e-06	7.294491e-10	1.622104e-10	3.402604e+00	3.817284e+01
2.260000e-06	8.124096e-10	1.990106e-10	3.789577e+00	4.255879e+01
2.270000e-06	8.953252e-10	2.367484e-10	4.176340e+00	4.694253e+01
2.280000e-06	9.782017e-10	2.728874e-10	4.562921e+00	5.132383e+01
2.290000e-06	1.061062e-09	3.086366e-10	4.949425e+00	5.570245e+01
2.300000e-06	1.143898e-09	3.472687e-10	5.335818e+00	6.007818e+01
2.310000e-06	1.226711e-09	3.882208e-10	5.722105e+00	6.445077e+01
2.320000e-06	1.309481e-09	4.279858e-10	6.108185e+00	6.882000e+01
2.330000e-06	1.392188e-09	4.635667e-10	6.493977e+00	7.318564e+01
2.340000e-06	1.474842e-09	4.959692e-10	6.879519e+00	7.754746e+01
2.350000e-06	1.557418e-09	5.299514e-10	7.264700e+00	8.190524e+01
2.360000e-06	1.639880e-09	5.684362e-10	7.649347e+00	8.625873e+01
2.370000e-06	1.722246e-09	6.094810e-10	8.033546e+00	9.060773e+01
2.380000e-06	1.804545e-09	6.492972e-10	8.417431e+00	9.495198e+01
2.390000e-06	1.886753e-09	6.880164e-10	8.800892e+00	9.929128e+01
2.400000e-06	1.968867e-09	7.267596e-10	9.183918e+00	1.036254e+02
2.410000e-06	2.050858e-09	7.647313e-10	9.566370e+00	1.079541e+02
2.420000e-06	2.132735e-09	8.009447e-10	9.948288e+00	1.122771e+02
2.430000e-06	2.214530e-09	8.354633e-10	1.032982e+01	1.165943e+02
2.440000e-06	2.296214e-09	8.719890e-10	1.071084e+01	1.209054e+02
2.450000e-06	2.377769e-09	9.121686e-10	1.109126e+01	1.252102e+02
2.460000e-06	2.459192e-09	9.541552e-10	1.147106e+01	1.295084e+02
2.470000e-06	2.540468e-09	9.926020e-10	1.185017e+01	1.337998e+02
2.480000e-06	2.621581e-09	1.024969e-09	1.222853e+01	1.380843e+02
2.490000e-06	2.702515e-09	1.057819e-09	1.260605e+01	1.423615e+02
2.500000e-06	2.783274e-09	1.095278e-09	1.298275e+01	1.466312e+02
2.510000e-06	2.863884e-09	1.136442e-09	1.335876e+01	1.508933e+02
2.520000e-06	2.944312e-09	1.177537e-09	1.373392e+01	1.551475e+02
2.530000e-06	3.024561e-09	1.216645e-09	1.410824e+01	1.593936e+02
2.540000e-06	3.104658e-09	1.255630e-09	1.448185e+01	1.636313e+02
2.550000e-06	3.184611e-09	1.295101e-09	1.485480e+01	1.678605e+02
2.560000e-06	3.264404e-09	1.333154e-09	1.522700e+01	1.720809e+02
2.570000e-06	3.344032e-09	1.368980e-09	1.559843e+01	1.762923e+02
2.580000e-06	3.423508e-09	1.404747e-09	1.596914e+01	1.804944e+02
2.590000e-06	3.502778e-09	1.441011e-09	1.633890e+01	1.846871e+02
2.600000e-06	3.581844e-09	1.478362e-09	1.670771e+01	1.888702e+02
2.610000e-06	3.660700e-09	1.517236e-09	1.707553e+01	1.930433e+02
2.620000e-06	3.739315e-09	1.554890e-09	1.744224e+01	1.972063e+02
2.630000e-06	3.817706e-09	1.592516e-09	1.780789e+01	2.013590e+02
2.640000e-06	3.895832e-09	1.632979e-09	1.817231e+01	2.055012e+02
2.650000e-06	3.973732e-09	1.674723e-09	1.853568e+01	2.096326e+02
2.660000e-06	4.051428e-09	1.714641e-09	1.889810e+01	2.137530e+02
2.670000e-06	4.128879e-09	1.750890e-09	1.925937e+01	2.178623e+02
2.680000e-06	4.206116e-09	1.785113e-09	1.961964e+01	2.219601e+02
2.690000e-06	4.283132e-09	1.821322e-09	1.997889e+01	2.260463e+02
2.700000e-06	4.359922e-09	1.861748e-09	2.033707e+01	2.301206e+02
2.710000e-06	4.436484e-09	1.903984e-09	2.069420e+01	2.341829e+02
2.720000e-06	4.512792e-09	1.943840e-09	2.105014e+01	2.382330e+02
2.730000e-06	4.588847e-09	1.980865e-09	2.140490e+01	2.422705e+02
2.740000e-06	4.664603e-09	2.017345e-09	2.175827e+01	2.462954e+02
2.750000e-06	4.740032e-09	2.053567e-09	2.211011e+01	2.503074e+02
2.760000e-06	4.815178e-09	2.087055e-09	2.246063e+01	2.543062e+02
2.770000e-06	4.890031e-09	2.119706e-09	2.280978e+01	2.582918e+02
2.780000e-06	4.964561e-09	2.154740e-09	2.315743e+01	2.622638e+02
2.790000e-06	5.038781e-09	2.193387e-09	2.350363e+01	2.662220e+02
2.800000e-06	5.112701e-09	2.234729e-09	2.384843e+01	2.701664e+02
2.810000e-06	5.186329e-09	2.273581e-09	2.419187e+01	2.740965e+02
2.820000e-06	5.259647e-09	2.308457e-09	2.453387e+01	2.780123e+02
2.830000e-06	5.332679e-09	2.340503e-09	2.487452e+01	2.819136e+02
2.840000e-06	5.405430e-09	2.372701e-09	2.521387e+01	2.858000e+02
2.850000e-06	5.477859e-09	2.407754e-09	2.555172e+01	2.896715e+02
2.860000e-06	5.549953e-09	2.444551e-09	2.588801e+01	2.935278e+02
2.870000e-06	5.621760e-09	2.482514e-09	2.622295e+01	2.973688e+02
2.880000e-06	5.693310e-09	2.520933e-09	2.655670e+01	3.011941e+02
2.890000e-06	5.764592e-09	2.558421e-09	2.688920e+01	3.050037e+02
2.900000e-06	5.835603e-09	2.593741e-09	2.722043e+01	3.087973e+02
2.910000e-06	5.906358e-09	2.625460e-09	2.755047e+01	3.125747e+02
2.920000e-06	5.976800e-09	2.656621e-09	2.787905e+01	3.163357e+02
2.930000e-06	6.046899e-09	2.690634e-09	2.820603e+01	3.200802e+02
2.940000e-06	6.116693e-09	2.727143e-09	2.853159e+01	3.238079e+02
2.950000e-06	6.186197e-09	2.763672e-09	2.885579e+01	3.275186e+02
2.960000e-06	6.255443e-09	2.797465e-09	2.917879e+01	3.312121e+02
2.970000e-06	6.324435e-09	2.829807e-09	2.950061e+01	3.348883e+02
2.980000e-06	6.393147e-09	2.863381e-09	2.982112e+01	3.385470e+02
2.990000e-06	6.461562e-09	2.899206e-09	3.014024e+01	3.421879e+02
3.000000e-06	6.529646e-09	2.934823e-09	3.045782e+01	3.458108e+02
3.010000e-06	6.597345e-09	2.968141e-09	3.077361e+01	3.494157e+02
3.020000e-06	6.664657e-09	3.000590e-09	3.108759e+01	3.530022e+02
3.030000e-06	6.731622e-09	3.031375e-09	3.139995e+01	3.565703e+02
3.040000e-06	6.798241e-09	3.061192e-09	3.171069e+01	3.601196e+02
3.050000e-06	6.864457e-09	3.092899e-09	3.201956e+01	3.636501e+02
3.060000e-06	6.930256e-09	3.127176e-09	3.232648e+01	3.671615e+02
3.070000e-06	6.995653e-09	3.163570e-09	3.263152e+01	3.706537e+02
3.080000e-06	7.060642e-09	3.199548e-09	3.293467e+01	3.741264e+02
3.090000e-06	7.125192e-09	3.231819e-09	3.323576e+01	3.775795e+02
3.100000e-06	7.189348e-09	3.260051e-09	3.353502e+01	3.810129e+02
3.110000e-06	7.253202e-09	3.288714e-09	3.383287e+01	3.844263e+02
3.120000e-06	7.316768e-09	3.320150e-09	3.412938e+01	3.878195e+02
3.130000e-06	7.380036e-09	3.351641e-09	3.442449e+01	3.911924e+02
3.140000e-06	7.442992e-09	3.381366e-09	3.471815e+01	3.945448e+02
3.150000e-06	7.505598e-09	3.410249e-09	3.501018e+01	3.978765e+02
3.160000e-06	7.567837e-09	3.440297e-09	3.530050e+01	4.011874e+02
3.170000e-06	7.629702e-09	3.471491e-09	3.558907e+01	4.044772e+02
3.180000e-06	7.691207e-09	3.501054e-09	3.587596e+01	4.077459e+02
3.190000e-06	7.752383e-09	3.528943e-09	3.616132e+01	4.109931e+02
3.200000e-06	7.813217e-09	3.557290e-09	3.644508e+01	4.142188e+02
3.210000e-06	7.873686e-09	3.587612e-09	3.672714e+01	4.174228e+02
3.220000e-06	7.933733e-09	3.617159e-09	3.700724e+01	4.206050e+02
3.230000e-06	7.993363e-09	3.644068e-09	3.728538e+01	4.237651e+02
3.240000e-06	8.052561e-09	3.670468e-09	3.756151e+01	4.269029e+02
3.250000e-06	8.111272e-09	3.696765e-09	3.783537e+01	4.300184e+02
3.260000e-06	8.169480e-09	3.724609e-09	3.810688e+01	4.331114e+02
3.270000e-06	8.227176e-09	3.753533e-09	3.837600e+01	4.361816e+02
3.280000e-06	8.284376e-09	3.780946e-09	3.864282e+01	4.392290e+02
3.290000e-06	8.341103e-09	3.807851e-09	3.890742e+01	4.422533e+02
3.300000e-06	8.397387e-09	3.836208e-09	3.916996e+01	4.452545e+02
3.310000e-06	8.453267e-09	3.866035e-09	3.943061e+01	4.482324e+02
3.320000e-06	8.508771e-09	3.894920e-09	3.968952e+01	4.511867e+02
3.330000e-06	8.563893e-09	3.920910e-09	3.994663e+01	4.541174e+02
3.340000e-06	8.618598e-09	3.945088e-09	4.020181e+01	4.570243e+02
3.350000e-06	8.672885e-09	3.969339e-09	4.045503e+01	4.599072e+02
3.360000e-06	8.726714e-09	3.996146e-09	4.070612e+01	4.627660e+02
3.370000e-06	8.780089e-09	4.025257e-09	4.095508e+01	4.656006e+02
3.380000e-06	8.833024e-09	4.054039e-09	4.120200e+01	4.684107e+02
3.390000e-06	8.885449e-09	4.080103e-09	4.144654e+01	4.711963e+02
3.400000e-06	8.937294e-09	4.104921e-09	4.168837e+01	4.739572e+02
3.410000e-06	8.988536e-09	4.129755e-09	4.192739e+01	4.766932e+02
3.420000e-06	9.039185e-09	4.152839e-09	4.216364e+01	4.794043e+02
3.430000e-06	9.089199e-09	4.176428e-09	4.239694e+01	4.820902e+02
3.440000e-06	9.138586e-09	4.201952e-09	4.262730e+01	4.847509e+02
3.450000e-06	9.187412e-09	4.228272e-09	4.285505e+01	4.873861e+02
3.460000e-06	9.235719e-09	4.253575e-09	4.308038e+01	4.899958e+02
3.470000e-06	9.283564e-09	4.277457e-09	4.330356e+01	4.925798e+02
3.480000e-06	9.330983e-09	4.298945e-09	4.352474e+01	4.951380e+02
3.490000e-06	9.377949e-09	4.317512e-09	4.374382e+01	4.976702e+02
3.500000e-06	9.424446e-09	4.338652e-09	4.396070e+01	5.001763e+02
3.510000e-06	9.470491e-09	4.363581e-09	4.417548e+01	5.026562e+02
3.520000e-06	9.516077e-09	4.390571e-09	4.438812e+01	5.051098e+02
3.530000e-06	9.561235e-09	4.415829e-09	4.459876e+01	5.075368e+02
3.540000e-06	9.606019e-09	4.434765e-09	4.480766e+01	5.099373e+02
3.550000e-06	9.650431e-09	4.451834e-09	4.501482e+01	5.123110e+02
3.560000e-06	9.694439e-09	4.471491e-09	4.522010e+01	5.146579e+02
3.570000e-06	9.737954e-09	4.493244e-09	4.542307e+01	5.169778e+02
3.580000e-06	9.780873e-09	4.514790e-09	4.562327e+01	5.192706e+02
3.590000e-06	9.823130e-09	4.534520e-09	4.582038e+01	5.215362e+02
3.600000e-06	9.864692e-09	4.554067e-09	4.601424e+01	5.237744e+02
3.610000e-06	9.905607e-09	4.574303e-09	4.620509e+01	5.259851e+02
3.620000e-06	9.946016e-09	4.594747e-09	4.639358e+01	5.281683e+02
3.630000e-06	9.986019e-09	4.613357e-09	4.658018e+01	5.303238e+02
3.640000e-06	1.002560e-08	4.629556e-09	4.676480e+01	5.324515e+02
3.650000e-06	1.006470e-08	4.646410e-09	4.694720e+01	5.345513e+02
3.660000e-06	1.010330e-08	4.663345e-09	4.712722e+01	5.366230e+02
3.670000e-06	1.014137e-08	4.679316e-09	4.730483e+01	5.386667e+02
3.680000e-06	1.017895e-08	4.694072e-09	4.748013e+01	5.406820e+02
3.690000e-06	1.021607e-08	4.707999e-09	4.765326e+01	5.426691e+02
3.700000e-06	1.025274e-08	4.724326e-09	4.782432e+01	5.446276e+02
3.710000e-06	1.028901e-08	4.744587e-09	4.799348e+01	5.465577e+02
3.720000e-06	1.032486e-08	4.764283e-09	4.816072e+01	5.484590e+02
3.730000e-06	1.036015e-08	4.778989e-09	4.832533e+01	5.503317e+02
3.740000e-06	1.039474e-08	4.792118e-09	4.848665e+01	5.521754e+02
3.750000e-06	1.042856e-08	4.806729e-09	4.864443e+01	5.539902e+02
3.760000e-06	1.046168e-08	4.823527e-09	4.879890e+01	5.557760e+02
3.770000e-06	1.049425e-08	4.839843e-09	4.895083e+01	5.575326e+02
3.780000e-06	1.052638e-08	4.852173e-09	4.910069e+01	5.592600e+02
3.790000e-06	1.055807e-08	4.863575e-09	4.924855e+01	5.609581e+02
3.800000e-06	1.058930e-08	4.878146e-09	4.939419e+01	5.626267e+02
3.810000e-06	1.061998e-08	4.895299e-09	4.953730e+01	5.642659e+02
3.820000e-06	1.065011e-08	4.910491e-09	4.967786e+01	5.658755e+02
3.830000e-06	1.067973e-08	4.922404e-09	4.981601e+01	5.674554e+02
3.840000e-06	1.070884e-08	4.932896e-09	4.995182e+01	5.690055e+02
3.850000e-06	1.073752e-08	4.944208e-09	5.008560e+01	5.705259e+02
3.860000e-06	1.076583e-08	4.955445e-09	5.021761e+01	5.720163e+02
3.870000e-06	1.079369e-08	4.965199e-09	5.034757e+01	5.734767e+02
3.880000e-06	1.082093e-08	4.974218e-09	5.047463e+01	5.749071e+02
3.890000e-06	1.084734e-08	4.983783e-09	5.059784e+01	5.763073e+02
3.900000e-06	1.087291e-08	4.997088e-09	5.071712e+01	5.776773e+02
3.910000e-06	1.089780e-08	5.011944e-09	5.083318e+01	5.790170e+02
3.920000e-06	1.092215e-08	5.024274e-09	5.094679e+01	5.803263e+02
3.930000e-06	1.094603e-08	5.033699e-09	5.105819e+01	5.816052e+02
3.940000e-06	1.096941e-08	5.043102e-09	5.116721e+01	5.828537e+02
3.950000e-06	1.099224e-08	5.055607e-09	5.127370e+01	5.840715e+02
3.960000e-06	1.101455e-08	5.068073e-09	5.137777e+01	5.852588e+02
3.970000e-06	1.103632e-08	5.076157e-09	5.147936e+01	5.864153e+02
3.980000e-06	1.105754e-08	5.080662e-09	5.157829e+01	5.875411e+02
3.990000e-06	1.107827e-08	5.086888e-09	5.167499e+01	5.886361e+02
4.000000e-06	1.109860e-08	5.097887e-09	5.176985e+01	5.897003e+02
4.010000e-06	1.111852e-08	5.110447e-09	5.186274e+01	5.907335e+02
4.020000e-06	1.113790e-08	5.120676e-09	5.195317e+01	5.917358e+02
4.030000e-06	1.115667e-08	5.127660e-09	5.204073e+01	5.927070e+02
4.040000e-06	1.117483e-08	5.134682e-09	5.212543e+01	5.936471e+02
4.050000e-06	1.119245e-08	5.143427e-09	5.220761e+01	5.945561e+02
4.060000e-06	1.120957e-08	5.151671e-09	5.228747e+01	5.954340e+02
4.070000e-06	1.122613e-08	5.157961e-09	5.236471e+01	5.962806e+02
4.080000e-06	1.124195e-08	5.164303e-09	5.243852e+01	5.970960e+02
4.090000e-06	1.125701e-08	5.173139e-09	5.250873e+01	5.978800e+02
4.100000e-06	1.127141e-08	5.182414e-09	5.257593e+01	5.986328e+02
4.110000e-06	1.128521e-08	5.188591e-09	5.264030e+01	5.993541e+02
4.120000e-06	1.129840e-08	5.190555e-09	5.270182e+01	6.000440e+02
4.130000e-06	1.131103e-08	5.191877e-09	5.276074e+01	6.007024e+02
4.140000e-06	1.132310e-08	5.197667e-09	5.281705e+01	6.013293e+02
4.150000e-06	1.133450e-08	5.207472e-09	5.287020e+01	6.019248e+02
4.160000e-06	1.134501e-08	5.216136e-09	5.291921e+01	6.024886e+02
4.170000e-06	1.135461e-08	5.221185e-09	5.296398e+01	6.030209e+02
4.180000e-06	1.136349e-08	5.224495e-09	5.300543e+01	6.035215e+02
4.190000e-06	1.137189e-08	5.227975e-09	5.304460e+01	6.039905e+02
4.200000e-06	1.137989e-08	5.230730e-09	5.308191e+01	6.044278e+02
4.210000e-06	1.138739e-08	5.232536e-09	5.311689e+01	6.048335e+02
4.220000e-06	1.139428e-08	5.233538e-09	5.314906e+01	6.052074e+02
4.230000e-06	1.140060e-08	5.235458e-09	5.317853e+01	6.055496e+02
4.240000e-06	1.140633e-08	5.240532e-09	5.320524e+01	6.058600e+02
4.250000e-06	1.141145e-08	5.245561e-09	5.322912e+01	6.061387e+02
4.260000e-06	1.141610e-08	5.246457e-09	5.325080e+01	6.063856e+02
4.270000e-06	1.142037e-08	5.244422e-09	5.327075e+01	6.066007e+02
4.280000e-06	1.142418e-08	5.244017e-09	5.328854e+01	6.067840e+02
4.290000e-06	1.142731e-08	5.247272e-09	5.330309e+01	6.069355e+02
4.300000e-06	1.142956e-08	5.250666e-09	5.331361e+01	6.070551e+02
4.310000e-06	1.143094e-08	5.250912e-09	5.332007e+01	6.071429e+02
4.320000e-06	1.143168e-08	5.250308e-09	5.332348e+01	6.071989e+02
4.330000e-06	1.143202e-08	5.250157e-09	5.332507e+01	6.072231e+02
4.340000e-06	1.143192e-08	5.248796e-09	5.332463e+01	6.072154e+02
4.350000e-06	1.143127e-08	5.247207e-09	5.332158e+01	6.071759e+02
4.360000e-06	1.143007e-08	5.246276e-09	5.331597e+01	6.071045e+02
4.370000e-06	1.142835e-08	5.246634e-09	5.330797e+01	6.070013e+02
4.380000e-06	1.142613e-08	5.249391e-09	5.329761e+01	6.068663e+02
4.390000e-06	1.142337e-08	5.250412e-09	5.328471e+01	6.066995e+02
4.400000e-06	1.142012e-08	5.248242e-09	5.326957e+01	6.065008e+02
4.410000e-06	1.141655e-08	5.249188e-09	5.325290e+01	6.062704e+02
4.420000e-06	1.141266e-08	5.248666e-09	5.323476e+01	6.060082e+02
4.430000e-06	1.140814e-08	5.232406e-09	5.321369e+01	6.057141e+02
4.440000e-06	1.140246e-08	5.205911e-09	5.318721e+01	6.053884e+02
4.450000e-06	1.139543e-08	5.207346e-09	5.315438e+01	6.050309e+02
4.460000e-06	1.138743e-08	5.230404e-09	5.311706e+01	6.046416e+02
4.470000e-06	1.137920e-08	5.235762e-09	5.307868e+01	6.042207e+02
4.480000e-06	1.137103e-08	5.206779e-09	5.304057e+01	6.037681e+02
4.490000e-06	1.136245e-08	5.182155e-09	5.300056e+01	6.032838e+02
4.500000e-06	1.135308e-08	5.217799e-09	5.295685e+01	6.027679e+02
4.510000e-06	1.134322e-08	5.177323e-09	5.291084e+01	6.022204e+02
4.520000e-06	1.133307e-08	5.113318e-09	5.286354e+01	6.016413e+02
4.530000e-06	1.132217e-08	5.152981e-09	5.281266e+01	6.010307e+02
4.540000e-06	1.131029e-08	5.174735e-09	5.275727e+01	6.003885e+02
4.550000e-06	1.129792e-08	5.106473e-09	5.269955e+01	5.997149e+02
4.560000e-06	1.128504e-08	5.082154e-09	5.263949e+01	5.990098e+02
4.570000e-06	1.127113e-08	5.152942e-09	5.257461e+01	5.982733e+02
4.580000e-06	1.125627e-08	5.095113e-09	5.250526e+01	5.975055e+02
4.590000e-06	1.124084e-08	4.985034e-09	5.243333e+01	5.967063e+02
4.600000e-06	1.122483e-08	5.027679e-09	5.235861e+01	5.958759e+02
4.610000e-06	1.120821e-08	5.074806e-09	5.228108e+01	5.950142e+02
4.620000e-06	1.119117e-08	5.026062e-09	5.220161e+01	5.941213e+02
4.630000e-06	1.117363e-08	5.022177e-09	5.211979e+01	5.931972e+02
4.640000e-06	1.115548e-08	5.055913e-09	5.203514e+01	5.922420e+02
4.650000e-06	1.113692e-08	5.001271e-09	5.194856e+01	5.912558e+02
4.660000e-06	1.111796e-08	4.983561e-09	5.186013e+01	5.902386e+02
4.670000e-06	1.109848e-08	5.043484e-09	5.176926e+01	5.891905e+02
4.680000e-06	1.107856e-08	5.011537e-09	5.167632e+01	5.881114e+02
4.690000e-06	1.105810e-08	4.970162e-09	5.158091e+01	5.870015e+02
4.700000e-06	1.103678e-08	4.997940e-09	5.148147e+01	5.858609e+02
4.710000e-06	1.101458e-08	4.985773e-09	5.137790e+01	5.846895e+02
4.720000e-06	1.099172e-08	4.955176e-09	5.127126e+01	5.834875e+02
4.730000e-06	1.096829e-08	4.957322e-09	5.116198e+01	5.822549e+02
4.740000e-06	1.094436e-08	4.939677e-09	5.105036e+01	5.809917e+02
4.750000e-06	1.091990e-08	4.935627e-09	5.093627e+01	5.796981e+02
4.760000e-06	1.089486e-08	4.949780e-09	5.081945e+01	5.783741e+02
4.770000e-06	1.086926e-08	4.924448e-09	5.070005e+01	5.770197e+02
4.780000e-06	1.084313e-08	4.907419e-09	5.057817e+01	5.756351e+02
4.790000e-06	1.081648e-08	4.902447e-09	5.045386e+01	5.742204e+02
4.800000e-06	1.078939e-08	4.879625e-09	5.032749e+01	5.727755e+02
4.810000e-06	1.076190e-08	4.886209e-09	5.019928e+01	5.713006e+02
4.820000e-06	1.073397e-08	4.892130e-09	5.006899e+01	5.697957e+02
4.830000e-06	1.070547e-08	4.862178e-09	4.993603e+01	5.682610e+02
4.840000e-06	1.067623e-08	4.857306e-09	4.979964e+01	5.666965e+02
4.850000e-06	1.064618e-08	4.852146e-09	4.965948e+01	5.651022e+02
4.860000e-06	1.061540e-08	4.820971e-09	4.951591e+01	5.634784e+02
4.870000e-06	1.058405e-08	4.811068e-09	4.936969e+01	5.618249e+02
4.880000e-06	1.055222e-08	4.800115e-09	4.922119e+01	5.601421e+02
4.890000e-06	1.051987e-08	4.781160e-09	4.907032e+01	5.584298e+02
4.900000e-06	1.048700e-08	4.780399e-09	4.891698e+01	5.566883e+02
4.910000e-06	1.045361e-08	4.770271e-09	4.876125e+01	5.549176e+02
4.920000e-06	1.041974e-08	4.748028e-09	4.860327e+01	5.531178e+02
4.930000e-06	1.038540e-08	4.731447e-09	4.844308e+01	5.512890e+02
4.940000e-06	1.035058e-08	4.713552e-09	4.828065e+01	5.494313e+02
4.950000e-06	1.031532e-08	4.700257e-09	4.811617e+01	5.475448e+02
4.960000e-06	1.027963e-08	4.690297e-09	4.794969e+01	5.456296e+02
4.970000e-06	1.024342e-08	4.671795e-09	4.778078e+01	5.436858e+02
4.980000e-06	1.020660e-08	4.653964e-09	4.760904e+01	5.417135e+02
4.990000e-06	1.016907e-08	4.638370e-09	4.743396e+01	5.397127e+02
5.000000e-06	1.013076e-08	4.621870e-09	4.725529e+01	5.376837e+02
5.010000e-06	1.009179e-08	4.605195e-09	4.707351e+01	5.356265e+02
5.020000e-06	1.005230e-08	4.588056e-09	4.688932e+01	5.335412e+02
5.030000e-06	1.001239e-08	4.575706e-09	4.670313e+01	5.314279e+02
5.040000e-06	9.972034e-09	4.562718e-09	4.651490e+01	5.292868e+02
5.050000e-06	9.931213e-09	4.546337e-09	4.632448e+01	5.271179e+02
5.060000e-06	9.889924e-09	4.525029e-09	4.613189e+01	5.249214e+02
5.070000e-06	9.848178e-09	4.500309e-09	4.593717e+01	5.226974e+02
5.080000e-06	9.805968e-09	4.481364e-09	4.574028e+01	5.204460e+02
5.090000e-06	9.763317e-09	4.467148e-09	4.554133e+01	5.181672e+02
5.100000e-06	9.720252e-09	4.452258e-09	4.534045e+01	5.158613e+02
5.110000e-06	9.676764e-09	4.432636e-09	4.513759e+01	5.135284e+02
5.120000e-06	9.632864e-09	4.409265e-09	4.493282e+01	5.111686e+02
5.130000e-06	9.588510e-09	4.389990e-09	4.472593e+01	5.087819e+02
5.140000e-06	9.543631e-09	4.375969e-09	4.451659e+01	5.063686e+02
5.150000e-06	9.498232e-09	4.358414e-09	4.430483e+01	5.039287e+02
5.160000e-06	9.452340e-09	4.336249e-09	4.409076e+01	5.014624e+02
5.170000e-06	9.405952e-09	4.313637e-09	4.387438e+01	4.989698e+02
5.180000e-06	9.359083e-09	4.294416e-09	4.365576e+01	4.964511e+02
5.190000e-06	9.311723e-09	4.277790e-09	4.343485e+01	4.939063e+02
5.200000e-06	9.263864e-09	4.255643e-09	4.321161e+01	4.913357e+02
5.210000e-06	9.215510e-09	4.230143e-09	4.298606e+01	4.887392e+02
5.220000e-06	9.166620e-09	4.206602e-09	4.275801e+01	4.861172e+02
5.230000e-06	9.117227e-09	4.189384e-09	4.252761e+01	4.834697e+02
5.240000e-06	9.067316e-09	4.175577e-09	4.229480e+01	4.807968e+02
5.250000e-06	9.016889e-09	4.155057e-09	4.205958e+01	4.780987e+02
5.260000e-06	8.965975e-09	4.128751e-09	4.182209e+01	4.753756e+02
5.270000e-06	8.914516e-09	4.102096e-09	4.158206e+01	4.726275e+02
5.280000e-06	8.862470e-09	4.078740e-09	4.133929e+01	4.698547e+02
5.290000e-06	8.809823e-09	4.055498e-09	4.109371e+01	4.670572e+02
5.300000e-06	8.756571e-09	4.028249e-09	4.084532e+01	4.642353e+02
5.310000e-06	8.702728e-09	4.003114e-09	4.059417e+01	4.613890e+02
5.320000e-06	8.648318e-09	3.985753e-09	4.034037e+01	4.585185e+02
5.330000e-06	8.593384e-09	3.972773e-09	4.008413e+01	4.556240e+02
5.340000e-06	8.537984e-09	3.957214e-09	3.982571e+01	4.527056e+02
5.350000e-06	8.482169e-09	3.930926e-09	3.956536e+01	4.497635e+02
5.360000e-06	8.425975e-09	3.896891e-09	3.930324e+01	4.467978e+02
5.370000e-06	8.369413e-09	3.864324e-09	3.903941e+01	4.438087e+02
5.380000e-06	8.312472e-09	3.836394e-09	3.877380e+01	4.407963e+02
5.390000e-06	8.255120e-09	3.811197e-09	3.850628e+01	4.377608e+02
5.400000e-06	8.197302e-09	3.785087e-09	3.823658e+01	4.347024e+02
5.410000e-06	8.139049e-09	3.760248e-09	3.796486e+01	4.316211e+02
5.420000e-06	8.080426e-09	3.738528e-09	3.769141e+01	4.285173e+02
5.430000e-06	8.021439e-09	3.719233e-09	3.741626e+01	4.253910e+02
5.440000e-06	7.962073e-09	3.695879e-09	3.713935e+01	4.222423e+02
5.450000e-06	7.902291e-09	3.663166e-09	3.686049e+01	4.190716e+02
5.460000e-06	7.842073e-09	3.627919e-09	3.657960e+01	4.158789e+02
5.470000e-06	7.781434e-09	3.598184e-09	3.629675e+01	4.126644e+02
5.480000e-06	7.720386e-09	3.574067e-09	3.601199e+01	4.094282e+02
5.490000e-06	7.658894e-09	3.548543e-09	3.572516e+01	4.061706e+02
5.500000e-06	7.596983e-09	3.518609e-09	3.543637e+01	4.028917e+02
5.510000e-06	7.534662e-09	3.486009e-09	3.514567e+01	3.995917e+02
5.520000e-06	7.471910e-09	3.454099e-09	3.485296e+01	3.962708e+02
5.530000e-06	7.408716e-09	3.425867e-09	3.455820e+01	3.929290e+02
5.540000e-06	7.345048e-09	3.395458e-09	3.426121e+01	3.895667e+02
5.550000e-06	7.280985e-09	3.361367e-09	3.396239e+01	3.861840e+02
5.560000e-06	7.216628e-09	3.328754e-09	3.366219e+01	3.827810e+02
5.570000e-06	7.151961e-09	3.301300e-09	3.336055e+01	3.793580e+02
5.580000e-06	7.086936e-09	3.276769e-09	3.305724e+01	3.759150e+02
5.590000e-06	7.021548e-09	3.246019e-09	3.275223e+01	3.724524e+02
5.600000e-06	6.955818e-09	3.211758e-09	3.244563e+01	3.689703e+02
5.610000e-06	6.889755e-09	3.181341e-09	3.213748e+01	3.654688e+02
5.620000e-06	6.823389e-09	3.153644e-09	3.182791e+01	3.619481e+02
5.630000e-06	6.756743e-09	3.124008e-09	3.151704e+01	3.584085e+02
5.640000e-06	6.689820e-09	3.088842e-09	3.120487e+01	3.548501e+02
5.650000e-06	6.622613e-09	3.052881e-09	3.089138e+01	3.512731e+02
5.660000e-06	6.555068e-09	3.020590e-09	3.057631e+01	3.476777e+02
5.670000e-06	6.487145e-09	2.993033e-09	3.025948e+01	3.440641e+02
5.680000e-06	6.418809e-09	2.966454e-09	2.994073e+01	3.404324e+02
5.690000e-06	6.350054e-09	2.934485e-09	2.962002e+01	3.367830e+02
5.700000e-06	6.280931e-09	2.897519e-09	2.929759e+01	3.331158e+02
5.710000e-06	6.211481e-09	2.860026e-09	2.897364e+01	3.294312e+02
5.720000e-06	6.141706e-09	2.825602e-09	2.864817e+01	3.257293e+02
5.730000e-06	6.071597e-09	2.792790e-09	2.832115e+01	3.220104e+02
5.740000e-06	6.001155e-09	2.759271e-09	2.799257e+01	3.182746e+02
5.750000e-06	5.930382e-09	2.725681e-09	2.766245e+01	3.145221e+02
5.760000e-06	5.859262e-09	2.694242e-09	2.733071e+01	3.107532e+02
5.770000e-06	5.787783e-09	2.664724e-09	2.699729e+01	3.069679e+02
5.780000e-06	5.715995e-09	2.631778e-09	2.666243e+01	3.031666e+02
5.790000e-06	5.643952e-09	2.594205e-09	2.632638e+01	2.993494e+02
5.800000e-06	5.571653e-09	2.556804e-09	2.598914e+01	2.955164e+02
5.810000e-06	5.499104e-09	2.523058e-09	2.565073e+01	2.916681e+02
5.820000e-06	5.426299e-09	2.492501e-09	2.531113e+01	2.878044e+02
5.830000e-06	5.353230e-09	2.460594e-09	2.497029e+01	2.839256e+02
5.840000e-06	5.279889e-09	2.426432e-09	2.462819e+01	2.800320e+02
5.850000e-06	5.206267e-09	2.393542e-09	2.428478e+01	2.761237e+02
5.860000e-06	5.132390e-09	2.362548e-09	2.394018e+01	2.722009e+02
5.870000e-06	5.058279e-09	2.330850e-09	2.359449e+01	2.682639e+02
5.880000e-06	4.983927e-09	2.296304e-09	2.324767e+01	2.643128e+02
5.890000e-06	4.909346e-09	2.260086e-09	2.289978e+01	2.603479e+02
5.900000e-06	4.834512e-09	2.225810e-09	2.255071e+01	2.563693e+02
5.910000e-06	4.759380e-09	2.195077e-09	2.220026e+01	2.523773e+02
5.920000e-06	4.683963e-09	2.163818e-09	2.184848e+01	2.483721e+02
5.930000e-06	4.608262e-09	2.128546e-09	2.149536e+01	2.443539e+02
5.940000e-06	4.532269e-09	2.091965e-09	2.114089e+01	2.403229e+02
5.950000e-06	4.455965e-09	2.056004e-09	2.078497e+01	2.362793e+02
5.960000e-06	4.379326e-09	2.018930e-09	2.042749e+01	2.322233e+02
5.970000e-06	4.302397e-09	1.980532e-09	2.006865e+01	2.281551e+02
5.980000e-06	4.225183e-09	1.943398e-09	1.970848e+01	2.240750e+02
5.990000e-06	4.147694e-09	1.911386e-09	1.934703e+01	2.199832e+02
6.000000e-06	4.069992e-09	1.883586e-09	1.898459e+01	2.158798e+02
6.010000e-06	3.992104e-09	1.854247e-09	1.862128e+01	2.117651e+02
6.020000e-06	3.914036e-09	1.819130e-09	1.825713e+01	2.076394e+02
6.030000e-06	3.835794e-09	1.780850e-09	1.789217e+01	2.035027e+02
6.040000e-06	3.757344e-09	1.745238e-09	1.752623e+01	1.993555e+02
6.050000e-06	3.678634e-09	1.710563e-09	1.715909e+01	1.951977e+02
6.060000e-06	3.599682e-09	1.674483e-09	1.679081e+01	1.910298e+02
6.070000e-06	3.520502e-09	1.638279e-09	1.642147e+01	1.868518e+02
6.080000e-06	3.441090e-09	1.602033e-09	1.605106e+01	1.826641e+02
6.090000e-06	3.361466e-09	1.567473e-09	1.567965e+01	1.784668e+02
6.100000e-06	3.281643e-09	1.534429e-09	1.530731e+01	1.742602e+02
6.110000e-06	3.201627e-09	1.499624e-09	1.493407e+01	1.700444e+02
6.120000e-06	3.121447e-09	1.462660e-09	1.456007e+01	1.658197e+02
6.130000e-06	3.041122e-09	1.425866e-09	1.418539e+01	1.615864e+02
6.140000e-06	2.960684e-09	1.391728e-09	1.381018e+01	1.573446e+02
6.150000e-06	2.880158e-09	1.359924e-09	1.343456e+01	1.530946e+02
6.160000e-06	2.799527e-09	1.325811e-09	1.305846e+01	1.488365e+02
6.170000e-06	2.718786e-09	1.287833e-09	1.268184e+01	1.445707e+02
6.180000e-06	2.637938e-09	1.249156e-09	1.230472e+01	1.402973e+02
6.190000e-06	2.556956e-09	1.212631e-09	1.192697e+01	1.360166e+02
6.200000e-06	2.475842e-09	1.177119e-09	1.154861e+01	1.317287e+02
6.210000e-06	2.394622e-09	1.140075e-09	1.116976e+01	1.274340e+02
6.220000e-06	2.313310e-09	1.101199e-09	1.079048e+01	1.231326e+02
6.230000e-06	2.231908e-09	1.061781e-09	1.041077e+01	1.188247e+02
6.240000e-06	2.150373e-09	1.023813e-09	1.003045e+01	1.145106e+02
6.250000e-06	2.068706e-09	9.858752e-10	9.649511e+00	1.101906e+02
6.260000e-06	1.986943e-09	9.470732e-10	9.268124e+00	1.058648e+02
6.270000e-06	1.905098e-09	9.077694e-10	8.886356e+00	1.015334e+02
6.280000e-06	1.823171e-09	8.693663e-10	8.504204e+00	9.719679e+01
6.290000e-06	1.741184e-09	8.331580e-10	8.121774e+00	9.285506e+01
6.300000e-06	1.659130e-09	7.963195e-10	7.739030e+00	8.850848e+01
6.310000e-06	1.577031e-09	7.566669e-10	7.356073e+00	8.415728e+01
6.320000e-06	1.494886e-09	7.152344e-10	6.972907e+00	7.980168e+01
6.330000e-06	1.412644e-09	6.742763e-10	6.589284e+00	7.544191e+01
6.340000e-06	1.330328e-09	6.351780e-10	6.205318e+00	7.107821e+01
6.350000e-06	1.247952e-09	5.972851e-10	5.821071e+00	6.671080e+01
6.360000e-06	1.165518e-09	5.593293e-10	5.436557e+00	6.233991e+01
6.370000e-06	1.083056e-09	5.203169e-10	5.051907e+00	5.796577e+01
6.380000e-06	1.000569e-09	4.794323e-10	4.667141e+00	5.358861e+01
6.390000e-06	9.180333e-10	4.378554e-10	4.282151e+00	4.920866e+01
6.400000e-06	8.354427e-10	3.963977e-10	3.896903e+00	4.482614e+01
6.410000e-06	7.528120e-10	3.544653e-10	3.511469e+00	4.044130e+01
6.420000e-06	6.701629e-10	3.148997e-10	3.125949e+00	3.605435e+01
6.430000e-06	5.875160e-10	2.804357e-10	2.740439e+00	3.166554e+01
6.440000e-06	5.048743e-10	2.482806e-10	2.354952e+00	2.727508e+01
6.450000e-06	4.222284e-10	2.130088e-10	1.969447e+00	2.288321e+01
6.460000e-06	3.395526e-10	1.741589e-10	1.583802e+00	1.849016e+01
6.470000e-06	2.568395e-10	1.347468e-10	1.197983e+00	1.409617e+01
6.480000e-06	1.741150e-10	9.557204e-11	8.121113e-01	9.701451e+00
6.490000e-06	9.138637e-11	5.640049e-11	4.262198e-01	5.306247e+00
6.500000e-06	8.640060e-12	1.607568e-11	4.024577e-02	9.107844e-01
6.510000e-06	-7.410786e-11	-2.564156e-11	-3.457357e-01	-3.484705e+00
6.520000e-06	-1.568361e-10	-6.600345e-11	-7.316251e-01	-7.879991e+00
6.530000e-06	-2.395598e-10	-1.030254e-10	-1.117493e+00	-1.227484e+01
6.540000e-06	-3.222640e-10	-1.388188e-10	-1.503271e+00	-1.666903e+01
6.550000e-06	-4.049445e-10	-1.754366e-10	-1.888938e+00	-2.106232e+01
6.560000e-06	-4.876147e-10	-2.129953e-10	-2.274556e+00	-2.545449e+01
6.570000e-06	-5.702470e-10	-2.513399e-10	-2.659998e+00	-2.984530e+01
6.580000e-06	-6.528232e-10	-2.896628e-10	-3.045178e+00	-3.423452e+01
6.590000e-06	-7.353557e-10	-3.299048e-10	-3.430155e+00	-3.862193e+01
6.600000e-06	-8.178446e-10	-3.735597e-10	-3.814928e+00	-4.300729e+01
6.610000e-06	-9.003089e-10	-4.193553e-10	-4.199586e+00	-4.739037e+01
6.620000e-06	-9.827651e-10	-4.629598e-10	-4.584207e+00	-5.177094e+01
6.630000e-06	-1.065198e-09	-4.994637e-10	-4.968721e+00	-5.614878e+01
6.640000e-06	-1.147596e-09	-5.300633e-10	-5.353068e+00	-6.052365e+01
6.650000e-06	-1.229932e-09	-5.607796e-10	-5.737126e+00	-6.489533e+01
6.660000e-06	-1.312211e-09	-5.985192e-10	-6.120921e+00	-6.926358e+01
6.670000e-06	-1.394451e-09	-6.437715e-10	-6.504534e+00	-7.362818e+01
6.680000e-06	-1.476633e-09	-6.898961e-10	-6.887872e+00	-7.798889e+01
6.690000e-06	-1.558739e-09	-7.331723e-10	-7.270862e+00	-8.234549e+01
6.700000e-06	-1.640753e-09	-7.747163e-10	-7.653421e+00	-8.669775e+01
6.710000e-06	-1.722685e-09	-8.136815e-10	-8.035596e+00	-9.104543e+01
6.720000e-06	-1.804551e-09	-8.490638e-10	-8.417464e+00	-9.538833e+01
6.730000e-06	-1.886325e-09	-8.815694e-10	-8.798898e+00	-9.972619e+01
6.740000e-06	-1.968000e-09	-9.142057e-10	-9.179874e+00	-1.040588e+02
6.750000e-06	-2.049567e-09	-9.522067e-10	-9.560347e+00	-1.083859e+02
6.760000e-06	-2.131028e-09	-9.981233e-10	-9.940328e+00	-1.127074e+02
6.770000e-06	-2.212429e-09	-1.046034e-09	-1.032002e+01	-1.170229e+02
6.780000e-06	-2.293752e-09	-1.086772e-09	-1.069936e+01	-1.213322e+02
6.790000e-06	-2.374960e-09	-1.120110e-09	-1.107815e+01	-1.256351e+02
6.800000e-06	-2.456039e-09	-1.153479e-09	-1.145635e+01	-1.299315e+02
6.810000e-06	-2.536990e-09	-1.191518e-09	-1.183395e+01	-1.342210e+02
6.820000e-06	-2.617835e-09	-1.232394e-09	-1.221106e+01	-1.385034e+02
6.830000e-06	-2.698570e-09	-1.271678e-09	-1.258765e+01	-1.427785e+02
6.840000e-06	-2.779160e-09	-1.308544e-09	-1.296357e+01	-1.470462e+02
6.850000e-06	-2.859604e-09	-1.346851e-09	-1.333880e+01	-1.513061e+02
6.860000e-06	-2.939908e-09	-1.386773e-09	-1.371338e+01	-1.555580e+02
6.870000e-06	-3.020070e-09	-1.425910e-09	-1.408730e+01	-1.598018e+02
6.880000e-06	-3.100083e-09	-1.462996e-09	-1.446052e+01	-1.640371e+02
6.890000e-06	-3.179930e-09	-1.498760e-09	-1.483297e+01	-1.682638e+02
6.900000e-06	-3.259593e-09	-1.536970e-09	-1.520456e+01	-1.724817e+02
6.910000e-06	-3.339109e-09	-1.578702e-09	-1.557547e+01	-1.766905e+02
6.920000e-06	-3.418467e-09	-1.618871e-09	-1.594564e+01	-1.808900e+02
6.930000e-06	-3.497566e-09	-1.652850e-09	-1.631460e+01	-1.850800e+02
6.940000e-06	-3.576430e-09	-1.682646e-09	-1.668246e+01	-1.892603e+02
6.950000e-06	-3.655101e-09	-1.716143e-09	-1.704942e+01	-1.934306e+02
6.960000e-06	-3.733530e-09	-1.757813e-09	-1.741526e+01	-1.975908e+02
6.970000e-06	-3.811726e-09	-1.802328e-09	-1.778000e+01	-2.017405e+02
6.980000e-06	-3.889708e-09	-1.843282e-09	-1.814375e+01	-2.058797e+02
6.990000e-06	-3.967455e-09	-1.879632e-09	-1.850640e+01	-2.100080e+02
7.000000e-06	-4.044975e-09	-1.914931e-09	-1.886800e+01	-2.141253e+02
7.010000e-06	-4.122259e-09	-1.951925e-09	-1.922849e+01	-2.182314e+02
7.020000e-06	-4.199290e-09	-1.989019e-09	-1.958780e+01	-2.223259e+02
7.030000e-06	-4.276062e-09	-2.026672e-09	-1.994591e+01	-2.264088e+02
7.040000e-06	-4.352594e-09	-2.066631e-09	-2.030289e+01	-2.304798e+02
7.050000e-06	-4.428885e-09	-2.107385e-09	-2.065876e+01	-2.345387e+02
7.060000e-06	-4.504866e-09	-2.146338e-09	-2.101317e+01	-2.385852e+02
7.070000e-06	-4.580527e-09	-2.180962e-09	-2.136609e+01	-2.426192e+02
7.080000e-06	-4.655900e-09	-2.212685e-09	-2.171768e+01	-2.466405e+02
7.090000e-06	-4.730990e-09	-2.246033e-09	-2.206793e+01	-2.506488e+02
7.100000e-06	-4.805829e-09	-2.284986e-09	-2.241702e+01	-2.546439e+02
7.110000e-06	-4.880418e-09	-2.328314e-09	-2.276495e+01	-2.586257e+02
7.120000e-06	-4.954735e-09	-2.369730e-09	-2.311160e+01	-2.625938e+02
7.130000e-06	-5.028787e-09	-2.406474e-09	-2.345702e+01	-2.665482e+02
7.140000e-06	-5.102586e-09	-2.439835e-09	-2.380125e+01	-2.704885e+02
7.150000e-06	-5.176130e-09	-2.473055e-09	-2.414431e+01	-2.744147e+02
7.160000e-06	-5.249417e-09	-2.508327e-09	-2.448615e+01	-2.783264e+02
7.170000e-06	-5.322429e-09	-2.546414e-09	-2.482672e+01	-2.822235e+02
7.180000e-06	-5.395214e-09	-2.586530e-09	-2.516623e+01	-2.861057e+02
7.190000e-06	-5.467788e-09	-2.623601e-09	-2.550475e+01	-2.899730e+02
7.200000e-06	-5.540106e-09	-2.656394e-09	-2.584208e+01	-2.938250e+02
7.210000e-06	-5.612184e-09	-2.688099e-09	-2.617830e+01	-2.976616e+02
7.220000e-06	-5.684021e-09	-2.720584e-09	-2.651338e+01	-3.014825e+02
7.230000e-06	-5.755551e-09	-2.755257e-09	-2.684703e+01	-3.052876e+02
7.240000e-06	-5.826723e-09	-2.790454e-09	-2.717902e+01	-3.090766e+02
7.250000e-06	-5.897541e-09	-2.825854e-09	-2.750935e+01	-3.128494e+02
7.260000e-06	-5.968013e-09	-2.861692e-09	-2.783807e+01	-3.166058e+02
7.270000e-06	-6.038141e-09	-2.896189e-09	-2.816518e+01	-3.203456e+02
7.280000e-06	-6.107941e-09	-2.929435e-09	-2.849077e+01	-3.240685e+02
7.290000e-06	-6.177441e-09	-2.961383e-09	-2.881495e+01	-3.277744e+02
7.300000e-06	-6.246609e-09	-2.993453e-09	-2.913759e+01	-3.314631e+02
7.310000e-06	-6.315431e-09	-3.027137e-09	-2.945861e+01	-3.351343e+02
7.320000e-06	-6.383900e-09	-3.062069e-09	-2.977799e+01	-3.387880e+02
7.330000e-06	-6.451997e-09	-3.096269e-09	-3.009562e+01	-3.424239e+02
7.340000e-06	-6.519723e-09	-3.127571e-09	-3.041154e+01	-3.460417e+02
7.350000e-06	-6.587053e-09	-3.158593e-09	-3.072560e+01	-3.496414e+02
7.360000e-06	-6.654037e-09	-3.191458e-09	-3.103805e+01	-3.532228e+02
7.370000e-06	-6.720742e-09	-3.225577e-09	-3.134920e+01	-3.567856e+02
7.380000e-06	-6.787156e-09	-3.259180e-09	-3.165899e+01	-3.603296e+02
7.390000e-06	-6.853249e-09	-3.289070e-09	-3.196728e+01	-3.638547e+02
7.400000e-06	-6.919009e-09	-3.316633e-09	-3.227402e+01	-3.673608e+02
7.410000e-06	-6.984419e-09	-3.345845e-09	-3.257913e+01	-3.708475e+02
7.420000e-06	-7.049478e-09	-3.378533e-09	-3.288260e+01	-3.743147e+02
7.430000e-06	-7.114204e-09	-3.411326e-09	-3.318451e+01	-3.777623e+02
7.440000e-06	-7.178636e-09	-3.439277e-09	-3.348506e+01	-3.811900e+02
7.450000e-06	-7.242776e-09	-3.464968e-09	-3.378424e+01	-3.845977e+02
7.460000e-06	-7.306580e-09	-3.491494e-09	-3.408186e+01	-3.879853e+02
7.470000e-06	-7.370021e-09	-3.518612e-09	-3.437778e+01	-3.913524e+02
7.480000e-06	-7.433057e-09	-3.545971e-09	-3.467182e+01	-3.946990e+02
7.490000e-06	-7.495664e-09	-3.574159e-09	-3.496385e+01	-3.980248e+02
7.500000e-06	-7.557842e-09	-3.605692e-09	-3.525388e+01	-4.013298e+02
7.510000e-06	-7.619571e-09	-3.640397e-09	-3.554181e+01	-4.046137e+02
7.520000e-06	-7.680861e-09	-3.673228e-09	-3.582770e+01	-4.078763e+02
7.530000e-06	-7.741699e-09	-3.699285e-09	-3.611149e+01	-4.111175e+02
7.540000e-06	-7.802063e-09	-3.719012e-09	-3.639306e+01	-4.143371e+02
7.550000e-06	-7.862002e-09	-3.739313e-09	-3.667264e+01	-4.175350e+02
7.560000e-06	-7.921550e-09	-3.764603e-09	-3.695041e+01	-4.207109e+02
7.570000e-06	-7.980712e-09	-3.793627e-09	-3.722637e+01	-4.238647e+02
7.580000e-06	-8.039514e-09	-3.824492e-09	-3.750066e+01	-4.269963e+02
7.590000e-06	-8.097989e-09	-3.854263e-09	-3.777341e+01	-4.301055e+02
7.600000e-06	-8.156090e-09	-3.882416e-09	-3.804443e+01	-4.331920e+02
7.610000e-06	-8.213742e-09	-3.909489e-09	-3.831335e+01	-4.362559e+02
7.620000e-06	-8.270933e-09	-3.934082e-09	-3.858011e+01	-4.392968e+02
7.630000e-06	-8.327720e-09	-3.954606e-09	-3.884500e+01	-4.423146e+02
7.640000e-06	-8.384143e-09	-3.974209e-09	-3.910819e+01	-4.453092e+02
7.650000e-06	-8.440182e-09	-3.996825e-09	-3.936958e+01	-4.482804e+02
7.660000e-06	-8.495796e-09	-4.023794e-09	-3.962900e+01	-4.512281e+02
7.670000e-06	-8.550956e-09	-4.053984e-09	-3.988629e+01	-4.541521e+02
7.680000e-06	-8.605632e-09	-4.082962e-09	-4.014133e+01	-4.570523e+02
7.690000e-06	-8.659802e-09	-4.109247e-09	-4.039401e+01	-4.599284e+02
7.700000e-06	-8.713433e-09	-4.132714e-09	-4.064417e+01	-4.627804e+02
7.710000e-06	-8.766481e-09	-4.153194e-09	-4.089161e+01	-4.656081e+02
7.720000e-06	-8.818958e-09	-4.171236e-09	-4.113640e+01	-4.684113e+02
7.730000e-06	-8.870868e-09	-4.187406e-09	-4.137853e+01	-4.711900e+02
7.740000e-06	-8.922242e-09	-4.205237e-09	-4.161817e+01	-4.739439e+02
7.750000e-06	-8.973137e-09	-4.229430e-09	-4.185557e+01	-4.766729e+02
7.760000e-06	-9.023559e-09	-4.258243e-09	-4.209076e+01	-4.793769e+02
7.770000e-06	-9.073468e-09	-4.285847e-09	-4.232356e+01	-4.820557e+02
7.780000e-06	-9.122816e-09	-4.308510e-09	-4.255375e+01	-4.847092e+02
7.790000e-06	-9.171543e-09	-4.326667e-09	-4.278104e+01	-4.873372e+02
7.800000e-06	-9.219636e-09	-4.343004e-09	-4.300537e+01	-4.899397e+02
7.810000e-06	-9.267140e-09	-4.358359e-09	-4.322695e+01	-4.925164e+02
7.820000e-06	-9.314072e-09	-4.374417e-09	-4.344587e+01	-4.950673e+02
7.830000e-06	-9.360497e-09	-4.393298e-09	-4.366242e+01	-4.975922e+02
7.840000e-06	-9.406486e-09	-4.414421e-09	-4.387693e+01	-5.000909e+02
7.850000e-06	-9.452058e-09	-4.436356e-09	-4.408951e+01	-5.025634e+02
7.860000e-06	-9.497217e-09	-4.457095e-09	-4.430015e+01	-5.050095e+02
7.870000e-06	-9.541983e-09	-4.475355e-09	-4.450896e+01	-5.074291e+02
7.880000e-06	-9.586349e-09	-4.491890e-09	-4.471591e+01	-5.098220e+02
7.890000e-06	-9.630303e-09	-4.507558e-09	-4.492094e+01	-5.121882e+02
7.900000e-06	-9.673869e-09	-4.522816e-09	-4.512415e+01	-5.145275e+02
7.910000e-06	-9.717035e-09	-4.538559e-09	-4.532550e+01	-5.168397e+02
7.920000e-06	-9.759786e-09	-4.556561e-09	-4.552492e+01	-5.191249e+02
7.930000e-06	-9.802111e-09	-4.576044e-09	-4.572234e+01	-5.213827e+02
7.940000e-06	-9.843953e-09	-4.593105e-09	-4.591751e+01	-5.236132e+02
7.950000e-06	-9.885281e-09	-4.607294e-09	-4.611029e+01	-5.258162e+02
7.960000e-06	-9.926119e-09	-4.623057e-09	-4.630078e+01	-5.279916e+02
7.970000e-06	-9.966499e-09	-4.641641e-09	-4.648913e+01	-5.301393e+02
7.980000e-06	-1.000645e-08	-4.659580e-09	-4.667550e+01	-5.322591e+02
7.990000e-06	-1.004599e-08	-4.674774e-09	-4.685993e+01	-5.343510e+02
8.000000e-06	-1.008506e-08	-4.687930e-09	-4.704216e+01	-5.364148e+02
8.010000e-06	-1.012359e-08	-4.699916e-09	-4.722188e+01	-5.384505e+02
8.020000e-06	-1.016148e-08	-4.712240e-09	-4.739861e+01	-5.404579e+02
8.030000e-06	-1.019865e-08	-4.725949e-09	-4.757199e+01	-5.424369e+02
8.040000e-06	-1.023516e-08	-4.739648e-09	-4.774229e+01	-5.443874e+02
8.050000e-06	-1.027112e-08	-4.751398e-09	-4.791004e+01	-5.463094e+02
8.060000e-06	-1.030662e-08	-4.762113e-09	-4.807564e+01	-5.482026e+02
8.070000e-06	-1.034166e-08	-4.774321e-09	-4.823910e+01	-5.500671e+02
8.080000e-06	-1.037623e-08	-4.786935e-09	-4.840034e+01	-5.519027e+02
8.090000e-06	-1.041030e-08	-4.797583e-09	-4.855926e+01	-5.537094e+02
8.100000e-06	-1.044385e-08	-4.806921e-09	-4.871575e+01	-5.554869e+02
8.110000e-06	-1.047685e-08	-4.818566e-09	-4.886969e+01	-5.572353e+02
8.120000e-06	-1.050933e-08	-4.832896e-09	-4.902117e+01	-5.589544e+02
8.130000e-06	-1.054134e-08	-4.846148e-09	-4.917049e+01	-5.606442e+02
8.140000e-06	-1.057292e-08	-4.856204e-09	-4.931779e+01	-5.623046e+02
8.150000e-06	-1.060401e-08	-4.864746e-09	-4.946283e+01	-5.639354e+02
8.160000e-06	-1.063450e-08	-4.875498e-09	-4.960503e+01	-5.655366e+02
8.170000e-06	-1.066419e-08	-4.887896e-09	-4.974352e+01	-5.671082e+02
8.180000e-06	-1.069305e-08	-4.898353e-09	-4.987817e+01	-5.686499e+02
8.190000e-06	-1.072126e-08	-4.906340e-09	-5.000975e+01	-5.701618e+02
8.200000e-06	-1.074898e-08	-4.913759e-09	-5.013904e+01	-5.716438e+02
8.210000e-06	-1.077630e-08	-4.922927e-09	-5.026645e+01	-5.730957e+02
8.220000e-06	-1.080314e-08	-4.933245e-09	-5.039169e+01	-5.745176e+02
8.230000e-06	-1.082948e-08	-4.942924e-09	-5.051452e+01	-5.759093e+02
8.240000e-06	-1.085526e-08	-4.949634e-09	-5.063476e+01	-5.772707e+02
8.250000e-06	-1.088044e-08	-4.953857e-09	-5.075225e+01	-5.786019e+02
8.260000e-06	-1.090506e-08	-4.958320e-09	-5.086709e+01	-5.799027e+02
8.270000e-06	-1.092919e-08	-4.964157e-09	-5.097962e+01	-5.811730e+02
8.280000e-06	-1.095291e-08	-4.972855e-09	-5.109028e+01	-5.824128e+02
8.290000e-06	-1.097622e-08	-4.983055e-09	-5.119898e+01	-5.836220e+02
8.300000e-06	-1.099897e-08	-4.992322e-09	-5.130513e+01	-5.848006e+02
8.310000e-06	-1.102099e-08	-5.000045e-09	-5.140783e+01	-5.859485e+02
8.320000e-06	-1.104213e-08	-5.006866e-09	-5.150643e+01	-5.870657e+02
8.330000e-06	-1.106250e-08	-5.013444e-09	-5.160147e+01	-5.881520e+02
8.340000e-06	-1.108235e-08	-5.020594e-09	-5.169406e+01	-5.892074e+02
8.350000e-06	-1.110180e-08	-5.028111e-09	-5.178476e+01	-5.902319e+02
8.360000e-06	-1.112080e-08	-5.034309e-09	-5.187337e+01	-5.912254e+02
8.370000e-06	-1.113925e-08	-5.040534e-09	-5.195945e+01	-5.921879e+02
8.380000e-06	-1.115715e-08	-5.048190e-09	-5.204296e+01	-5.931192e+02
8.390000e-06	-1.117454e-08	-5.055505e-09	-5.212407e+01	-5.940195e+02
8.400000e-06	-1.119137e-08	-5.060607e-09	-5.220257e+01	-5.948885e+02
8.410000e-06	-1.120764e-08	-5.062358e-09	-5.227847e+01	-5.957263e+02
8.420000e-06	-1.122348e-08	-5.063411e-09	-5.235234e+01	-5.965329e+02
8.430000e-06	-1.123887e-08	-5.066312e-09	-5.242416e+01	-5.973081e+02
8.440000e-06	-1.125363e-08	-5.070297e-09	-5.249300e+01	-5.980520e+02
8.450000e-06	-1.126750e-08	-5.073706e-09	-5.255769e+01	-5.987644e+02
8.460000e-06	-1.128042e-08	-5.074805e-09	-5.261796e+01	-5.994454e+02
8.470000e-06	-1.129259e-08	-5.075680e-09	-5.267471e+01	-6.000950e+02
8.480000e-06	-1.130422e-08	-5.078952e-09	-5.272896e+01	-6.007131e+02
8.490000e-06	-1.131531e-08	-5.083265e-09	-5.278068e+01	-6.012996e+02
8.500000e-06	-1.132581e-08	-5.085632e-09	-5.282967e+01	-6.018545e+02
8.510000e-06	-1.133575e-08	-5.086386e-09	-5.287605e+01	-6.023779e+02
8.520000e-06	-1.134515e-08	-5.087790e-09	-5.291989e+01	-6.028696e+02
8.530000e-06	-1.135398e-08	-5.089452e-09	-5.296106e+01	-6.033296e+02
8.540000e-06	-1.136222e-08	-5.089030e-09	-5.299952e+01	-6.037580e+02
8.550000e-06	-1.137001e-08	-5.085340e-09	-5.303582e+01	-6.041547e+02
8.560000e-06	-1.137740e-08	-5.081436e-09	-5.307033e+01	-6.045197e+02
8.570000e-06	-1.138426e-08	-5.080401e-09	-5.310229e+01	-6.048529e+02
8.580000e-06	-1.139034e-08	-5.083543e-09	-5.313067e+01	-6.051544e+02
8.590000e-06	-1.139556e-08	-5.088613e-09	-5.315503e+01	-6.054241e+02
8.600000e-06	-1.140000e-08	-5.090867e-09	-5.317571e+01	-6.056621e+02
8.610000e-06	-1.140386e-08	-5.087958e-09	-5.319373e+01	-6.058682e+02
8.620000e-06	-1.140730e-08	-5.081718e-09	-5.320978e+01	-6.060425e+02
8.630000e-06	-1.141027e-08	-5.076822e-09	-5.322363e+01	-6.061850e+02
8.640000e-06	-1.141270e-08	-5.074797e-09	-5.323498e+01	-6.062957e+02
8.650000e-06	-1.141463e-08	-5.074559e-09	-5.324395e+01	-6.063746e+02
8.660000e-06	-1.141601e-08	-5.074019e-09	-5.325041e+01	-6.064216e+02
8.670000e-06	-1.141676e-08	-5.072037e-09	-5.325392e+01	-6.064367e+02
