# Temperatura_=_20.0
# Concentracion g/m^3_=_10000.0
# C_Vs_to_Am_M_A/Vsm_=_116720831517.84952
# pendiente_HvsI_1/m_=_3716.3
# ordenada_HvsI_A/m_=_1297.0
# frecuencia_Hz_=_212959.51855251697
# Promedio de 26 ciclos

Tiempo_(s)	Campo_(V.s)	Magnetizacion_(V.s)	Campo_(kA/m)	Magnetizacion_(A/m)
0.000000e+00	-4.621410e-09	-1.909932e-09	-2.355439e+01	-2.256828e+02
1.000000e-08	-4.621047e-09	-1.910378e-09	-2.355253e+01	-2.255722e+02
2.000000e-08	-4.619993e-09	-1.914059e-09	-2.354716e+01	-2.254212e+02
3.000000e-08	-4.617922e-09	-1.915489e-09	-2.353660e+01	-2.252299e+02
4.000000e-08	-4.614786e-09	-1.912276e-09	-2.352062e+01	-2.249981e+02
5.000000e-08	-4.610851e-09	-1.902653e-09	-2.350057e+01	-2.247261e+02
6.000000e-08	-4.606306e-09	-1.881043e-09	-2.347740e+01	-2.244137e+02
7.000000e-08	-4.601024e-09	-1.866119e-09	-2.345048e+01	-2.240611e+02
8.000000e-08	-4.594784e-09	-1.921127e-09	-2.341868e+01	-2.236684e+02
9.000000e-08	-4.587536e-09	-2.000359e-09	-2.338174e+01	-2.232356e+02
1.000000e-07	-4.579557e-09	-1.912257e-09	-2.334107e+01	-2.227627e+02
1.100000e-07	-4.571166e-09	-1.778115e-09	-2.329830e+01	-2.222500e+02
1.200000e-07	-4.562075e-09	-1.836182e-09	-2.325196e+01	-2.216974e+02
1.300000e-07	-4.551722e-09	-1.962725e-09	-2.319920e+01	-2.211051e+02
1.400000e-07	-4.540218e-09	-1.870290e-09	-2.314056e+01	-2.204731e+02
1.500000e-07	-4.527986e-09	-1.782055e-09	-2.307822e+01	-2.198016e+02
1.600000e-07	-4.514918e-09	-1.929492e-09	-2.301161e+01	-2.190908e+02
1.700000e-07	-4.500919e-09	-1.965141e-09	-2.294026e+01	-2.183406e+02
1.800000e-07	-4.486240e-09	-1.816383e-09	-2.286545e+01	-2.175513e+02
1.900000e-07	-4.470623e-09	-1.833806e-09	-2.278585e+01	-2.167231e+02
2.000000e-07	-4.453684e-09	-1.935532e-09	-2.269952e+01	-2.158560e+02
2.100000e-07	-4.435845e-09	-1.805332e-09	-2.260859e+01	-2.149502e+02
2.200000e-07	-4.417493e-09	-1.745130e-09	-2.251505e+01	-2.140058e+02
2.300000e-07	-4.398384e-09	-1.894600e-09	-2.241766e+01	-2.130231e+02
2.400000e-07	-4.378515e-09	-1.879694e-09	-2.231639e+01	-2.120023e+02
2.500000e-07	-4.358142e-09	-1.746419e-09	-2.221255e+01	-2.109434e+02
2.600000e-07	-4.337098e-09	-1.790020e-09	-2.210530e+01	-2.098467e+02
2.700000e-07	-4.315237e-09	-1.817930e-09	-2.199388e+01	-2.087124e+02
2.800000e-07	-4.292715e-09	-1.734826e-09	-2.187909e+01	-2.075407e+02
2.900000e-07	-4.269468e-09	-1.771061e-09	-2.176060e+01	-2.063318e+02
3.000000e-07	-4.245433e-09	-1.816223e-09	-2.163810e+01	-2.050859e+02
3.100000e-07	-4.220832e-09	-1.735405e-09	-2.151271e+01	-2.038032e+02
3.200000e-07	-4.195545e-09	-1.717323e-09	-2.138383e+01	-2.024840e+02
3.300000e-07	-4.169078e-09	-1.755795e-09	-2.124894e+01	-2.011285e+02
3.400000e-07	-4.141494e-09	-1.713473e-09	-2.110834e+01	-1.997370e+02
3.500000e-07	-4.113280e-09	-1.681697e-09	-2.096454e+01	-1.983097e+02
3.600000e-07	-4.084515e-09	-1.685202e-09	-2.081793e+01	-1.968468e+02
3.700000e-07	-4.055059e-09	-1.678287e-09	-2.066780e+01	-1.953486e+02
3.800000e-07	-4.024917e-09	-1.690791e-09	-2.051417e+01	-1.938154e+02
3.900000e-07	-3.994084e-09	-1.677017e-09	-2.035702e+01	-1.922475e+02
4.000000e-07	-3.962573e-09	-1.618964e-09	-2.019642e+01	-1.906451e+02
4.100000e-07	-3.930551e-09	-1.603360e-09	-2.003321e+01	-1.890085e+02
4.200000e-07	-3.898086e-09	-1.614863e-09	-1.986774e+01	-1.873380e+02
4.300000e-07	-3.864918e-09	-1.601590e-09	-1.969869e+01	-1.856340e+02
4.400000e-07	-3.830740e-09	-1.592762e-09	-1.952449e+01	-1.838967e+02
4.500000e-07	-3.795551e-09	-1.571866e-09	-1.934514e+01	-1.821264e+02
4.600000e-07	-3.759654e-09	-1.540915e-09	-1.916218e+01	-1.803235e+02
4.700000e-07	-3.723279e-09	-1.542123e-09	-1.897679e+01	-1.784882e+02
4.800000e-07	-3.686366e-09	-1.534466e-09	-1.878865e+01	-1.766209e+02
4.900000e-07	-3.648801e-09	-1.499175e-09	-1.859719e+01	-1.747220e+02
5.000000e-07	-3.610577e-09	-1.480560e-09	-1.840237e+01	-1.727917e+02
5.100000e-07	-3.571691e-09	-1.477232e-09	-1.820417e+01	-1.708305e+02
5.200000e-07	-3.532194e-09	-1.471988e-09	-1.800286e+01	-1.688387e+02
5.300000e-07	-3.492247e-09	-1.457070e-09	-1.779926e+01	-1.668165e+02
5.400000e-07	-3.451916e-09	-1.422208e-09	-1.759370e+01	-1.647645e+02
5.500000e-07	-3.411038e-09	-1.386676e-09	-1.738535e+01	-1.626829e+02
5.600000e-07	-3.369328e-09	-1.377986e-09	-1.717277e+01	-1.605722e+02
5.700000e-07	-3.326642e-09	-1.377540e-09	-1.695521e+01	-1.584326e+02
5.800000e-07	-3.283139e-09	-1.359728e-09	-1.673348e+01	-1.562647e+02
5.900000e-07	-3.239113e-09	-1.334978e-09	-1.650909e+01	-1.540687e+02
6.000000e-07	-3.194683e-09	-1.310187e-09	-1.628264e+01	-1.518451e+02
6.100000e-07	-3.149770e-09	-1.291244e-09	-1.605373e+01	-1.495943e+02
6.200000e-07	-3.104280e-09	-1.279906e-09	-1.582187e+01	-1.473166e+02
6.300000e-07	-3.058215e-09	-1.258459e-09	-1.558709e+01	-1.450126e+02
6.400000e-07	-3.011589e-09	-1.229080e-09	-1.534944e+01	-1.426825e+02
6.500000e-07	-2.964413e-09	-1.209217e-09	-1.510900e+01	-1.403268e+02
6.600000e-07	-2.916757e-09	-1.200282e-09	-1.486610e+01	-1.379460e+02
6.700000e-07	-2.868683e-09	-1.187682e-09	-1.462108e+01	-1.355404e+02
6.800000e-07	-2.820148e-09	-1.159868e-09	-1.437371e+01	-1.331106e+02
6.900000e-07	-2.770994e-09	-1.126598e-09	-1.412318e+01	-1.306568e+02
7.000000e-07	-2.721049e-09	-1.103245e-09	-1.386862e+01	-1.281796e+02
7.100000e-07	-2.670287e-09	-1.090421e-09	-1.360990e+01	-1.256795e+02
7.200000e-07	-2.618848e-09	-1.074630e-09	-1.334772e+01	-1.231568e+02
7.300000e-07	-2.566862e-09	-1.049065e-09	-1.308276e+01	-1.206119e+02
7.400000e-07	-2.514409e-09	-1.021770e-09	-1.281542e+01	-1.180455e+02
7.500000e-07	-2.461482e-09	-9.987974e-10	-1.254566e+01	-1.154579e+02
7.600000e-07	-2.408085e-09	-9.800349e-10	-1.227350e+01	-1.128496e+02
7.700000e-07	-2.354287e-09	-9.576661e-10	-1.199931e+01	-1.102210e+02
7.800000e-07	-2.300122e-09	-9.289901e-10	-1.172324e+01	-1.075726e+02
7.900000e-07	-2.245594e-09	-9.045445e-10	-1.144532e+01	-1.049050e+02
8.000000e-07	-2.190668e-09	-8.866847e-10	-1.116537e+01	-1.022185e+02
8.100000e-07	-2.135328e-09	-8.672322e-10	-1.088332e+01	-9.951367e+01
8.200000e-07	-2.079626e-09	-8.399518e-10	-1.059942e+01	-9.679099e+01
8.300000e-07	-2.023647e-09	-8.098307e-10	-1.031410e+01	-9.405095e+01
8.400000e-07	-1.967473e-09	-7.863554e-10	-1.002780e+01	-9.129402e+01
8.500000e-07	-1.911130e-09	-7.681591e-10	-9.740624e+00	-8.852070e+01
8.600000e-07	-1.854570e-09	-7.487077e-10	-9.452352e+00	-8.573150e+01
8.700000e-07	-1.797684e-09	-7.233665e-10	-9.162417e+00	-8.292690e+01
8.800000e-07	-1.740361e-09	-6.949676e-10	-8.870253e+00	-8.010742e+01
8.900000e-07	-1.682542e-09	-6.697265e-10	-8.575560e+00	-7.727355e+01
9.000000e-07	-1.624203e-09	-6.467642e-10	-8.278218e+00	-7.442581e+01
9.100000e-07	-1.565362e-09	-6.220079e-10	-7.978315e+00	-7.156471e+01
9.200000e-07	-1.506059e-09	-5.932887e-10	-7.676061e+00	-6.869074e+01
9.300000e-07	-1.446393e-09	-5.654109e-10	-7.371958e+00	-6.580444e+01
9.400000e-07	-1.386501e-09	-5.421622e-10	-7.066699e+00	-6.290632e+01
9.500000e-07	-1.326462e-09	-5.198771e-10	-6.760689e+00	-5.999689e+01
9.600000e-07	-1.266313e-09	-4.951408e-10	-6.454122e+00	-5.707669e+01
9.700000e-07	-1.206058e-09	-4.658470e-10	-6.147018e+00	-5.414622e+01
9.800000e-07	-1.145668e-09	-4.374357e-10	-5.839221e+00	-5.120601e+01
9.900000e-07	-1.085132e-09	-4.153893e-10	-5.530681e+00	-4.825660e+01
1.000000e-06	-1.024444e-09	-3.946785e-10	-5.221369e+00	-4.529851e+01
1.010000e-06	-9.635749e-10	-3.698858e-10	-4.911129e+00	-4.233227e+01
1.020000e-06	-9.024812e-10	-3.414453e-10	-4.599747e+00	-3.935841e+01
1.030000e-06	-8.411658e-10	-3.147253e-10	-4.287235e+00	-3.637746e+01
1.040000e-06	-7.796763e-10	-2.923266e-10	-3.973836e+00	-3.338996e+01
1.050000e-06	-7.180459e-10	-2.700791e-10	-3.659718e+00	-3.039644e+01
1.060000e-06	-6.563072e-10	-2.438916e-10	-3.345049e+00	-2.739744e+01
1.070000e-06	-5.944778e-10	-2.152983e-10	-3.029916e+00	-2.439349e+01
1.080000e-06	-5.325599e-10	-1.893883e-10	-2.714333e+00	-2.138513e+01
1.090000e-06	-4.705651e-10	-1.669304e-10	-2.398358e+00	-1.837291e+01
1.100000e-06	-4.085102e-10	-1.441253e-10	-2.082077e+00	-1.535736e+01
1.110000e-06	-3.464056e-10	-1.178960e-10	-1.765543e+00	-1.233901e+01
1.120000e-06	-2.842523e-10	-8.956107e-11	-1.448760e+00	-9.318423e+00
1.130000e-06	-2.220543e-10	-6.446599e-11	-1.131749e+00	-6.296124e+00
1.140000e-06	-1.598347e-10	-4.177804e-11	-8.146288e-01	-3.272657e+00
1.150000e-06	-9.761140e-11	-1.631580e-11	-4.974893e-01	-2.485646e-01
1.160000e-06	-3.537369e-11	1.218993e-11	-1.802763e-01	2.775612e+00
1.170000e-06	2.687860e-11	3.960374e-11	1.370109e-01	5.799331e+00
1.180000e-06	8.912520e-11	6.168425e-11	4.542693e-01	8.822051e+00
1.190000e-06	1.513465e-10	8.140976e-11	7.713985e-01	1.184323e+01
1.200000e-06	2.135256e-10	1.049625e-10	1.088313e+00	1.486233e+01
1.210000e-06	2.756596e-10	1.331018e-10	1.404997e+00	1.787881e+01
1.220000e-06	3.377590e-10	1.610061e-10	1.721505e+00	2.089213e+01
1.230000e-06	3.998092e-10	1.851208e-10	2.037762e+00	2.390174e+01
1.240000e-06	4.617837e-10	2.077594e-10	2.353633e+00	2.690712e+01
1.250000e-06	5.236550e-10	2.327510e-10	2.668979e+00	2.990771e+01
1.260000e-06	5.854278e-10	2.601564e-10	2.983822e+00	3.290299e+01
1.270000e-06	6.471153e-10	2.863592e-10	3.298231e+00	3.589242e+01
1.280000e-06	7.086683e-10	3.107995e-10	3.611954e+00	3.887547e+01
1.290000e-06	7.700424e-10	3.363112e-10	3.924765e+00	4.185159e+01
1.300000e-06	8.312260e-10	3.637221e-10	4.236606e+00	4.482025e+01
1.310000e-06	8.922367e-10	3.915251e-10	4.547565e+00	4.778094e+01
1.320000e-06	9.530926e-10	4.167291e-10	4.857734e+00	5.073310e+01
1.330000e-06	1.013790e-09	4.390477e-10	5.167096e+00	5.367622e+01
1.340000e-06	1.074324e-09	4.625979e-10	5.475629e+00	5.660977e+01
1.350000e-06	1.134711e-09	4.897077e-10	5.783408e+00	5.953323e+01
1.360000e-06	1.194998e-09	5.175338e-10	6.090676e+00	6.244606e+01
1.370000e-06	1.255202e-09	5.420760e-10	6.397523e+00	6.534775e+01
1.380000e-06	1.315311e-09	5.641672e-10	6.703889e+00	6.823778e+01
1.390000e-06	1.375301e-09	5.889530e-10	7.009647e+00	7.111564e+01
1.400000e-06	1.435132e-09	6.181526e-10	7.314593e+00	7.398079e+01
1.410000e-06	1.494737e-09	6.477646e-10	7.618385e+00	7.683275e+01
1.420000e-06	1.554001e-09	6.729394e-10	7.920444e+00	7.967098e+01
1.430000e-06	1.612802e-09	6.947094e-10	8.220137e+00	8.249499e+01
1.440000e-06	1.671061e-09	7.180245e-10	8.517074e+00	8.530426e+01
1.450000e-06	1.728768e-09	7.432379e-10	8.811196e+00	8.809830e+01
1.460000e-06	1.785987e-09	7.676663e-10	9.102825e+00	9.087661e+01
1.470000e-06	1.842802e-09	7.901584e-10	9.392399e+00	9.363869e+01
1.480000e-06	1.899282e-09	8.137874e-10	9.680270e+00	9.638403e+01
1.490000e-06	1.955521e-09	8.409930e-10	9.966907e+00	9.911216e+01
1.500000e-06	2.011566e-09	8.677223e-10	1.025255e+01	1.018226e+02
1.510000e-06	2.067353e-09	8.898829e-10	1.053689e+01	1.045148e+02
1.520000e-06	2.122790e-09	9.091432e-10	1.081944e+01	1.071884e+02
1.530000e-06	2.177815e-09	9.305667e-10	1.109989e+01	1.098428e+02
1.540000e-06	2.232431e-09	9.562450e-10	1.137826e+01	1.124776e+02
1.550000e-06	2.286700e-09	9.825132e-10	1.165486e+01	1.150922e+02
1.560000e-06	2.340650e-09	1.005897e-09	1.192983e+01	1.176863e+02
1.570000e-06	2.394209e-09	1.026980e-09	1.220281e+01	1.202594e+02
1.580000e-06	2.447269e-09	1.048863e-09	1.247325e+01	1.228110e+02
1.590000e-06	2.499812e-09	1.072578e-09	1.274105e+01	1.253406e+02
1.600000e-06	2.551888e-09	1.094893e-09	1.300647e+01	1.278478e+02
1.610000e-06	2.603475e-09	1.113913e-09	1.326939e+01	1.303322e+02
1.620000e-06	2.654427e-09	1.132532e-09	1.352909e+01	1.327933e+02
1.630000e-06	2.704582e-09	1.154566e-09	1.378471e+01	1.352306e+02
1.640000e-06	2.753931e-09	1.179321e-09	1.403624e+01	1.376438e+02
1.650000e-06	2.802644e-09	1.202523e-09	1.428452e+01	1.400324e+02
1.660000e-06	2.850938e-09	1.222259e-09	1.453066e+01	1.423959e+02
1.670000e-06	2.898900e-09	1.240115e-09	1.477511e+01	1.447340e+02
1.680000e-06	2.946445e-09	1.259046e-09	1.501744e+01	1.470462e+02
1.690000e-06	2.993458e-09	1.279487e-09	1.525706e+01	1.493321e+02
1.700000e-06	3.039928e-09	1.299065e-09	1.549390e+01	1.515913e+02
1.710000e-06	3.085893e-09	1.317077e-09	1.572818e+01	1.538234e+02
1.720000e-06	3.131310e-09	1.335817e-09	1.595966e+01	1.560280e+02
1.730000e-06	3.176183e-09	1.357147e-09	1.618837e+01	1.582047e+02
1.740000e-06	3.220643e-09	1.378532e-09	1.641497e+01	1.603531e+02
1.750000e-06	3.264793e-09	1.396444e-09	1.664000e+01	1.624728e+02
1.760000e-06	3.308557e-09	1.410877e-09	1.686305e+01	1.645635e+02
1.770000e-06	3.351671e-09	1.425005e-09	1.708280e+01	1.666248e+02
1.780000e-06	3.393874e-09	1.441744e-09	1.729789e+01	1.686562e+02
1.790000e-06	3.435126e-09	1.460676e-09	1.750815e+01	1.706575e+02
1.800000e-06	3.475676e-09	1.479134e-09	1.771482e+01	1.726283e+02
1.810000e-06	3.515769e-09	1.495338e-09	1.791917e+01	1.745683e+02
1.820000e-06	3.555403e-09	1.510635e-09	1.812117e+01	1.764770e+02
1.830000e-06	3.594450e-09	1.526829e-09	1.832019e+01	1.783541e+02
1.840000e-06	3.632869e-09	1.543123e-09	1.851600e+01	1.801993e+02
1.850000e-06	3.670635e-09	1.558266e-09	1.870849e+01	1.820124e+02
1.860000e-06	3.707718e-09	1.572277e-09	1.889749e+01	1.837928e+02
1.870000e-06	3.744246e-09	1.586524e-09	1.908367e+01	1.855404e+02
1.880000e-06	3.780355e-09	1.602307e-09	1.926771e+01	1.872548e+02
1.890000e-06	3.815928e-09	1.618471e-09	1.944901e+01	1.889358e+02
1.900000e-06	3.850657e-09	1.633048e-09	1.962602e+01	1.905829e+02
1.910000e-06	3.884365e-09	1.645702e-09	1.979782e+01	1.921960e+02
1.920000e-06	3.917170e-09	1.658413e-09	1.996503e+01	1.937746e+02
1.930000e-06	3.949362e-09	1.673121e-09	2.012910e+01	1.953187e+02
1.940000e-06	3.981024e-09	1.688723e-09	2.029048e+01	1.968278e+02
1.950000e-06	4.012042e-09	1.702478e-09	2.044857e+01	1.983016e+02
1.960000e-06	4.042378e-09	1.713072e-09	2.060318e+01	1.997401e+02
1.970000e-06	4.072014e-09	1.722312e-09	2.075423e+01	2.011428e+02
1.980000e-06	4.100949e-09	1.732909e-09	2.090171e+01	2.025095e+02
1.990000e-06	4.129336e-09	1.745437e-09	2.104639e+01	2.038400e+02
2.000000e-06	4.157258e-09	1.758553e-09	2.118871e+01	2.051340e+02
2.010000e-06	4.184459e-09	1.771648e-09	2.132734e+01	2.063914e+02
2.020000e-06	4.210595e-09	1.784739e-09	2.146055e+01	2.076118e+02
2.030000e-06	4.235670e-09	1.796260e-09	2.158835e+01	2.087951e+02
2.040000e-06	4.259966e-09	1.805019e-09	2.171218e+01	2.099410e+02
2.050000e-06	4.283594e-09	1.811622e-09	2.183261e+01	2.110494e+02
2.060000e-06	4.306488e-09	1.817886e-09	2.194930e+01	2.121201e+02
2.070000e-06	4.328667e-09	1.825599e-09	2.206234e+01	2.131528e+02
2.080000e-06	4.350124e-09	1.834785e-09	2.217170e+01	2.141474e+02
2.090000e-06	4.370887e-09	1.844261e-09	2.227752e+01	2.151036e+02
2.100000e-06	4.391104e-09	1.853296e-09	2.238057e+01	2.160214e+02
2.110000e-06	4.410746e-09	1.861855e-09	2.248068e+01	2.169006e+02
2.120000e-06	4.429599e-09	1.869573e-09	2.257677e+01	2.177410e+02
2.130000e-06	4.447591e-09	1.875531e-09	2.266847e+01	2.185424e+02
2.140000e-06	4.464824e-09	1.880121e-09	2.275630e+01	2.193047e+02
2.150000e-06	4.481298e-09	1.885236e-09	2.284027e+01	2.200278e+02
2.160000e-06	4.496848e-09	1.891323e-09	2.291952e+01	2.207115e+02
2.170000e-06	4.511454e-09	1.897056e-09	2.299396e+01	2.213558e+02
2.180000e-06	4.525232e-09	1.902650e-09	2.306419e+01	2.219604e+02
2.190000e-06	4.538203e-09	1.908664e-09	2.313030e+01	2.225254e+02
2.200000e-06	4.550378e-09	1.914740e-09	2.319235e+01	2.230505e+02
2.210000e-06	4.561655e-09	1.920100e-09	2.324983e+01	2.235358e+02
2.220000e-06	4.571797e-09	1.922907e-09	2.330152e+01	2.239810e+02
2.230000e-06	4.580830e-09	1.923335e-09	2.334756e+01	2.243862e+02
2.240000e-06	4.589073e-09	1.923621e-09	2.338957e+01	2.247513e+02
2.250000e-06	4.596652e-09	1.924894e-09	2.342820e+01	2.250762e+02
2.260000e-06	4.603462e-09	1.926912e-09	2.346291e+01	2.253608e+02
2.270000e-06	4.609459e-09	1.929267e-09	2.349348e+01	2.256050e+02
2.280000e-06	4.614661e-09	1.932157e-09	2.351999e+01	2.258090e+02
2.290000e-06	4.619187e-09	1.935185e-09	2.354306e+01	2.259725e+02
2.300000e-06	4.623125e-09	1.937269e-09	2.356312e+01	2.260956e+02
2.310000e-06	4.626230e-09	1.938173e-09	2.357895e+01	2.261783e+02
2.320000e-06	4.628198e-09	1.936741e-09	2.358898e+01	2.262205e+02
2.330000e-06	4.629131e-09	1.933874e-09	2.359374e+01	2.262222e+02
2.340000e-06	4.629340e-09	1.932841e-09	2.359480e+01	2.261835e+02
2.350000e-06	4.628884e-09	1.933487e-09	2.359248e+01	2.261043e+02
2.360000e-06	4.627684e-09	1.933450e-09	2.358636e+01	2.259847e+02
2.370000e-06	4.625752e-09	1.930915e-09	2.357651e+01	2.258246e+02
2.380000e-06	4.623091e-09	1.927157e-09	2.356295e+01	2.256242e+02
2.390000e-06	4.619759e-09	1.926259e-09	2.354597e+01	2.253834e+02
2.400000e-06	4.615864e-09	1.937521e-09	2.352612e+01	2.251022e+02
2.410000e-06	4.611303e-09	1.957148e-09	2.350287e+01	2.247808e+02
2.420000e-06	4.605753e-09	1.912831e-09	2.347458e+01	2.244192e+02
2.430000e-06	4.598953e-09	1.805980e-09	2.343992e+01	2.240175e+02
2.440000e-06	4.590884e-09	1.857905e-09	2.339880e+01	2.235757e+02
2.450000e-06	4.581953e-09	1.996862e-09	2.335328e+01	2.230939e+02
2.460000e-06	4.572802e-09	1.961064e-09	2.330664e+01	2.225721e+02
2.470000e-06	4.563282e-09	1.825093e-09	2.325812e+01	2.220106e+02
2.480000e-06	4.552640e-09	1.883164e-09	2.320388e+01	2.214093e+02
2.490000e-06	4.540962e-09	1.976334e-09	2.314435e+01	2.207685e+02
2.500000e-06	4.528807e-09	1.817153e-09	2.308240e+01	2.200881e+02
2.510000e-06	4.515761e-09	1.740582e-09	2.301591e+01	2.193684e+02
2.520000e-06	4.501225e-09	1.930104e-09	2.294182e+01	2.186095e+02
2.530000e-06	4.485711e-09	1.935630e-09	2.286275e+01	2.178114e+02
2.540000e-06	4.469703e-09	1.746862e-09	2.278116e+01	2.169744e+02
2.550000e-06	4.452887e-09	1.844298e-09	2.269545e+01	2.160986e+02
2.560000e-06	4.435240e-09	1.980458e-09	2.260551e+01	2.151841e+02
2.570000e-06	4.417089e-09	1.802859e-09	2.251300e+01	2.142311e+02
2.580000e-06	4.398242e-09	1.717755e-09	2.241694e+01	2.132398e+02
2.590000e-06	4.378575e-09	1.873611e-09	2.231670e+01	2.122104e+02
2.600000e-06	4.358389e-09	1.849884e-09	2.221381e+01	2.111430e+02
2.610000e-06	4.337367e-09	1.764433e-09	2.210667e+01	2.100378e+02
2.620000e-06	4.314971e-09	1.849851e-09	2.199252e+01	2.088951e+02
2.630000e-06	4.291577e-09	1.817283e-09	2.187328e+01	2.077150e+02
2.640000e-06	4.267636e-09	1.699730e-09	2.175127e+01	2.064977e+02
2.650000e-06	4.242951e-09	1.750913e-09	2.162545e+01	2.052435e+02
2.660000e-06	4.217471e-09	1.785889e-09	2.149558e+01	2.039526e+02
2.670000e-06	4.191343e-09	1.728414e-09	2.136241e+01	2.026252e+02
2.680000e-06	4.164501e-09	1.735754e-09	2.122561e+01	2.012616e+02
2.690000e-06	4.137021e-09	1.730005e-09	2.108554e+01	1.998620e+02
2.700000e-06	4.108986e-09	1.691824e-09	2.094265e+01	1.984266e+02
2.710000e-06	4.080103e-09	1.708562e-09	2.079544e+01	1.969557e+02
2.720000e-06	4.050157e-09	1.676303e-09	2.064282e+01	1.954496e+02
2.730000e-06	4.019306e-09	1.631610e-09	2.048557e+01	1.939086e+02
2.740000e-06	3.987790e-09	1.667745e-09	2.032494e+01	1.923329e+02
2.750000e-06	3.955720e-09	1.658281e-09	2.016149e+01	1.907227e+02
2.760000e-06	3.922998e-09	1.625232e-09	1.999471e+01	1.890785e+02
2.770000e-06	3.889565e-09	1.633745e-09	1.982431e+01	1.874004e+02
2.780000e-06	3.855535e-09	1.587047e-09	1.965087e+01	1.856889e+02
2.790000e-06	3.820906e-09	1.551692e-09	1.947437e+01	1.839441e+02
2.800000e-06	3.785665e-09	1.576936e-09	1.929475e+01	1.821664e+02
2.810000e-06	3.749929e-09	1.558949e-09	1.911261e+01	1.803561e+02
2.820000e-06	3.713621e-09	1.532146e-09	1.892756e+01	1.785136e+02
2.830000e-06	3.676433e-09	1.525461e-09	1.873802e+01	1.766392e+02
2.840000e-06	3.638223e-09	1.495839e-09	1.854327e+01	1.747332e+02
2.850000e-06	3.599186e-09	1.479836e-09	1.834431e+01	1.727959e+02
2.860000e-06	3.559616e-09	1.471350e-09	1.814263e+01	1.708277e+02
2.870000e-06	3.519599e-09	1.442495e-09	1.793867e+01	1.688290e+02
2.880000e-06	3.479006e-09	1.430216e-09	1.773177e+01	1.668000e+02
2.890000e-06	3.437797e-09	1.425662e-09	1.752174e+01	1.647413e+02
2.900000e-06	3.396054e-09	1.405282e-09	1.730898e+01	1.626531e+02
2.910000e-06	3.353779e-09	1.385604e-09	1.709351e+01	1.605358e+02
2.920000e-06	3.310909e-09	1.362026e-09	1.687502e+01	1.583898e+02
2.930000e-06	3.267530e-09	1.335186e-09	1.665392e+01	1.562154e+02
2.940000e-06	3.223775e-09	1.322037e-09	1.643091e+01	1.540132e+02
2.950000e-06	3.179575e-09	1.312571e-09	1.620563e+01	1.517834e+02
2.960000e-06	3.134750e-09	1.292709e-09	1.597717e+01	1.495264e+02
2.970000e-06	3.089239e-09	1.267946e-09	1.574521e+01	1.472428e+02
2.980000e-06	3.043140e-09	1.247808e-09	1.551025e+01	1.449328e+02
2.990000e-06	2.996590e-09	1.229282e-09	1.527299e+01	1.425969e+02
3.000000e-06	2.949605e-09	1.208345e-09	1.503352e+01	1.402355e+02
3.010000e-06	2.902071e-09	1.187275e-09	1.479125e+01	1.378490e+02
3.020000e-06	2.853875e-09	1.165159e-09	1.454561e+01	1.354378e+02
3.030000e-06	2.805001e-09	1.147450e-09	1.429650e+01	1.330025e+02
3.040000e-06	2.755580e-09	1.130040e-09	1.404462e+01	1.305434e+02
3.050000e-06	2.705719e-09	1.105127e-09	1.379049e+01	1.280609e+02
3.060000e-06	2.655382e-09	1.081627e-09	1.353393e+01	1.255556e+02
3.070000e-06	2.604525e-09	1.058071e-09	1.327472e+01	1.230278e+02
3.080000e-06	2.553185e-09	1.036477e-09	1.301305e+01	1.204780e+02
3.090000e-06	2.501434e-09	1.020581e-09	1.274929e+01	1.179067e+02
3.100000e-06	2.449232e-09	9.984977e-10	1.248322e+01	1.153143e+02
3.110000e-06	2.396441e-09	9.722194e-10	1.221415e+01	1.127013e+02
3.120000e-06	2.342929e-09	9.464468e-10	1.194142e+01	1.100682e+02
3.130000e-06	2.288679e-09	9.216759e-10	1.166491e+01	1.074154e+02
3.140000e-06	2.233828e-09	8.995598e-10	1.138535e+01	1.047434e+02
3.150000e-06	2.178572e-09	8.769175e-10	1.110372e+01	1.020527e+02
3.160000e-06	2.123055e-09	8.566912e-10	1.082076e+01	9.934370e+01
3.170000e-06	2.067336e-09	8.371754e-10	1.053677e+01	9.661699e+01
3.180000e-06	2.011379e-09	8.142838e-10	1.025157e+01	9.387302e+01
3.190000e-06	1.955102e-09	7.887289e-10	9.964743e+00	9.111228e+01
3.200000e-06	1.898468e-09	7.591250e-10	9.676087e+00	8.833526e+01
3.210000e-06	1.841474e-09	7.295503e-10	9.385600e+00	8.554246e+01
3.220000e-06	1.784179e-09	7.048643e-10	9.093578e+00	8.273438e+01
3.230000e-06	1.726630e-09	6.856409e-10	8.800264e+00	7.991152e+01
3.240000e-06	1.668815e-09	6.668622e-10	8.505595e+00	7.707440e+01
3.250000e-06	1.610697e-09	6.422912e-10	8.209378e+00	7.422351e+01
3.260000e-06	1.552245e-09	6.147531e-10	7.911460e+00	7.135937e+01
3.270000e-06	1.493485e-09	5.874329e-10	7.611970e+00	6.848248e+01
3.280000e-06	1.434459e-09	5.610531e-10	7.311127e+00	6.559337e+01
3.290000e-06	1.375203e-09	5.343145e-10	7.009114e+00	6.269256e+01
3.300000e-06	1.315766e-09	5.066656e-10	6.706171e+00	5.978056e+01
3.310000e-06	1.256202e-09	4.820522e-10	6.402588e+00	5.685789e+01
3.320000e-06	1.196545e-09	4.593401e-10	6.098528e+00	5.392507e+01
3.330000e-06	1.136796e-09	4.350214e-10	5.793999e+00	5.098264e+01
3.340000e-06	1.076922e-09	4.080018e-10	5.488833e+00	4.803111e+01
3.350000e-06	1.016881e-09	3.799734e-10	5.182818e+00	4.507103e+01
3.360000e-06	9.566409e-10	3.544916e-10	4.875786e+00	4.210290e+01
3.370000e-06	8.961879e-10	3.309772e-10	4.567669e+00	3.912728e+01
3.380000e-06	8.355211e-10	3.073659e-10	4.258463e+00	3.614469e+01
3.390000e-06	7.746298e-10	2.820510e-10	3.948112e+00	3.315566e+01
3.400000e-06	7.135102e-10	2.555614e-10	3.636598e+00	3.016074e+01
3.410000e-06	6.521739e-10	2.301496e-10	3.323980e+00	2.716045e+01
3.420000e-06	5.906286e-10	2.058769e-10	3.010296e+00	2.415533e+01
3.430000e-06	5.288928e-10	1.816785e-10	2.695642e+00	2.114592e+01
3.440000e-06	4.670144e-10	1.560225e-10	2.380260e+00	1.813277e+01
3.450000e-06	4.050196e-10	1.297752e-10	2.064285e+00	1.511640e+01
3.460000e-06	3.428981e-10	1.045217e-10	1.747665e+00	1.209737e+01
3.470000e-06	2.806697e-10	7.994998e-11	1.430499e+00	9.076205e+00
3.480000e-06	2.183714e-10	5.560110e-11	1.112978e+00	6.053452e+00
3.490000e-06	1.560407e-10	3.028566e-11	7.952911e-01	3.029652e+00
3.500000e-06	9.369266e-11	4.259648e-12	4.775160e-01	5.345364e-03
3.510000e-06	3.132792e-11	-2.061952e-11	1.596558e-01	-3.018925e+00
3.520000e-06	-3.103315e-11	-4.448874e-11	-1.581858e-01	-6.042619e+00
3.530000e-06	-9.337155e-11	-6.953426e-11	-4.759118e-01	-9.065194e+00
3.540000e-06	-1.556725e-10	-9.745603e-11	-7.934470e-01	-1.208611e+01
3.550000e-06	-2.179179e-10	-1.256656e-10	-1.110699e+00	-1.510482e+01
3.560000e-06	-2.800636e-10	-1.515403e-10	-1.427443e+00	-1.812080e+01
3.570000e-06	-3.421025e-10	-1.754016e-10	-1.743642e+00	-2.113349e+01
3.580000e-06	-4.040329e-10	-1.985098e-10	-2.059289e+00	-2.414236e+01
3.590000e-06	-4.658208e-10	-2.229259e-10	-2.374209e+00	-2.714688e+01
3.600000e-06	-5.274434e-10	-2.481957e-10	-2.688286e+00	-3.014649e+01
3.610000e-06	-5.888924e-10	-2.739057e-10	-3.001479e+00	-3.314068e+01
3.620000e-06	-6.501648e-10	-3.002324e-10	-3.313772e+00	-3.612889e+01
3.630000e-06	-7.112250e-10	-3.269147e-10	-3.624983e+00	-3.911060e+01
3.640000e-06	-7.720512e-10	-3.534727e-10	-3.935001e+00	-4.208526e+01
3.650000e-06	-8.326646e-10	-3.781408e-10	-4.243936e+00	-4.505236e+01
3.660000e-06	-8.930649e-10	-4.013071e-10	-4.551784e+00	-4.801135e+01
3.670000e-06	-9.532661e-10	-4.253293e-10	-4.858617e+00	-5.096171e+01
3.680000e-06	-1.013300e-09	-4.521519e-10	-5.164595e+00	-5.390291e+01
3.690000e-06	-1.073189e-09	-4.811152e-10	-5.469838e+00	-5.683442e+01
3.700000e-06	-1.132964e-09	-5.092735e-10	-5.774501e+00	-5.975572e+01
3.710000e-06	-1.192644e-09	-5.345595e-10	-6.078676e+00	-6.266629e+01
3.720000e-06	-1.252236e-09	-5.579256e-10	-6.382405e+00	-6.556559e+01
3.730000e-06	-1.311734e-09	-5.808963e-10	-6.685654e+00	-6.845313e+01
3.740000e-06	-1.371103e-09	-6.048712e-10	-6.988249e+00	-7.132836e+01
3.750000e-06	-1.430296e-09	-6.306796e-10	-7.289942e+00	-7.419080e+01
3.760000e-06	-1.489234e-09	-6.569807e-10	-7.590334e+00	-7.703991e+01
3.770000e-06	-1.547855e-09	-6.823868e-10	-7.889114e+00	-7.987519e+01
3.780000e-06	-1.606148e-09	-7.071738e-10	-8.186225e+00	-8.269613e+01
3.790000e-06	-1.664134e-09	-7.317177e-10	-8.481765e+00	-8.550223e+01
3.800000e-06	-1.721842e-09	-7.549072e-10	-8.775889e+00	-8.829298e+01
3.810000e-06	-1.779279e-09	-7.770533e-10	-9.068634e+00	-9.106789e+01
3.820000e-06	-1.836420e-09	-7.995739e-10	-9.359870e+00	-9.382646e+01
3.830000e-06	-1.893201e-09	-8.233430e-10	-9.649274e+00	-9.656819e+01
3.840000e-06	-1.949589e-09	-8.479608e-10	-9.936671e+00	-9.929260e+01
3.850000e-06	-2.005616e-09	-8.721436e-10	-1.022223e+01	-1.019992e+02
3.860000e-06	-2.061377e-09	-8.960586e-10	-1.050643e+01	-1.046875e+02
3.870000e-06	-2.116948e-09	-9.198353e-10	-1.078966e+01	-1.073570e+02
3.880000e-06	-2.172298e-09	-9.439648e-10	-1.107177e+01	-1.100072e+02
3.890000e-06	-2.227282e-09	-9.679216e-10	-1.135202e+01	-1.126378e+02
3.900000e-06	-2.281703e-09	-9.901507e-10	-1.162939e+01	-1.152481e+02
3.910000e-06	-2.335423e-09	-1.011386e-09	-1.190319e+01	-1.178377e+02
3.920000e-06	-2.388412e-09	-1.032913e-09	-1.217326e+01	-1.204062e+02
3.930000e-06	-2.440778e-09	-1.054548e-09	-1.244016e+01	-1.229532e+02
3.940000e-06	-2.492675e-09	-1.075648e-09	-1.270467e+01	-1.254780e+02
3.950000e-06	-2.544181e-09	-1.097137e-09	-1.296718e+01	-1.279804e+02
3.960000e-06	-2.595274e-09	-1.119588e-09	-1.322759e+01	-1.304598e+02
3.970000e-06	-2.645879e-09	-1.142267e-09	-1.348552e+01	-1.329158e+02
3.980000e-06	-2.695963e-09	-1.163990e-09	-1.374079e+01	-1.353480e+02
3.990000e-06	-2.745551e-09	-1.183187e-09	-1.399353e+01	-1.377559e+02
4.000000e-06	-2.794575e-09	-1.200476e-09	-1.424339e+01	-1.401391e+02
4.010000e-06	-2.842845e-09	-1.218435e-09	-1.448941e+01	-1.424972e+02
4.020000e-06	-2.890315e-09	-1.238201e-09	-1.473136e+01	-1.448297e+02
4.030000e-06	-2.937133e-09	-1.259315e-09	-1.496998e+01	-1.471363e+02
4.040000e-06	-2.983476e-09	-1.279852e-09	-1.520618e+01	-1.494165e+02
4.050000e-06	-3.029454e-09	-1.298693e-09	-1.544052e+01	-1.516699e+02
4.060000e-06	-3.075061e-09	-1.316730e-09	-1.567297e+01	-1.538961e+02
4.070000e-06	-3.120199e-09	-1.334562e-09	-1.590303e+01	-1.560947e+02
4.080000e-06	-3.164774e-09	-1.352656e-09	-1.613022e+01	-1.582653e+02
4.090000e-06	-3.208829e-09	-1.370891e-09	-1.635476e+01	-1.604076e+02
4.100000e-06	-3.252510e-09	-1.389007e-09	-1.657739e+01	-1.625211e+02
4.110000e-06	-3.295846e-09	-1.406912e-09	-1.679826e+01	-1.646054e+02
4.120000e-06	-3.338683e-09	-1.423937e-09	-1.701660e+01	-1.666603e+02
4.130000e-06	-3.380930e-09	-1.440252e-09	-1.723192e+01	-1.686853e+02
4.140000e-06	-3.422633e-09	-1.456271e-09	-1.744447e+01	-1.706800e+02
4.150000e-06	-3.463766e-09	-1.472160e-09	-1.765412e+01	-1.726442e+02
4.160000e-06	-3.504266e-09	-1.488105e-09	-1.786054e+01	-1.745774e+02
4.170000e-06	-3.544215e-09	-1.504399e-09	-1.806415e+01	-1.764793e+02
4.180000e-06	-3.583714e-09	-1.521080e-09	-1.826547e+01	-1.783495e+02
4.190000e-06	-3.622642e-09	-1.537051e-09	-1.846388e+01	-1.801878e+02
4.200000e-06	-3.660744e-09	-1.551899e-09	-1.865808e+01	-1.819938e+02
4.210000e-06	-3.697897e-09	-1.565406e-09	-1.884744e+01	-1.837672e+02
4.220000e-06	-3.734216e-09	-1.577809e-09	-1.903255e+01	-1.855076e+02
4.230000e-06	-3.769957e-09	-1.591038e-09	-1.921471e+01	-1.872148e+02
4.240000e-06	-3.805192e-09	-1.605927e-09	-1.939430e+01	-1.888885e+02
4.250000e-06	-3.839794e-09	-1.621651e-09	-1.957065e+01	-1.905282e+02
4.260000e-06	-3.873715e-09	-1.636726e-09	-1.974354e+01	-1.921339e+02
4.270000e-06	-3.906978e-09	-1.650232e-09	-1.991308e+01	-1.937051e+02
4.280000e-06	-3.939560e-09	-1.662763e-09	-2.007914e+01	-1.952415e+02
4.290000e-06	-3.971537e-09	-1.674918e-09	-2.024212e+01	-1.967430e+02
4.300000e-06	-4.002982e-09	-1.686924e-09	-2.040239e+01	-1.982092e+02
4.310000e-06	-4.033713e-09	-1.698682e-09	-2.055902e+01	-1.996399e+02
4.320000e-06	-4.063451e-09	-1.710957e-09	-2.071059e+01	-2.010348e+02
4.330000e-06	-4.092146e-09	-1.724215e-09	-2.085684e+01	-2.023937e+02
4.340000e-06	-4.120088e-09	-1.737046e-09	-2.099925e+01	-2.037163e+02
4.350000e-06	-4.147515e-09	-1.748047e-09	-2.113904e+01	-2.050024e+02
4.360000e-06	-4.174324e-09	-1.756674e-09	-2.127569e+01	-2.062517e+02
4.370000e-06	-4.200386e-09	-1.764864e-09	-2.140852e+01	-2.074641e+02
4.380000e-06	-4.225696e-09	-1.774223e-09	-2.153752e+01	-2.086393e+02
4.390000e-06	-4.250270e-09	-1.783663e-09	-2.166276e+01	-2.097772e+02
4.400000e-06	-4.274222e-09	-1.792013e-09	-2.178485e+01	-2.108774e+02
4.410000e-06	-4.297640e-09	-1.799926e-09	-2.190420e+01	-2.119398e+02
4.420000e-06	-4.320300e-09	-1.809265e-09	-2.201969e+01	-2.129642e+02
4.430000e-06	-4.341893e-09	-1.819823e-09	-2.212975e+01	-2.139505e+02
4.440000e-06	-4.362441e-09	-1.829320e-09	-2.223448e+01	-2.148984e+02
4.450000e-06	-4.382265e-09	-1.835949e-09	-2.233551e+01	-2.158079e+02
4.460000e-06	-4.401515e-09	-1.840727e-09	-2.243363e+01	-2.166786e+02
4.470000e-06	-4.420069e-09	-1.846290e-09	-2.252820e+01	-2.175105e+02
4.480000e-06	-4.437888e-09	-1.852712e-09	-2.261902e+01	-2.183034e+02
4.490000e-06	-4.454963e-09	-1.859612e-09	-2.270604e+01	-2.190573e+02
4.500000e-06	-4.471293e-09	-1.866380e-09	-2.278927e+01	-2.197718e+02
4.510000e-06	-4.487011e-09	-1.871845e-09	-2.286938e+01	-2.204470e+02
4.520000e-06	-4.502029e-09	-1.876636e-09	-2.294593e+01	-2.210826e+02
4.530000e-06	-4.515961e-09	-1.881266e-09	-2.301693e+01	-2.216787e+02
4.540000e-06	-4.528667e-09	-1.884992e-09	-2.308169e+01	-2.222350e+02
4.550000e-06	-4.540401e-09	-1.887779e-09	-2.314150e+01	-2.227515e+02
4.560000e-06	-4.551332e-09	-1.891258e-09	-2.319722e+01	-2.232280e+02
4.570000e-06	-4.561477e-09	-1.896297e-09	-2.324892e+01	-2.236646e+02
4.580000e-06	-4.570853e-09	-1.901714e-09	-2.329671e+01	-2.240611e+02
4.590000e-06	-4.579446e-09	-1.906057e-09	-2.334051e+01	-2.244174e+02
4.600000e-06	-4.587357e-09	-1.908290e-09	-2.338083e+01	-2.247335e+02
4.610000e-06	-4.594636e-09	-1.908878e-09	-2.341792e+01	-2.250094e+02
4.620000e-06	-4.601016e-09	-1.910331e-09	-2.345044e+01	-2.252449e+02
4.630000e-06	-4.606266e-09	-1.913306e-09	-2.347720e+01	-2.254400e+02
4.640000e-06	-4.610557e-09	-1.916017e-09	-2.349907e+01	-2.255948e+02
4.650000e-06	-4.614173e-09	-1.916847e-09	-2.351750e+01	-2.257091e+02
4.660000e-06	-4.617114e-09	-1.915826e-09	-2.353249e+01	-2.257830e+02
4.670000e-06	-4.619299e-09	-1.914703e-09	-2.354363e+01	-2.258164e+02
4.680000e-06	-4.620732e-09	-1.913712e-09	-2.355093e+01	-2.258093e+02
4.690000e-06	-4.621364e-09	-1.911983e-09	-2.355415e+01	-2.257618e+02
