# Configuracion:
# Concentracion g/m^3_=_10000.0
# C_Vs_to_Am_M_A/Vsm_=_116720831517.84952
# pendiente_HvsI_1/m_=_3716.3
# ordenada_HvsI_A/m_=_1297.0
# frecuencia_ref_Hz_=_212959.51855251697
# 
Resultados:
# tau_s_=_(-1.57+/-0.32)e+01
# dphi_rad_=_6.26+/-0.00
# SAR_W/g_=_-9.41+/-1.92
# Hc_kA/m_=_0.47+/-0.10
# Mr_A/m_=_4.52+/-0.97
# Suceptibilidad_a_M=0_=_0.0095+/-0.0001
Nombre_archivo	Time_m_(s)	Temperatura_(ºC)	Mr_(A/m)	Hc_(kA/m)	Campo_max_(A/m)	Mag_max_(A/m)	f0	mag0	dphi0	SAR_(W/g)	Tau_(ns)	N	xi_M_0
212kHz_060dA_100Mss_bobN1Pm0007.txt		20.00	4.82	0.51	23594.80	225.99	2.129925e+05	6.089392e+00	6.260872e+00	-10.01	-16.678010	4695	9.515e-03
212kHz_060dA_100Mss_bobN1Pm0008.txt		20.00	4.04	0.42	23594.80	228.25	2.129472e+05	6.151566e+00	6.264562e+00	-8.44	-13.920013	4696	9.601e-03
212kHz_060dA_100Mss_bobN1Pm0009.txt		20.00	3.08	0.33	23594.80	225.30	2.129472e+05	6.072078e+00	6.268579e+00	-6.54	-10.916834	4696	9.486e-03
212kHz_060dA_100Mss_bobN1Pm0010.txt		20.00	4.18	0.44	23594.80	227.86	2.129472e+05	6.141040e+00	6.263910e+00	-8.72	-14.407153	4696	9.594e-03
212kHz_060dA_100Mss_bobN1Pm0011.txt		20.00	4.07	0.42	23594.80	228.41	2.129925e+05	6.154607e+00	6.264348e+00	-8.55	-14.079553	4695	9.612e-03
212kHz_060dA_100Mss_bobN1Pm0012.txt		20.00	3.58	0.38	23594.80	224.76	2.129925e+05	6.056269e+00	6.266212e+00	-7.58	-12.686077	4695	9.459e-03
212kHz_060dA_100Mss_bobN1Pm0013.txt		20.00	5.46	0.56	23594.80	231.82	2.129472e+05	6.247782e+00	6.258670e+00	-11.29	-18.325482	4696	9.756e-03
212kHz_060dA_100Mss_bobN1Pm0014.txt		20.00	4.04	0.42	23594.80	230.95	2.129472e+05	6.224369e+00	6.264742e+00	-8.46	-13.784966	4696	9.720e-03
212kHz_060dA_100Mss_bobN1Pm0015.txt		20.00	4.59	0.48	23594.80	226.90	2.129925e+05	6.114051e+00	6.261962e+00	-9.56	-15.863770	4695	9.559e-03
212kHz_060dA_100Mss_bobN1Pm0016.txt		20.00	3.12	0.33	23594.80	226.84	2.129925e+05	6.112097e+00	6.268428e+00	-6.65	-11.029838	4695	9.547e-03
212kHz_060dA_100Mss_bobN1Pm0017.txt		20.00	4.26	0.46	23594.80	222.56	2.129925e+05	5.996989e+00	6.262995e+00	-8.92	-15.090931	4695	9.372e-03
212kHz_060dA_100Mss_bobN1Pm0018.txt		20.00	3.92	0.41	23594.80	224.67	2.129925e+05	6.053778e+00	6.264638e+00	-8.28	-13.863177	4695	9.456e-03
212kHz_060dA_100Mss_bobN1Pm0019.txt		20.00	4.37	0.46	23594.80	227.54	2.129472e+05	6.132424e+00	6.263054e+00	-9.10	-15.047386	4696	9.573e-03
212kHz_060dA_100Mss_bobN1Pm0020.txt		20.00	4.67	0.50	23594.80	223.73	2.129472e+05	6.029784e+00	6.261382e+00	-9.69	-16.296956	4696	9.419e-03
212kHz_060dA_100Mss_bobN1Pm0021.txt		20.00	2.93	0.31	23594.80	226.56	2.129925e+05	6.104809e+00	6.269276e+00	-6.26	-10.395889	4695	9.540e-03
212kHz_060dA_100Mss_bobN1Pm0022.txt		20.00	3.97	0.42	23594.80	225.34	2.129472e+05	6.073102e+00	6.264703e+00	-8.27	-13.814056	4696	9.487e-03
212kHz_060dA_100Mss_bobN1Pm0023.txt		20.00	3.61	0.38	23594.80	222.93	2.129472e+05	6.008111e+00	6.266057e+00	-7.58	-12.802372	4696	9.388e-03
212kHz_060dA_100Mss_bobN1Pm0024.txt		20.00	4.51	0.48	23594.80	225.05	2.129925e+05	6.063943e+00	6.262039e+00	-9.45	-15.806268	4695	9.474e-03
212kHz_060dA_100Mss_bobN1Pm0025.txt		20.00	5.63	0.59	23594.80	227.00	2.129472e+05	6.117858e+00	6.257383e+00	-11.63	-19.288347	4696	9.561e-03
212kHz_060dA_100Mss_bobN1Pm0026.txt		20.00	4.91	0.51	23594.80	227.00	2.129472e+05	6.117868e+00	6.260620e+00	-10.17	-16.867012	4696	9.558e-03
212kHz_060dA_100Mss_bobN1Pm0027.txt		20.00	4.96	0.51	23594.80	230.21	2.129472e+05	6.204380e+00	6.260667e+00	-10.30	-16.831550	4696	9.698e-03
212kHz_060dA_100Mss_bobN1Pm0028.txt		20.00	5.42	0.57	23594.80	224.55	2.129925e+05	6.050547e+00	6.257965e+00	-11.25	-18.852123	4695	9.457e-03
212kHz_060dA_100Mss_bobN1Pm0029.txt		20.00	5.02	0.53	23594.80	224.36	2.129925e+05	6.045283e+00	6.259798e+00	-10.42	-17.481293	4695	9.450e-03
212kHz_060dA_100Mss_bobN1Pm0030.txt		20.00	5.29	0.56	23594.80	224.03	2.129472e+05	6.037941e+00	6.258626e+00	-10.93	-18.358192	4696	9.436e-03
212kHz_060dA_100Mss_bobN1Pm0031.txt		20.00	7.64	0.80	23594.80	226.32	2.129472e+05	6.099649e+00	6.248582e+00	-15.55	-25.871454	4696	9.542e-03
212kHz_060dA_100Mss_bobN1Pm0032.txt		20.00	5.36	0.57	23594.80	222.97	2.129472e+05	6.009256e+00	6.258251e+00	-11.04	-18.638496	4696	9.385e-03
