# Temperatura_=_20.0
# Concentracion g/m^3_=_10000.0
# C_Vs_to_Am_M_A/Vsm_=_116720831517.84952
# pendiente_HvsI_1/m_=_3716.3
# ordenada_HvsI_A/m_=_1297.0
# frecuencia_Hz_=_212932.67369522044
# Promedio de 25 ciclos

Tiempo_(s)	Campo_(V.s)	Magnetizacion_(V.s)	Campo_(kA/m)	Magnetizacion_(A/m)
0.000000e+00	-6.933515e-09	-2.941356e-09	-3.469744e+01	-3.443199e+02
1.000000e-08	-6.932934e-09	-2.938843e-09	-3.469453e+01	-3.441652e+02
2.000000e-08	-6.931146e-09	-2.941686e-09	-3.468558e+01	-3.439487e+02
3.000000e-08	-6.927909e-09	-2.943683e-09	-3.466938e+01	-3.436707e+02
4.000000e-08	-6.923525e-09	-2.941329e-09	-3.464744e+01	-3.433311e+02
5.000000e-08	-6.918182e-09	-2.936323e-09	-3.462071e+01	-3.429300e+02
6.000000e-08	-6.911715e-09	-2.928360e-09	-3.458834e+01	-3.424675e+02
7.000000e-08	-6.904113e-09	-2.911524e-09	-3.455030e+01	-3.419437e+02
8.000000e-08	-6.895454e-09	-2.892130e-09	-3.450697e+01	-3.413585e+02
9.000000e-08	-6.885325e-09	-2.933038e-09	-3.445628e+01	-3.407123e+02
1.000000e-07	-6.873290e-09	-3.004761e-09	-3.439606e+01	-3.400050e+02
1.100000e-07	-6.859625e-09	-2.996976e-09	-3.432767e+01	-3.392368e+02
1.200000e-07	-6.844807e-09	-2.837432e-09	-3.425352e+01	-3.384079e+02
1.300000e-07	-6.828870e-09	-2.761150e-09	-3.417376e+01	-3.375183e+02
1.400000e-07	-6.811576e-09	-2.942988e-09	-3.408722e+01	-3.365683e+02
1.500000e-07	-6.793039e-09	-2.960302e-09	-3.399446e+01	-3.355580e+02
1.600000e-07	-6.773620e-09	-2.750976e-09	-3.389728e+01	-3.344876e+02
1.700000e-07	-6.753225e-09	-2.889032e-09	-3.379522e+01	-3.333572e+02
1.800000e-07	-6.731595e-09	-2.999114e-09	-3.368697e+01	-3.321672e+02
1.900000e-07	-6.709074e-09	-2.726603e-09	-3.357427e+01	-3.309177e+02
2.000000e-07	-6.685742e-09	-2.791734e-09	-3.345751e+01	-3.296088e+02
2.100000e-07	-6.661001e-09	-2.927421e-09	-3.333370e+01	-3.282410e+02
2.200000e-07	-6.634767e-09	-2.693500e-09	-3.320241e+01	-3.268143e+02
2.300000e-07	-6.607312e-09	-2.700222e-09	-3.306502e+01	-3.253291e+02
2.400000e-07	-6.578631e-09	-2.892048e-09	-3.292149e+01	-3.237856e+02
2.500000e-07	-6.548891e-09	-2.778658e-09	-3.277267e+01	-3.221842e+02
2.600000e-07	-6.518232e-09	-2.729481e-09	-3.261924e+01	-3.205250e+02
2.700000e-07	-6.486420e-09	-2.781007e-09	-3.246004e+01	-3.188084e+02
2.800000e-07	-6.453483e-09	-2.636886e-09	-3.229522e+01	-3.170347e+02
2.900000e-07	-6.419450e-09	-2.657009e-09	-3.212491e+01	-3.152042e+02
3.000000e-07	-6.384040e-09	-2.742671e-09	-3.194770e+01	-3.133172e+02
3.100000e-07	-6.347255e-09	-2.656630e-09	-3.176362e+01	-3.113741e+02
3.200000e-07	-6.309324e-09	-2.664819e-09	-3.157380e+01	-3.093753e+02
3.300000e-07	-6.270331e-09	-2.655322e-09	-3.137867e+01	-3.073210e+02
3.400000e-07	-6.230372e-09	-2.583306e-09	-3.117870e+01	-3.052116e+02
3.500000e-07	-6.189417e-09	-2.611193e-09	-3.097375e+01	-3.030476e+02
3.600000e-07	-6.147142e-09	-2.578277e-09	-3.076220e+01	-3.008293e+02
3.700000e-07	-6.103508e-09	-2.504475e-09	-3.054384e+01	-2.985571e+02
3.800000e-07	-6.058756e-09	-2.542915e-09	-3.031988e+01	-2.962314e+02
3.900000e-07	-6.012974e-09	-2.573651e-09	-3.009078e+01	-2.938527e+02
4.000000e-07	-5.966195e-09	-2.512588e-09	-2.985668e+01	-2.914213e+02
4.100000e-07	-5.918456e-09	-2.463183e-09	-2.961778e+01	-2.889377e+02
4.200000e-07	-5.869698e-09	-2.433424e-09	-2.937378e+01	-2.864024e+02
4.300000e-07	-5.819620e-09	-2.396602e-09	-2.912318e+01	-2.838157e+02
4.400000e-07	-5.768050e-09	-2.421097e-09	-2.886511e+01	-2.811782e+02
4.500000e-07	-5.715186e-09	-2.421194e-09	-2.860056e+01	-2.784903e+02
4.600000e-07	-5.661296e-09	-2.359664e-09	-2.833088e+01	-2.757525e+02
4.700000e-07	-5.606508e-09	-2.338085e-09	-2.805670e+01	-2.729654e+02
4.800000e-07	-5.550848e-09	-2.324465e-09	-2.777816e+01	-2.701293e+02
4.900000e-07	-5.494380e-09	-2.295418e-09	-2.749558e+01	-2.672448e+02
5.000000e-07	-5.436888e-09	-2.267214e-09	-2.720787e+01	-2.643125e+02
5.100000e-07	-5.378077e-09	-2.227677e-09	-2.691357e+01	-2.613328e+02
5.200000e-07	-5.318178e-09	-2.204359e-09	-2.661381e+01	-2.583062e+02
5.300000e-07	-5.257486e-09	-2.207567e-09	-2.631009e+01	-2.552334e+02
5.400000e-07	-5.196000e-09	-2.196079e-09	-2.600239e+01	-2.521149e+02
5.500000e-07	-5.133650e-09	-2.145734e-09	-2.569038e+01	-2.489512e+02
5.600000e-07	-5.070418e-09	-2.094887e-09	-2.537394e+01	-2.457429e+02
5.700000e-07	-5.006404e-09	-2.068899e-09	-2.505360e+01	-2.424905e+02
5.800000e-07	-4.941625e-09	-2.057574e-09	-2.472943e+01	-2.391947e+02
5.900000e-07	-4.875801e-09	-2.048219e-09	-2.440002e+01	-2.358561e+02
6.000000e-07	-4.808745e-09	-2.011412e-09	-2.406446e+01	-2.324752e+02
6.100000e-07	-4.740757e-09	-1.965303e-09	-2.372422e+01	-2.290526e+02
6.200000e-07	-4.672147e-09	-1.936573e-09	-2.338088e+01	-2.255890e+02
6.300000e-07	-4.602828e-09	-1.913657e-09	-2.303398e+01	-2.220849e+02
6.400000e-07	-4.532697e-09	-1.886433e-09	-2.268303e+01	-2.185411e+02
6.500000e-07	-4.461733e-09	-1.843534e-09	-2.232790e+01	-2.149581e+02
6.600000e-07	-4.389985e-09	-1.805093e-09	-2.196885e+01	-2.113366e+02
6.700000e-07	-4.317566e-09	-1.786294e-09	-2.160645e+01	-2.076772e+02
6.800000e-07	-4.244365e-09	-1.769655e-09	-2.124013e+01	-2.039806e+02
6.900000e-07	-4.170122e-09	-1.735949e-09	-2.086859e+01	-2.002474e+02
7.000000e-07	-4.094805e-09	-1.681330e-09	-2.049168e+01	-1.964784e+02
7.100000e-07	-4.018627e-09	-1.637205e-09	-2.011047e+01	-1.926741e+02
7.200000e-07	-3.941736e-09	-1.615097e-09	-1.972568e+01	-1.888353e+02
7.300000e-07	-3.864145e-09	-1.597638e-09	-1.933739e+01	-1.849627e+02
7.400000e-07	-3.785844e-09	-1.566607e-09	-1.894555e+01	-1.810569e+02
7.500000e-07	-3.706737e-09	-1.517124e-09	-1.854968e+01	-1.771186e+02
7.600000e-07	-3.626739e-09	-1.474188e-09	-1.814934e+01	-1.731486e+02
7.700000e-07	-3.545931e-09	-1.445445e-09	-1.774495e+01	-1.691476e+02
7.800000e-07	-3.464492e-09	-1.418577e-09	-1.733741e+01	-1.651162e+02
7.900000e-07	-3.382536e-09	-1.382132e-09	-1.692727e+01	-1.610553e+02
8.000000e-07	-3.300046e-09	-1.336949e-09	-1.651447e+01	-1.569654e+02
8.100000e-07	-3.217006e-09	-1.304083e-09	-1.609891e+01	-1.528475e+02
8.200000e-07	-3.133469e-09	-1.278940e-09	-1.568086e+01	-1.487021e+02
8.300000e-07	-3.049527e-09	-1.245954e-09	-1.526079e+01	-1.445301e+02
8.400000e-07	-2.965212e-09	-1.201049e-09	-1.483885e+01	-1.403321e+02
8.500000e-07	-2.880492e-09	-1.152281e-09	-1.441489e+01	-1.361090e+02
8.600000e-07	-2.795356e-09	-1.119697e-09	-1.398884e+01	-1.318615e+02
8.700000e-07	-2.709807e-09	-1.095487e-09	-1.356073e+01	-1.275903e+02
8.800000e-07	-2.623851e-09	-1.063087e-09	-1.313058e+01	-1.232962e+02
8.900000e-07	-2.537463e-09	-1.017062e-09	-1.269827e+01	-1.189801e+02
9.000000e-07	-2.450618e-09	-9.654701e-10	-1.226367e+01	-1.146425e+02
9.100000e-07	-2.363350e-09	-9.262816e-10	-1.182695e+01	-1.102845e+02
9.200000e-07	-2.275727e-09	-8.969572e-10	-1.138846e+01	-1.059066e+02
9.300000e-07	-2.187803e-09	-8.661089e-10	-1.094846e+01	-1.015097e+02
9.400000e-07	-2.099578e-09	-8.249303e-10	-1.050696e+01	-9.709464e+01
9.500000e-07	-2.011026e-09	-7.818299e-10	-1.006381e+01	-9.266213e+01
9.600000e-07	-1.922138e-09	-7.474622e-10	-9.618992e+00	-8.821299e+01
9.700000e-07	-1.832893e-09	-7.128696e-10	-9.172383e+00	-8.374801e+01
9.800000e-07	-1.743229e-09	-6.722985e-10	-8.723681e+00	-7.926799e+01
9.900000e-07	-1.653059e-09	-6.240129e-10	-8.272441e+00	-7.477374e+01
1.000000e-06	-1.562387e-09	-5.804602e-10	-7.818692e+00	-7.026606e+01
1.010000e-06	-1.471328e-09	-5.511970e-10	-7.363004e+00	-6.574576e+01
1.020000e-06	-1.379962e-09	-5.206874e-10	-6.905785e+00	-6.121364e+01
1.030000e-06	-1.288332e-09	-4.793803e-10	-6.447236e+00	-5.667052e+01
1.040000e-06	-1.196442e-09	-4.296235e-10	-5.987393e+00	-5.211720e+01
1.050000e-06	-1.104309e-09	-3.845290e-10	-5.526329e+00	-4.755451e+01
1.060000e-06	-1.012015e-09	-3.507076e-10	-5.064464e+00	-4.298327e+01
1.070000e-06	-9.196305e-10	-3.168690e-10	-4.602141e+00	-3.840428e+01
1.080000e-06	-8.271497e-10	-2.774595e-10	-4.139339e+00	-3.381837e+01
1.090000e-06	-7.345465e-10	-2.321352e-10	-3.675924e+00	-2.922636e+01
1.100000e-06	-6.418108e-10	-1.909012e-10	-3.211845e+00	-2.462907e+01
1.110000e-06	-5.490037e-10	-1.569918e-10	-2.747410e+00	-2.002733e+01
1.120000e-06	-4.561786e-10	-1.199231e-10	-2.282884e+00	-1.542196e+01
1.130000e-06	-3.633028e-10	-7.694873e-11	-1.818105e+00	-1.081377e+01
1.140000e-06	-2.703577e-10	-3.148078e-11	-1.352979e+00	-6.203608e+00
1.150000e-06	-1.773485e-10	7.666515e-12	-8.875325e-01	-1.592286e+00
1.160000e-06	-8.433316e-11	4.059516e-11	-4.220549e-01	3.019369e+00
1.170000e-06	8.632318e-12	7.752339e-11	4.317310e-02	7.630531e+00
1.180000e-06	1.015820e-10	1.214108e-10	5.083219e-01	1.224037e+01
1.190000e-06	1.945329e-10	1.692914e-10	9.734771e-01	1.684807e+01
1.200000e-06	2.874507e-10	2.112837e-10	1.438467e+00	2.145281e+01
1.210000e-06	3.802819e-10	2.463218e-10	1.903022e+00	2.605375e+01
1.220000e-06	4.730056e-10	2.833388e-10	2.367041e+00	3.065007e+01
1.230000e-06	5.656605e-10	3.238947e-10	2.830715e+00	3.524096e+01
1.240000e-06	6.582501e-10	3.660442e-10	3.294062e+00	3.982558e+01
1.250000e-06	7.507441e-10	4.030551e-10	3.756931e+00	4.440312e+01
1.260000e-06	8.431265e-10	4.373117e-10	4.219241e+00	4.897277e+01
1.270000e-06	9.353883e-10	4.766427e-10	4.680948e+00	5.353370e+01
1.280000e-06	1.027538e-09	5.205805e-10	5.142092e+00	5.808509e+01
1.290000e-06	1.119562e-09	5.638449e-10	5.602609e+00	6.262613e+01
1.300000e-06	1.211404e-09	6.013667e-10	6.062214e+00	6.715601e+01
1.310000e-06	1.303011e-09	6.366633e-10	6.520648e+00	7.167392e+01
1.320000e-06	1.394350e-09	6.749491e-10	6.977735e+00	7.617905e+01
1.330000e-06	1.485385e-09	7.163322e-10	7.433299e+00	8.067059e+01
1.340000e-06	1.576068e-09	7.567914e-10	7.887102e+00	8.514774e+01
1.350000e-06	1.666354e-09	7.929662e-10	8.338921e+00	8.960970e+01
1.360000e-06	1.756222e-09	8.291819e-10	8.788648e+00	9.405567e+01
1.370000e-06	1.845662e-09	8.689397e-10	9.236231e+00	9.848485e+01
1.380000e-06	1.934700e-09	9.110032e-10	9.681806e+00	1.028964e+02
1.390000e-06	2.023405e-09	9.514031e-10	1.012571e+01	1.072897e+02
1.400000e-06	2.111812e-09	9.867557e-10	1.056813e+01	1.116637e+02
1.410000e-06	2.199897e-09	1.020729e-09	1.100893e+01	1.160179e+02
1.420000e-06	2.287649e-09	1.056949e-09	1.144807e+01	1.203513e+02
1.430000e-06	2.375067e-09	1.096233e-09	1.188554e+01	1.246632e+02
1.440000e-06	2.462107e-09	1.135301e-09	1.232112e+01	1.289529e+02
1.450000e-06	2.548737e-09	1.170370e-09	1.275464e+01	1.332195e+02
1.460000e-06	2.634943e-09	1.204549e-09	1.318604e+01	1.374623e+02
1.470000e-06	2.720690e-09	1.240610e-09	1.361514e+01	1.416806e+02
1.480000e-06	2.805973e-09	1.277835e-09	1.404193e+01	1.458736e+02
1.490000e-06	2.890826e-09	1.313521e-09	1.446656e+01	1.500405e+02
1.500000e-06	2.975268e-09	1.346546e-09	1.488913e+01	1.541806e+02
1.510000e-06	3.059304e-09	1.380996e-09	1.530967e+01	1.582931e+02
1.520000e-06	3.142877e-09	1.418346e-09	1.572790e+01	1.623774e+02
1.530000e-06	3.225863e-09	1.455807e-09	1.614318e+01	1.664326e+02
1.540000e-06	3.308178e-09	1.488412e-09	1.655512e+01	1.704582e+02
1.550000e-06	3.389851e-09	1.517127e-09	1.696383e+01	1.744532e+02
1.560000e-06	3.470968e-09	1.548310e-09	1.736977e+01	1.784171e+02
1.570000e-06	3.551488e-09	1.582868e-09	1.777271e+01	1.823490e+02
1.580000e-06	3.631271e-09	1.618026e-09	1.817197e+01	1.862484e+02
1.590000e-06	3.710300e-09	1.650773e-09	1.856746e+01	1.901145e+02
1.600000e-06	3.788630e-09	1.681536e-09	1.895944e+01	1.939467e+02
1.610000e-06	3.866274e-09	1.713377e-09	1.934800e+01	1.977441e+02
1.620000e-06	3.943249e-09	1.746764e-09	1.973321e+01	2.015062e+02
1.630000e-06	4.019557e-09	1.778405e-09	2.011508e+01	2.052323e+02
1.640000e-06	4.095101e-09	1.805960e-09	2.049312e+01	2.089217e+02
1.650000e-06	4.169672e-09	1.831914e-09	2.086630e+01	2.125738e+02
1.660000e-06	4.243181e-09	1.860541e-09	2.123416e+01	2.161879e+02
1.670000e-06	4.315834e-09	1.892926e-09	2.159774e+01	2.197633e+02
1.680000e-06	4.387836e-09	1.925013e-09	2.195806e+01	2.232994e+02
1.690000e-06	4.459159e-09	1.953014e-09	2.231498e+01	2.267956e+02
1.700000e-06	4.529713e-09	1.979297e-09	2.266805e+01	2.302513e+02
1.710000e-06	4.599470e-09	2.007334e-09	2.301714e+01	2.336658e+02
1.720000e-06	4.668483e-09	2.036784e-09	2.336250e+01	2.370385e+02
1.730000e-06	4.736845e-09	2.063917e-09	2.370461e+01	2.403689e+02
1.740000e-06	4.804504e-09	2.087135e-09	2.404319e+01	2.436563e+02
1.750000e-06	4.871173e-09	2.110400e-09	2.437683e+01	2.469001e+02
1.760000e-06	4.936695e-09	2.137606e-09	2.470472e+01	2.500998e+02
1.770000e-06	5.001288e-09	2.167320e-09	2.502796e+01	2.532547e+02
1.780000e-06	5.065153e-09	2.195327e-09	2.534756e+01	2.563644e+02
1.790000e-06	5.128222e-09	2.219126e-09	2.566318e+01	2.594282e+02
1.800000e-06	5.190428e-09	2.242035e-09	2.597448e+01	2.624457e+02
1.810000e-06	5.251781e-09	2.266186e-09	2.628150e+01	2.654162e+02
1.820000e-06	5.312373e-09	2.290520e-09	2.658472e+01	2.683393e+02
1.830000e-06	5.372208e-09	2.312981e-09	2.688416e+01	2.712144e+02
1.840000e-06	5.430954e-09	2.333149e-09	2.717814e+01	2.740409e+02
1.850000e-06	5.488395e-09	2.355584e-09	2.746559e+01	2.768185e+02
1.860000e-06	5.544774e-09	2.379222e-09	2.774773e+01	2.795466e+02
1.870000e-06	5.600279e-09	2.401878e-09	2.802550e+01	2.822247e+02
1.880000e-06	5.654857e-09	2.422704e-09	2.829862e+01	2.848524e+02
1.890000e-06	5.708432e-09	2.443085e-09	2.856673e+01	2.874291e+02
1.900000e-06	5.760917e-09	2.465907e-09	2.882938e+01	2.899544e+02
1.910000e-06	5.812125e-09	2.488182e-09	2.908564e+01	2.924279e+02
1.920000e-06	5.861905e-09	2.507821e-09	2.933475e+01	2.948490e+02
1.930000e-06	5.910459e-09	2.525398e-09	2.957774e+01	2.972175e+02
1.940000e-06	5.958019e-09	2.542151e-09	2.981574e+01	2.995327e+02
1.950000e-06	6.004595e-09	2.560170e-09	3.004882e+01	3.017945e+02
1.960000e-06	6.050178e-09	2.579499e-09	3.027693e+01	3.040022e+02
1.970000e-06	6.094842e-09	2.598950e-09	3.050045e+01	3.061556e+02
1.980000e-06	6.138603e-09	2.617185e-09	3.071944e+01	3.082543e+02
1.990000e-06	6.181152e-09	2.634549e-09	3.093237e+01	3.102978e+02
2.000000e-06	6.222334e-09	2.650715e-09	3.113846e+01	3.122858e+02
2.010000e-06	6.262404e-09	2.665295e-09	3.133898e+01	3.142180e+02
2.020000e-06	6.301470e-09	2.678399e-09	3.153448e+01	3.160940e+02
2.030000e-06	6.339491e-09	2.691556e-09	3.172475e+01	3.179135e+02
2.040000e-06	6.376518e-09	2.707168e-09	3.191004e+01	3.196761e+02
2.050000e-06	6.412613e-09	2.724378e-09	3.209067e+01	3.213815e+02
2.060000e-06	6.447565e-09	2.740666e-09	3.226558e+01	3.230295e+02
2.070000e-06	6.481132e-09	2.754104e-09	3.243356e+01	3.246197e+02
2.080000e-06	6.513493e-09	2.765171e-09	3.259551e+01	3.261518e+02
2.090000e-06	6.544824e-09	2.775918e-09	3.275230e+01	3.276257e+02
2.100000e-06	6.575100e-09	2.786746e-09	3.290381e+01	3.290409e+02
2.110000e-06	6.604327e-09	2.797801e-09	3.305007e+01	3.303973e+02
2.120000e-06	6.632573e-09	2.809543e-09	3.319142e+01	3.316945e+02
2.130000e-06	6.659643e-09	2.821581e-09	3.332689e+01	3.329325e+02
2.140000e-06	6.685248e-09	2.834267e-09	3.345502e+01	3.341109e+02
2.150000e-06	6.709533e-09	2.846177e-09	3.357655e+01	3.352296e+02
2.160000e-06	6.732681e-09	2.855220e-09	3.369239e+01	3.362883e+02
2.170000e-06	6.754692e-09	2.861337e-09	3.380255e+01	3.372869e+02
2.180000e-06	6.775653e-09	2.867273e-09	3.390744e+01	3.382252e+02
2.190000e-06	6.795643e-09	2.874921e-09	3.400748e+01	3.391030e+02
2.200000e-06	6.814512e-09	2.882740e-09	3.410190e+01	3.399201e+02
2.210000e-06	6.832110e-09	2.889097e-09	3.418997e+01	3.406764e+02
2.220000e-06	6.848424e-09	2.893429e-09	3.427161e+01	3.413718e+02
2.230000e-06	6.863406e-09	2.897409e-09	3.434658e+01	3.420062e+02
2.240000e-06	6.877097e-09	2.902994e-09	3.441510e+01	3.425794e+02
2.250000e-06	6.889551e-09	2.908783e-09	3.447742e+01	3.430913e+02
2.260000e-06	6.900558e-09	2.913273e-09	3.453251e+01	3.435418e+02
2.270000e-06	6.910018e-09	2.916493e-09	3.457985e+01	3.439309e+02
2.280000e-06	6.918210e-09	2.918909e-09	3.462084e+01	3.442585e+02
2.290000e-06	6.925262e-09	2.921311e-09	3.465613e+01	3.445246e+02
2.300000e-06	6.931119e-09	2.923657e-09	3.468544e+01	3.447290e+02
2.310000e-06	6.935895e-09	2.924681e-09	3.470934e+01	3.448718e+02
2.320000e-06	6.939582e-09	2.923973e-09	3.472780e+01	3.449529e+02
2.330000e-06	6.941865e-09	2.924428e-09	3.473922e+01	3.449722e+02
2.340000e-06	6.942759e-09	2.926377e-09	3.474370e+01	3.449299e+02
2.350000e-06	6.942526e-09	2.928558e-09	3.474253e+01	3.448260e+02
2.360000e-06	6.941196e-09	2.928303e-09	3.473587e+01	3.446603e+02
2.370000e-06	6.938764e-09	2.921908e-09	3.472370e+01	3.444330e+02
2.380000e-06	6.935365e-09	2.915261e-09	3.470669e+01	3.441441e+02
2.390000e-06	6.930923e-09	2.911163e-09	3.468446e+01	3.437936e+02
2.400000e-06	6.925072e-09	2.908385e-09	3.465518e+01	3.433817e+02
2.410000e-06	6.917915e-09	2.912429e-09	3.461937e+01	3.429083e+02
2.420000e-06	6.909782e-09	2.936771e-09	3.457867e+01	3.423737e+02
2.430000e-06	6.900661e-09	2.926590e-09	3.453302e+01	3.417777e+02
2.440000e-06	6.890226e-09	2.821882e-09	3.448081e+01	3.411207e+02
2.450000e-06	6.877755e-09	2.761870e-09	3.441840e+01	3.404027e+02
2.460000e-06	6.863123e-09	2.876450e-09	3.434517e+01	3.396237e+02
2.470000e-06	6.847418e-09	3.012532e-09	3.426658e+01	3.387841e+02
2.480000e-06	6.831485e-09	2.874039e-09	3.418685e+01	3.378838e+02
2.490000e-06	6.814729e-09	2.727132e-09	3.410300e+01	3.369231e+02
2.500000e-06	6.796386e-09	2.942881e-09	3.401120e+01	3.359022e+02
2.510000e-06	6.777031e-09	2.884150e-09	3.391434e+01	3.348212e+02
2.520000e-06	6.756998e-09	2.650293e-09	3.381409e+01	3.336803e+02
2.530000e-06	6.735306e-09	2.924232e-09	3.370554e+01	3.324797e+02
2.540000e-06	6.712015e-09	3.016541e-09	3.358899e+01	3.312197e+02
2.550000e-06	6.687944e-09	2.699422e-09	3.346853e+01	3.299004e+02
2.560000e-06	6.662599e-09	2.828135e-09	3.334169e+01	3.285222e+02
2.570000e-06	6.635872e-09	2.992080e-09	3.320794e+01	3.270851e+02
2.580000e-06	6.608410e-09	2.686658e-09	3.307051e+01	3.255896e+02
2.590000e-06	6.579678e-09	2.709161e-09	3.292673e+01	3.240359e+02
2.600000e-06	6.549228e-09	2.812622e-09	3.277435e+01	3.224242e+02
2.610000e-06	6.517716e-09	2.641366e-09	3.261665e+01	3.207548e+02
2.620000e-06	6.485168e-09	2.787848e-09	3.245378e+01	3.190281e+02
2.630000e-06	6.451356e-09	2.841529e-09	3.228457e+01	3.172443e+02
2.640000e-06	6.416595e-09	2.653269e-09	3.211062e+01	3.154038e+02
2.650000e-06	6.380913e-09	2.723977e-09	3.193205e+01	3.135069e+02
2.660000e-06	6.344059e-09	2.682217e-09	3.174762e+01	3.115539e+02
2.670000e-06	6.305770e-09	2.593569e-09	3.155601e+01	3.095453e+02
2.680000e-06	6.266034e-09	2.729120e-09	3.135716e+01	3.074812e+02
2.690000e-06	6.225279e-09	2.652838e-09	3.115322e+01	3.053622e+02
2.700000e-06	6.183579e-09	2.570052e-09	3.094454e+01	3.031885e+02
2.710000e-06	6.140811e-09	2.660637e-09	3.073051e+01	3.009607e+02
2.720000e-06	6.097210e-09	2.573420e-09	3.051232e+01	2.986790e+02
2.730000e-06	6.052618e-09	2.517879e-09	3.028917e+01	2.963439e+02
2.740000e-06	6.006802e-09	2.539329e-09	3.005989e+01	2.939558e+02
2.750000e-06	5.959935e-09	2.488611e-09	2.982535e+01	2.915151e+02
2.760000e-06	5.911983e-09	2.504786e-09	2.958539e+01	2.890223e+02
2.770000e-06	5.862885e-09	2.504255e-09	2.933968e+01	2.864779e+02
2.780000e-06	5.812708e-09	2.465457e-09	2.908859e+01	2.838822e+02
2.790000e-06	5.761533e-09	2.416560e-09	2.883249e+01	2.812357e+02
2.800000e-06	5.709244e-09	2.368089e-09	2.857082e+01	2.785389e+02
2.810000e-06	5.655553e-09	2.373661e-09	2.830214e+01	2.757924e+02
2.820000e-06	5.600622e-09	2.349149e-09	2.802724e+01	2.729965e+02
2.830000e-06	5.544732e-09	2.348874e-09	2.774756e+01	2.701518e+02
2.840000e-06	5.487931e-09	2.328138e-09	2.746330e+01	2.672588e+02
2.850000e-06	5.430225e-09	2.265832e-09	2.717453e+01	2.643180e+02
2.860000e-06	5.371621e-09	2.268931e-09	2.688126e+01	2.613300e+02
2.870000e-06	5.312261e-09	2.217374e-09	2.658420e+01	2.582952e+02
2.880000e-06	5.252041e-09	2.180660e-09	2.628284e+01	2.552142e+02
2.890000e-06	5.190660e-09	2.181649e-09	2.597567e+01	2.520876e+02
2.900000e-06	5.128149e-09	2.139484e-09	2.566285e+01	2.489160e+02
2.910000e-06	5.064734e-09	2.141043e-09	2.534550e+01	2.456998e+02
2.920000e-06	5.000542e-09	2.107937e-09	2.502426e+01	2.424397e+02
2.930000e-06	4.935523e-09	2.058364e-09	2.469889e+01	2.391362e+02
2.940000e-06	4.869630e-09	2.027602e-09	2.436914e+01	2.357900e+02
2.950000e-06	4.802916e-09	1.984502e-09	2.403528e+01	2.324017e+02
2.960000e-06	4.735432e-09	1.978372e-09	2.369757e+01	2.289718e+02
2.970000e-06	4.667140e-09	1.953991e-09	2.335582e+01	2.255009e+02
2.980000e-06	4.597799e-09	1.925279e-09	2.300881e+01	2.219898e+02
2.990000e-06	4.527324e-09	1.893597e-09	2.265614e+01	2.184389e+02
3.000000e-06	4.455974e-09	1.849790e-09	2.229908e+01	2.148490e+02
3.010000e-06	4.383883e-09	1.825846e-09	2.193831e+01	2.112207e+02
3.020000e-06	4.311070e-09	1.782446e-09	2.157393e+01	2.075546e+02
3.030000e-06	4.237547e-09	1.753288e-09	2.120601e+01	2.038515e+02
3.040000e-06	4.163282e-09	1.729448e-09	2.083436e+01	2.001118e+02
3.050000e-06	4.088219e-09	1.699005e-09	2.045872e+01	1.963365e+02
3.060000e-06	4.012316e-09	1.676734e-09	2.007888e+01	1.925260e+02
3.070000e-06	3.935528e-09	1.631326e-09	1.969461e+01	1.886811e+02
3.080000e-06	3.857775e-09	1.592117e-09	1.930551e+01	1.848025e+02
3.090000e-06	3.779145e-09	1.555265e-09	1.891202e+01	1.808908e+02
3.100000e-06	3.699838e-09	1.523130e-09	1.851515e+01	1.769468e+02
3.110000e-06	3.619962e-09	1.501077e-09	1.811542e+01	1.729712e+02
3.120000e-06	3.539551e-09	1.463315e-09	1.771302e+01	1.689647e+02
3.130000e-06	3.458566e-09	1.427277e-09	1.730775e+01	1.649280e+02
3.140000e-06	3.377002e-09	1.389173e-09	1.689958e+01	1.608618e+02
3.150000e-06	3.294868e-09	1.352340e-09	1.648855e+01	1.567669e+02
3.160000e-06	3.212184e-09	1.320569e-09	1.607478e+01	1.526439e+02
3.170000e-06	3.129062e-09	1.284638e-09	1.565881e+01	1.484937e+02
3.180000e-06	3.045590e-09	1.251338e-09	1.524109e+01	1.443170e+02
3.190000e-06	2.961745e-09	1.213416e-09	1.482150e+01	1.401144e+02
3.200000e-06	2.877411e-09	1.175920e-09	1.439947e+01	1.358868e+02
3.210000e-06	2.792444e-09	1.137663e-09	1.397427e+01	1.316350e+02
3.220000e-06	2.706742e-09	1.094294e-09	1.354539e+01	1.273596e+02
3.230000e-06	2.620332e-09	1.055237e-09	1.311297e+01	1.230615e+02
3.240000e-06	2.533382e-09	1.019054e-09	1.267785e+01	1.187414e+02
3.250000e-06	2.446051e-09	9.890808e-10	1.224081e+01	1.144001e+02
3.260000e-06	2.358397e-09	9.560602e-10	1.180217e+01	1.100384e+02
3.270000e-06	2.270424e-09	9.122167e-10	1.136192e+01	1.056570e+02
3.280000e-06	2.182107e-09	8.678312e-10	1.091996e+01	1.012567e+02
3.290000e-06	2.093437e-09	8.236664e-10	1.047623e+01	9.683840e+01
3.300000e-06	2.004423e-09	7.840772e-10	1.003077e+01	9.240279e+01
3.310000e-06	1.915044e-09	7.478436e-10	9.583494e+00	8.795068e+01
3.320000e-06	1.825297e-09	7.096843e-10	9.134371e+00	8.348287e+01
3.330000e-06	1.735215e-09	6.741183e-10	8.683571e+00	7.900016e+01
3.340000e-06	1.644841e-09	6.385182e-10	8.231312e+00	7.450336e+01
3.350000e-06	1.554219e-09	6.007987e-10	7.777812e+00	6.999327e+01
3.360000e-06	1.463363e-09	5.576726e-10	7.323142e+00	6.547070e+01
3.370000e-06	1.372285e-09	5.109614e-10	6.867359e+00	6.093645e+01
3.380000e-06	1.281013e-09	4.702468e-10	6.410608e+00	5.639134e+01
3.390000e-06	1.189569e-09	4.361506e-10	5.952990e+00	5.183619e+01
3.400000e-06	1.097955e-09	4.051313e-10	5.494527e+00	4.727179e+01
3.410000e-06	1.006170e-09	3.671881e-10	5.035207e+00	4.269899e+01
3.420000e-06	9.142132e-10	3.212662e-10	4.575026e+00	3.811858e+01
3.430000e-06	8.220926e-10	2.788005e-10	4.114026e+00	3.353140e+01
3.440000e-06	7.298172e-10	2.408057e-10	3.652251e+00	2.893826e+01
3.450000e-06	6.373864e-10	2.056863e-10	3.189700e+00	2.433998e+01
3.460000e-06	5.448213e-10	1.674448e-10	2.726476e+00	1.973739e+01
3.470000e-06	4.521441e-10	1.257015e-10	2.262692e+00	1.513132e+01
3.480000e-06	3.593677e-10	8.614565e-11	1.798411e+00	1.052258e+01
3.490000e-06	2.665302e-10	4.728158e-11	1.333824e+00	5.911997e+00
3.500000e-06	1.736533e-10	9.273953e-12	8.690404e-01	1.300404e+00
3.510000e-06	8.075236e-11	-3.258431e-11	4.041362e-01	-3.311379e+00
3.520000e-06	-1.213668e-11	-7.465017e-11	-6.070836e-02	-7.922524e+00
3.530000e-06	-1.050030e-10	-1.102120e-10	-5.254390e-01	-1.253221e+01
3.540000e-06	-1.978134e-10	-1.438826e-10	-9.898901e-01	-1.713960e+01
3.550000e-06	-2.905335e-10	-1.795344e-10	-1.453889e+00	-2.174389e+01
3.560000e-06	-3.831631e-10	-2.211064e-10	-1.917436e+00	-2.634424e+01
3.570000e-06	-4.756844e-10	-2.650172e-10	-2.380440e+00	-3.093983e+01
3.580000e-06	-5.680775e-10	-3.048608e-10	-2.842803e+00	-3.552984e+01
3.590000e-06	-6.603372e-10	-3.419841e-10	-3.304499e+00	-4.011344e+01
3.600000e-06	-7.524551e-10	-3.778754e-10	-3.765485e+00	-4.468982e+01
3.610000e-06	-8.444151e-10	-4.167507e-10	-4.225682e+00	-4.925816e+01
3.620000e-06	-9.362206e-10	-4.567971e-10	-4.685105e+00	-5.381764e+01
3.630000e-06	-1.027878e-09	-4.932583e-10	-5.143786e+00	-5.836745e+01
3.640000e-06	-1.119381e-09	-5.288348e-10	-5.601696e+00	-6.290676e+01
3.650000e-06	-1.210722e-09	-5.658763e-10	-6.058797e+00	-6.743477e+01
3.660000e-06	-1.301893e-09	-6.069198e-10	-6.515045e+00	-7.195067e+01
3.670000e-06	-1.392889e-09	-6.477488e-10	-6.970417e+00	-7.645364e+01
3.680000e-06	-1.483699e-09	-6.841531e-10	-7.424859e+00	-8.094289e+01
3.690000e-06	-1.574283e-09	-7.189354e-10	-7.878168e+00	-8.541761e+01
3.700000e-06	-1.664621e-09	-7.557738e-10	-8.330246e+00	-8.987699e+01
3.710000e-06	-1.754688e-09	-7.965974e-10	-8.780969e+00	-9.432025e+01
3.720000e-06	-1.844459e-09	-8.364559e-10	-9.230211e+00	-9.874658e+01
3.730000e-06	-1.933913e-09	-8.743067e-10	-9.677867e+00	-1.031552e+02
3.740000e-06	-2.023015e-09	-9.125295e-10	-1.012376e+01	-1.075453e+02
3.750000e-06	-2.111775e-09	-9.506717e-10	-1.056794e+01	-1.119161e+02
3.760000e-06	-2.200193e-09	-9.893794e-10	-1.101041e+01	-1.162669e+02
3.770000e-06	-2.288270e-09	-1.024460e-09	-1.145118e+01	-1.205967e+02
3.780000e-06	-2.376036e-09	-1.058127e-09	-1.189039e+01	-1.249050e+02
3.790000e-06	-2.463496e-09	-1.095110e-09	-1.232807e+01	-1.291909e+02
3.800000e-06	-2.550605e-09	-1.134387e-09	-1.276398e+01	-1.334536e+02
3.810000e-06	-2.637256e-09	-1.175179e-09	-1.319761e+01	-1.376923e+02
3.820000e-06	-2.723322e-09	-1.213977e-09	-1.362831e+01	-1.419064e+02
3.830000e-06	-2.808665e-09	-1.250041e-09	-1.405540e+01	-1.460950e+02
3.840000e-06	-2.893280e-09	-1.285763e-09	-1.447884e+01	-1.502575e+02
3.850000e-06	-2.977302e-09	-1.322619e-09	-1.489930e+01	-1.543930e+02
3.860000e-06	-3.060843e-09	-1.358683e-09	-1.531737e+01	-1.585008e+02
3.870000e-06	-3.143947e-09	-1.391300e-09	-1.573325e+01	-1.625802e+02
3.880000e-06	-3.226576e-09	-1.424260e-09	-1.614675e+01	-1.666305e+02
3.890000e-06	-3.308660e-09	-1.461334e-09	-1.655753e+01	-1.706509e+02
3.900000e-06	-3.390170e-09	-1.501133e-09	-1.696542e+01	-1.746407e+02
3.910000e-06	-3.471096e-09	-1.539320e-09	-1.737041e+01	-1.785993e+02
3.920000e-06	-3.551454e-09	-1.572954e-09	-1.777254e+01	-1.825258e+02
3.930000e-06	-3.631282e-09	-1.605964e-09	-1.817203e+01	-1.864196e+02
3.940000e-06	-3.710587e-09	-1.640476e-09	-1.856889e+01	-1.902800e+02
3.950000e-06	-3.789221e-09	-1.675226e-09	-1.896240e+01	-1.941063e+02
3.960000e-06	-3.866940e-09	-1.708158e-09	-1.935133e+01	-1.978978e+02
3.970000e-06	-3.943638e-09	-1.736687e-09	-1.973515e+01	-2.016538e+02
3.980000e-06	-4.019398e-09	-1.767069e-09	-2.011428e+01	-2.053737e+02
3.990000e-06	-4.094347e-09	-1.802286e-09	-2.048934e+01	-2.090568e+02
4.000000e-06	-4.168561e-09	-1.837774e-09	-2.086073e+01	-2.127025e+02
4.010000e-06	-4.242077e-09	-1.869056e-09	-2.122863e+01	-2.163100e+02
4.020000e-06	-4.314908e-09	-1.895363e-09	-2.159310e+01	-2.198788e+02
4.030000e-06	-4.387033e-09	-1.922857e-09	-2.195404e+01	-2.234082e+02
4.040000e-06	-4.458498e-09	-1.953797e-09	-2.231167e+01	-2.268976e+02
4.050000e-06	-4.529256e-09	-1.986215e-09	-2.266577e+01	-2.303463e+02
4.060000e-06	-4.599050e-09	-2.016677e-09	-2.301504e+01	-2.337537e+02
4.070000e-06	-4.667792e-09	-2.045252e-09	-2.335904e+01	-2.371192e+02
4.080000e-06	-4.735651e-09	-2.075430e-09	-2.369863e+01	-2.404423e+02
4.090000e-06	-4.802773e-09	-2.106178e-09	-2.403453e+01	-2.437223e+02
4.100000e-06	-4.869133e-09	-2.135389e-09	-2.436662e+01	-2.469586e+02
4.110000e-06	-4.934681e-09	-2.161271e-09	-2.469464e+01	-2.501507e+02
4.120000e-06	-4.999408e-09	-2.184986e-09	-2.501855e+01	-2.532980e+02
4.130000e-06	-5.063353e-09	-2.211218e-09	-2.533855e+01	-2.563999e+02
4.140000e-06	-5.126525e-09	-2.239678e-09	-2.565469e+01	-2.594558e+02
4.150000e-06	-5.188693e-09	-2.267795e-09	-2.596579e+01	-2.624653e+02
4.160000e-06	-5.249656e-09	-2.292397e-09	-2.627087e+01	-2.654278e+02
4.170000e-06	-5.309603e-09	-2.314929e-09	-2.657086e+01	-2.683427e+02
4.180000e-06	-5.368758e-09	-2.339406e-09	-2.686689e+01	-2.712095e+02
4.190000e-06	-5.427061e-09	-2.364025e-09	-2.715866e+01	-2.740277e+02
4.200000e-06	-5.484408e-09	-2.387258e-09	-2.744564e+01	-2.767969e+02
4.210000e-06	-5.540809e-09	-2.408790e-09	-2.772789e+01	-2.795165e+02
4.220000e-06	-5.596342e-09	-2.430853e-09	-2.800580e+01	-2.821860e+02
4.230000e-06	-5.650865e-09	-2.454543e-09	-2.827865e+01	-2.848050e+02
4.240000e-06	-5.704057e-09	-2.477707e-09	-2.854483e+01	-2.873729e+02
4.250000e-06	-5.755959e-09	-2.498143e-09	-2.880457e+01	-2.898894e+02
4.260000e-06	-5.806771e-09	-2.516090e-09	-2.905885e+01	-2.923539e+02
4.270000e-06	-5.856466e-09	-2.534989e-09	-2.930753e+01	-2.947661e+02
4.280000e-06	-5.904846e-09	-2.555910e-09	-2.954964e+01	-2.971255e+02
4.290000e-06	-5.951850e-09	-2.577056e-09	-2.978487e+01	-2.994316e+02
4.300000e-06	-5.997757e-09	-2.595171e-09	-3.001460e+01	-3.016841e+02
4.310000e-06	-6.042734e-09	-2.610471e-09	-3.023968e+01	-3.038826e+02
4.320000e-06	-6.086809e-09	-2.627169e-09	-3.046024e+01	-3.060267e+02
4.330000e-06	-6.130085e-09	-2.645744e-09	-3.067681e+01	-3.081159e+02
4.340000e-06	-6.172473e-09	-2.664065e-09	-3.088893e+01	-3.101499e+02
4.350000e-06	-6.213842e-09	-2.680412e-09	-3.109596e+01	-3.121284e+02
4.360000e-06	-6.254215e-09	-2.695127e-09	-3.129800e+01	-3.140510e+02
4.370000e-06	-6.293663e-09	-2.710366e-09	-3.149541e+01	-3.159173e+02
4.380000e-06	-6.331977e-09	-2.725642e-09	-3.168714e+01	-3.177271e+02
4.390000e-06	-6.368866e-09	-2.739979e-09	-3.187175e+01	-3.194799e+02
4.400000e-06	-6.404568e-09	-2.752974e-09	-3.205041e+01	-3.211755e+02
4.410000e-06	-6.439307e-09	-2.766221e-09	-3.222426e+01	-3.228136e+02
4.420000e-06	-6.472987e-09	-2.781090e-09	-3.239280e+01	-3.243939e+02
4.430000e-06	-6.505577e-09	-2.795607e-09	-3.255589e+01	-3.259161e+02
4.440000e-06	-6.537160e-09	-2.807653e-09	-3.271394e+01	-3.273799e+02
4.450000e-06	-6.567587e-09	-2.816965e-09	-3.286621e+01	-3.287850e+02
4.460000e-06	-6.596580e-09	-2.826674e-09	-3.301130e+01	-3.301313e+02
4.470000e-06	-6.624326e-09	-2.838650e-09	-3.315015e+01	-3.314184e+02
4.480000e-06	-6.651038e-09	-2.850693e-09	-3.328382e+01	-3.326462e+02
4.490000e-06	-6.676616e-09	-2.861037e-09	-3.341182e+01	-3.338144e+02
4.500000e-06	-6.701050e-09	-2.869586e-09	-3.353410e+01	-3.349228e+02
4.510000e-06	-6.724470e-09	-2.878397e-09	-3.365130e+01	-3.359712e+02
4.520000e-06	-6.746671e-09	-2.887890e-09	-3.376240e+01	-3.369595e+02
4.530000e-06	-6.767412e-09	-2.896581e-09	-3.386620e+01	-3.378874e+02
4.540000e-06	-6.786942e-09	-2.902991e-09	-3.396393e+01	-3.387547e+02
4.550000e-06	-6.805416e-09	-2.907796e-09	-3.405638e+01	-3.395614e+02
4.560000e-06	-6.822761e-09	-2.914151e-09	-3.414318e+01	-3.403073e+02
4.570000e-06	-6.839004e-09	-2.921779e-09	-3.422447e+01	-3.409923e+02
4.580000e-06	-6.854104e-09	-2.927351e-09	-3.430003e+01	-3.416161e+02
4.590000e-06	-6.867730e-09	-2.929768e-09	-3.436822e+01	-3.421788e+02
4.600000e-06	-6.879805e-09	-2.931098e-09	-3.442865e+01	-3.426802e+02
4.610000e-06	-6.890558e-09	-2.934425e-09	-3.448246e+01	-3.431202e+02
4.620000e-06	-6.900083e-09	-2.939455e-09	-3.453013e+01	-3.434988e+02
4.630000e-06	-6.908480e-09	-2.942539e-09	-3.457215e+01	-3.438159e+02
4.640000e-06	-6.915829e-09	-2.942860e-09	-3.460893e+01	-3.440713e+02
4.650000e-06	-6.921875e-09	-2.942537e-09	-3.463918e+01	-3.442652e+02
4.660000e-06	-6.926440e-09	-2.944030e-09	-3.466202e+01	-3.443974e+02
4.670000e-06	-6.929804e-09	-2.947023e-09	-3.467886e+01	-3.444679e+02
4.680000e-06	-6.932111e-09	-2.947644e-09	-3.469041e+01	-3.444767e+02
4.690000e-06	-6.933283e-09	-2.945196e-09	-3.469627e+01	-3.444238e+02
