# Temperatura_=_20.0
# Concentracion g/m^3_=_10000.0
# C_Vs_to_Am_M_A/Vsm_=_116720831517.84952
# pendiente_HvsI_1/m_=_3716.3
# ordenada_HvsI_A/m_=_1297.0
# frecuencia_Hz_=_115022.87209527475
# Promedio de 26 ciclos

Tiempo_(s)	Campo_(V.s)	Magnetizacion_(V.s)	Campo_(kA/m)	Magnetizacion_(A/m)
0.000000e+00	-8.132895e-09	-3.555545e-09	-3.840192e+01	-4.229341e+02
1.000000e-08	-8.132858e-09	-3.553551e-09	-3.840175e+01	-4.229325e+02
2.000000e-08	-8.132591e-09	-3.551483e-09	-3.840049e+01	-4.229089e+02
3.000000e-08	-8.132098e-09	-3.548763e-09	-3.839816e+01	-4.228631e+02
4.000000e-08	-8.131338e-09	-3.548190e-09	-3.839457e+01	-4.227953e+02
5.000000e-08	-8.130171e-09	-3.549435e-09	-3.838906e+01	-4.227054e+02
6.000000e-08	-8.128477e-09	-3.552096e-09	-3.838106e+01	-4.225933e+02
7.000000e-08	-8.126174e-09	-3.557359e-09	-3.837019e+01	-4.224592e+02
8.000000e-08	-8.123204e-09	-3.559370e-09	-3.835616e+01	-4.223030e+02
9.000000e-08	-8.119572e-09	-3.531307e-09	-3.833901e+01	-4.221247e+02
1.000000e-07	-8.115353e-09	-3.501515e-09	-3.831909e+01	-4.219244e+02
1.100000e-07	-8.110683e-09	-3.535964e-09	-3.829704e+01	-4.217020e+02
1.200000e-07	-8.105714e-09	-3.587461e-09	-3.827358e+01	-4.214575e+02
1.300000e-07	-8.100543e-09	-3.541085e-09	-3.824916e+01	-4.211910e+02
1.400000e-07	-8.095101e-09	-3.487262e-09	-3.822347e+01	-4.209026e+02
1.500000e-07	-8.089246e-09	-3.510871e-09	-3.819582e+01	-4.205921e+02
1.600000e-07	-8.082956e-09	-3.574699e-09	-3.816612e+01	-4.202596e+02
1.700000e-07	-8.076267e-09	-3.505946e-09	-3.813453e+01	-4.199052e+02
1.800000e-07	-8.069155e-09	-3.441463e-09	-3.810095e+01	-4.195288e+02
1.900000e-07	-8.061603e-09	-3.529656e-09	-3.806529e+01	-4.191305e+02
2.000000e-07	-8.053671e-09	-3.547319e-09	-3.802784e+01	-4.187103e+02
2.100000e-07	-8.045448e-09	-3.487210e-09	-3.798901e+01	-4.182682e+02
2.200000e-07	-8.036901e-09	-3.457152e-09	-3.794866e+01	-4.178042e+02
2.300000e-07	-8.027975e-09	-3.534259e-09	-3.790651e+01	-4.173184e+02
2.400000e-07	-8.018641e-09	-3.491303e-09	-3.786244e+01	-4.168108e+02
2.500000e-07	-8.008796e-09	-3.414167e-09	-3.781595e+01	-4.162814e+02
2.600000e-07	-7.998256e-09	-3.480404e-09	-3.776618e+01	-4.157302e+02
2.700000e-07	-7.986959e-09	-3.520122e-09	-3.771284e+01	-4.151573e+02
2.800000e-07	-7.975097e-09	-3.462513e-09	-3.765683e+01	-4.145627e+02
2.900000e-07	-7.962838e-09	-3.422875e-09	-3.759894e+01	-4.139465e+02
3.000000e-07	-7.950202e-09	-3.489961e-09	-3.753928e+01	-4.133086e+02
3.100000e-07	-7.937148e-09	-3.448874e-09	-3.747764e+01	-4.126491e+02
3.200000e-07	-7.923662e-09	-3.401299e-09	-3.741396e+01	-4.119680e+02
3.300000e-07	-7.909788e-09	-3.448836e-09	-3.734845e+01	-4.112654e+02
3.400000e-07	-7.895517e-09	-3.457595e-09	-3.728106e+01	-4.105413e+02
3.500000e-07	-7.880774e-09	-3.406756e-09	-3.721145e+01	-4.097957e+02
3.600000e-07	-7.865406e-09	-3.418527e-09	-3.713889e+01	-4.090288e+02
3.700000e-07	-7.849391e-09	-3.462782e-09	-3.706327e+01	-4.082404e+02
3.800000e-07	-7.832831e-09	-3.394981e-09	-3.698508e+01	-4.074307e+02
3.900000e-07	-7.815758e-09	-3.373848e-09	-3.690446e+01	-4.065997e+02
4.000000e-07	-7.798253e-09	-3.408965e-09	-3.682180e+01	-4.057475e+02
4.100000e-07	-7.780405e-09	-3.401588e-09	-3.673753e+01	-4.048740e+02
4.200000e-07	-7.762234e-09	-3.373254e-09	-3.665173e+01	-4.039794e+02
4.300000e-07	-7.743761e-09	-3.386635e-09	-3.656450e+01	-4.030637e+02
4.400000e-07	-7.724952e-09	-3.377579e-09	-3.647569e+01	-4.021269e+02
4.500000e-07	-7.705721e-09	-3.342162e-09	-3.638488e+01	-4.011691e+02
4.600000e-07	-7.686050e-09	-3.357796e-09	-3.629200e+01	-4.001903e+02
4.700000e-07	-7.666013e-09	-3.347447e-09	-3.619739e+01	-3.991906e+02
4.800000e-07	-7.645720e-09	-3.322531e-09	-3.610157e+01	-3.981700e+02
4.900000e-07	-7.625215e-09	-3.318919e-09	-3.600475e+01	-3.971286e+02
5.000000e-07	-7.604444e-09	-3.322765e-09	-3.590667e+01	-3.960665e+02
5.100000e-07	-7.583305e-09	-3.307654e-09	-3.580686e+01	-3.949836e+02
5.200000e-07	-7.561741e-09	-3.298726e-09	-3.570504e+01	-3.938801e+02
5.300000e-07	-7.539781e-09	-3.295425e-09	-3.560135e+01	-3.927560e+02
5.400000e-07	-7.517447e-09	-3.268671e-09	-3.549589e+01	-3.916114e+02
5.500000e-07	-7.494723e-09	-3.262336e-09	-3.538859e+01	-3.904463e+02
5.600000e-07	-7.471581e-09	-3.250698e-09	-3.527932e+01	-3.892609e+02
5.700000e-07	-7.448006e-09	-3.236654e-09	-3.516800e+01	-3.880550e+02
5.800000e-07	-7.424077e-09	-3.228058e-09	-3.505501e+01	-3.868289e+02
5.900000e-07	-7.399890e-09	-3.221010e-09	-3.494081e+01	-3.855826e+02
6.000000e-07	-7.375476e-09	-3.213809e-09	-3.482553e+01	-3.843161e+02
6.100000e-07	-7.350792e-09	-3.200251e-09	-3.470898e+01	-3.830295e+02
6.200000e-07	-7.325751e-09	-3.186985e-09	-3.459074e+01	-3.817229e+02
6.300000e-07	-7.300222e-09	-3.162017e-09	-3.447019e+01	-3.803963e+02
6.400000e-07	-7.274103e-09	-3.152114e-09	-3.434686e+01	-3.790499e+02
6.500000e-07	-7.247376e-09	-3.141898e-09	-3.422066e+01	-3.776836e+02
6.600000e-07	-7.220079e-09	-3.132447e-09	-3.409178e+01	-3.762976e+02
6.700000e-07	-7.192319e-09	-3.125232e-09	-3.396070e+01	-3.748919e+02
6.800000e-07	-7.164210e-09	-3.110752e-09	-3.382797e+01	-3.734667e+02
6.900000e-07	-7.135853e-09	-3.100880e-09	-3.369408e+01	-3.720219e+02
7.000000e-07	-7.107270e-09	-3.091387e-09	-3.355911e+01	-3.705576e+02
7.100000e-07	-7.078382e-09	-3.082013e-09	-3.342271e+01	-3.690740e+02
7.200000e-07	-7.049105e-09	-3.061613e-09	-3.328447e+01	-3.675711e+02
7.300000e-07	-7.019428e-09	-3.050251e-09	-3.314434e+01	-3.660490e+02
7.400000e-07	-6.989407e-09	-3.037951e-09	-3.300259e+01	-3.645078e+02
7.500000e-07	-6.959103e-09	-3.020710e-09	-3.285949e+01	-3.629475e+02
7.600000e-07	-6.928505e-09	-3.003651e-09	-3.271502e+01	-3.613682e+02
7.700000e-07	-6.897560e-09	-2.983107e-09	-3.256890e+01	-3.597700e+02
7.800000e-07	-6.866242e-09	-2.970891e-09	-3.242103e+01	-3.581530e+02
7.900000e-07	-6.834579e-09	-2.958089e-09	-3.227152e+01	-3.565173e+02
8.000000e-07	-6.802633e-09	-2.947158e-09	-3.212068e+01	-3.548630e+02
8.100000e-07	-6.770435e-09	-2.928819e-09	-3.196864e+01	-3.531901e+02
8.200000e-07	-6.737999e-09	-2.910842e-09	-3.181548e+01	-3.514988e+02
8.300000e-07	-6.705315e-09	-2.894798e-09	-3.166116e+01	-3.497891e+02
8.400000e-07	-6.672281e-09	-2.877337e-09	-3.150518e+01	-3.480610e+02
8.500000e-07	-6.638807e-09	-2.860181e-09	-3.134712e+01	-3.463148e+02
8.600000e-07	-6.604810e-09	-2.841686e-09	-3.118659e+01	-3.445505e+02
8.700000e-07	-6.570230e-09	-2.830129e-09	-3.102331e+01	-3.427682e+02
8.800000e-07	-6.535130e-09	-2.816236e-09	-3.085758e+01	-3.409680e+02
8.900000e-07	-6.499601e-09	-2.800733e-09	-3.068982e+01	-3.391499e+02
9.000000e-07	-6.463724e-09	-2.780548e-09	-3.052041e+01	-3.373141e+02
9.100000e-07	-6.427583e-09	-2.763267e-09	-3.034976e+01	-3.354607e+02
9.200000e-07	-6.391213e-09	-2.750189e-09	-3.017803e+01	-3.335897e+02
9.300000e-07	-6.354608e-09	-2.735754e-09	-3.000519e+01	-3.317013e+02
9.400000e-07	-6.317732e-09	-2.719912e-09	-2.983106e+01	-3.297956e+02
9.500000e-07	-6.280548e-09	-2.700935e-09	-2.965549e+01	-3.278726e+02
9.600000e-07	-6.243026e-09	-2.685331e-09	-2.947832e+01	-3.259325e+02
9.700000e-07	-6.205143e-09	-2.666955e-09	-2.929944e+01	-3.239753e+02
9.800000e-07	-6.166934e-09	-2.650326e-09	-2.911903e+01	-3.220012e+02
9.900000e-07	-6.128418e-09	-2.633432e-09	-2.893716e+01	-3.200103e+02
1.000000e-06	-6.089602e-09	-2.616684e-09	-2.875388e+01	-3.180026e+02
1.010000e-06	-6.050497e-09	-2.601633e-09	-2.856923e+01	-3.159783e+02
1.020000e-06	-6.011082e-09	-2.584337e-09	-2.838312e+01	-3.139375e+02
1.030000e-06	-5.971342e-09	-2.567977e-09	-2.819548e+01	-3.118803e+02
1.040000e-06	-5.931331e-09	-2.550125e-09	-2.800655e+01	-3.098067e+02
1.050000e-06	-5.891140e-09	-2.536041e-09	-2.781678e+01	-3.077170e+02
1.060000e-06	-5.850771e-09	-2.520655e-09	-2.762617e+01	-3.056112e+02
1.070000e-06	-5.810165e-09	-2.503106e-09	-2.743443e+01	-3.034894e+02
1.080000e-06	-5.769272e-09	-2.484645e-09	-2.724134e+01	-3.013517e+02
1.090000e-06	-5.728059e-09	-2.466623e-09	-2.704674e+01	-2.991983e+02
1.100000e-06	-5.686472e-09	-2.451907e-09	-2.685038e+01	-2.970293e+02
1.110000e-06	-5.644437e-09	-2.434683e-09	-2.665189e+01	-2.948447e+02
1.120000e-06	-5.601933e-09	-2.416646e-09	-2.645120e+01	-2.926447e+02
1.130000e-06	-5.558984e-09	-2.396068e-09	-2.624841e+01	-2.904294e+02
1.140000e-06	-5.515648e-09	-2.376535e-09	-2.604378e+01	-2.881989e+02
1.150000e-06	-5.471961e-09	-2.358329e-09	-2.583750e+01	-2.859533e+02
1.160000e-06	-5.427975e-09	-2.341585e-09	-2.562981e+01	-2.836928e+02
1.170000e-06	-5.383766e-09	-2.325052e-09	-2.542106e+01	-2.814174e+02
1.180000e-06	-5.339383e-09	-2.305952e-09	-2.521149e+01	-2.791274e+02
1.190000e-06	-5.294817e-09	-2.288541e-09	-2.500106e+01	-2.768227e+02
1.200000e-06	-5.250026e-09	-2.270115e-09	-2.478956e+01	-2.745036e+02
1.210000e-06	-5.204997e-09	-2.250825e-09	-2.457695e+01	-2.721701e+02
1.220000e-06	-5.159717e-09	-2.229134e-09	-2.436314e+01	-2.698224e+02
1.230000e-06	-5.114171e-09	-2.207479e-09	-2.414808e+01	-2.674606e+02
1.240000e-06	-5.068348e-09	-2.187241e-09	-2.393171e+01	-2.650848e+02
1.250000e-06	-5.022264e-09	-2.167574e-09	-2.371412e+01	-2.626951e+02
1.260000e-06	-4.975929e-09	-2.146519e-09	-2.349533e+01	-2.602917e+02
1.270000e-06	-4.929367e-09	-2.122399e-09	-2.327547e+01	-2.578747e+02
1.280000e-06	-4.882582e-09	-2.100453e-09	-2.305456e+01	-2.554442e+02
1.290000e-06	-4.835544e-09	-2.079750e-09	-2.283246e+01	-2.530003e+02
1.300000e-06	-4.788274e-09	-2.061333e-09	-2.260926e+01	-2.505432e+02
1.310000e-06	-4.740775e-09	-2.042254e-09	-2.238498e+01	-2.480730e+02
1.320000e-06	-4.693035e-09	-2.020678e-09	-2.215956e+01	-2.455899e+02
1.330000e-06	-4.645083e-09	-1.999884e-09	-2.193314e+01	-2.430939e+02
1.340000e-06	-4.596946e-09	-1.981889e-09	-2.170584e+01	-2.405851e+02
1.350000e-06	-4.548631e-09	-1.964789e-09	-2.147771e+01	-2.380638e+02
1.360000e-06	-4.500123e-09	-1.942983e-09	-2.124866e+01	-2.355301e+02
1.370000e-06	-4.451403e-09	-1.920328e-09	-2.101862e+01	-2.329840e+02
1.380000e-06	-4.402450e-09	-1.899020e-09	-2.078747e+01	-2.304258e+02
1.390000e-06	-4.353230e-09	-1.879827e-09	-2.055507e+01	-2.278555e+02
1.400000e-06	-4.303729e-09	-1.862220e-09	-2.032133e+01	-2.252732e+02
1.410000e-06	-4.253901e-09	-1.843495e-09	-2.008605e+01	-2.226792e+02
1.420000e-06	-4.203712e-09	-1.823295e-09	-1.984907e+01	-2.200736e+02
1.430000e-06	-4.153186e-09	-1.802088e-09	-1.961050e+01	-2.174564e+02
1.440000e-06	-4.102308e-09	-1.782515e-09	-1.937027e+01	-2.148279e+02
1.450000e-06	-4.051080e-09	-1.762869e-09	-1.912837e+01	-2.121881e+02
1.460000e-06	-3.999564e-09	-1.744297e-09	-1.888513e+01	-2.095373e+02
1.470000e-06	-3.947793e-09	-1.726872e-09	-1.864067e+01	-2.068754e+02
1.480000e-06	-3.895775e-09	-1.707705e-09	-1.839506e+01	-2.042028e+02
1.490000e-06	-3.843536e-09	-1.687146e-09	-1.814839e+01	-2.015194e+02
1.500000e-06	-3.791085e-09	-1.665608e-09	-1.790073e+01	-1.988256e+02
1.510000e-06	-3.738438e-09	-1.643788e-09	-1.765214e+01	-1.961213e+02
1.520000e-06	-3.685614e-09	-1.622000e-09	-1.740272e+01	-1.934068e+02
1.530000e-06	-3.632603e-09	-1.602180e-09	-1.715241e+01	-1.906821e+02
1.540000e-06	-3.579399e-09	-1.583183e-09	-1.690119e+01	-1.879475e+02
1.550000e-06	-3.526031e-09	-1.565173e-09	-1.664920e+01	-1.852030e+02
1.560000e-06	-3.472497e-09	-1.546788e-09	-1.639642e+01	-1.824489e+02
1.570000e-06	-3.418775e-09	-1.526304e-09	-1.614275e+01	-1.796852e+02
1.580000e-06	-3.364873e-09	-1.505422e-09	-1.588824e+01	-1.769121e+02
1.590000e-06	-3.310793e-09	-1.484297e-09	-1.563289e+01	-1.741298e+02
1.600000e-06	-3.256564e-09	-1.463903e-09	-1.537683e+01	-1.713383e+02
1.610000e-06	-3.202178e-09	-1.442227e-09	-1.512002e+01	-1.685379e+02
1.620000e-06	-3.147626e-09	-1.420402e-09	-1.486244e+01	-1.657286e+02
1.630000e-06	-3.092931e-09	-1.396809e-09	-1.460418e+01	-1.629107e+02
1.640000e-06	-3.038080e-09	-1.374860e-09	-1.434518e+01	-1.600843e+02
1.650000e-06	-2.983077e-09	-1.356774e-09	-1.408547e+01	-1.572495e+02
1.660000e-06	-2.927913e-09	-1.338062e-09	-1.382500e+01	-1.544064e+02
1.670000e-06	-2.872582e-09	-1.319469e-09	-1.356374e+01	-1.515553e+02
1.680000e-06	-2.817104e-09	-1.297758e-09	-1.330178e+01	-1.486962e+02
1.690000e-06	-2.761496e-09	-1.274913e-09	-1.303921e+01	-1.458294e+02
1.700000e-06	-2.705775e-09	-1.251084e-09	-1.277610e+01	-1.429549e+02
1.710000e-06	-2.649920e-09	-1.225639e-09	-1.251237e+01	-1.400730e+02
1.720000e-06	-2.593927e-09	-1.200181e-09	-1.224798e+01	-1.371837e+02
1.730000e-06	-2.537826e-09	-1.176235e-09	-1.198308e+01	-1.342872e+02
1.740000e-06	-2.481641e-09	-1.155188e-09	-1.171779e+01	-1.313837e+02
1.750000e-06	-2.425389e-09	-1.132991e-09	-1.145217e+01	-1.284734e+02
1.760000e-06	-2.369055e-09	-1.110545e-09	-1.118618e+01	-1.255563e+02
1.770000e-06	-2.312642e-09	-1.089561e-09	-1.091981e+01	-1.226326e+02
1.780000e-06	-2.256137e-09	-1.069034e-09	-1.065300e+01	-1.197025e+02
1.790000e-06	-2.199538e-09	-1.048139e-09	-1.038575e+01	-1.167661e+02
1.800000e-06	-2.142880e-09	-1.024869e-09	-1.011822e+01	-1.138236e+02
1.810000e-06	-2.086168e-09	-1.000875e-09	-9.850439e+00	-1.108752e+02
1.820000e-06	-2.029387e-09	-9.776943e-10	-9.582326e+00	-1.079210e+02
1.830000e-06	-1.972519e-09	-9.546630e-10	-9.313806e+00	-1.049611e+02
1.840000e-06	-1.915566e-09	-9.303723e-10	-9.044887e+00	-1.019957e+02
1.850000e-06	-1.858523e-09	-9.034270e-10	-8.775542e+00	-9.902494e+01
1.860000e-06	-1.801356e-09	-8.772323e-10	-8.505608e+00	-9.604902e+01
1.870000e-06	-1.744049e-09	-8.561072e-10	-8.235020e+00	-9.306806e+01
1.880000e-06	-1.686612e-09	-8.371469e-10	-7.963810e+00	-9.008222e+01
1.890000e-06	-1.629047e-09	-8.157332e-10	-7.692001e+00	-8.709167e+01
1.900000e-06	-1.571346e-09	-7.915068e-10	-7.419549e+00	-8.409655e+01
1.910000e-06	-1.513499e-09	-7.654247e-10	-7.146408e+00	-8.109703e+01
1.920000e-06	-1.455536e-09	-7.398752e-10	-6.872719e+00	-7.809325e+01
1.930000e-06	-1.397464e-09	-7.148961e-10	-6.598515e+00	-7.508538e+01
1.940000e-06	-1.339277e-09	-6.896803e-10	-6.323768e+00	-7.207357e+01
1.950000e-06	-1.280996e-09	-6.638382e-10	-6.048580e+00	-6.905798e+01
1.960000e-06	-1.222609e-09	-6.383609e-10	-5.772887e+00	-6.603876e+01
1.970000e-06	-1.164118e-09	-6.140691e-10	-5.496706e+00	-6.301609e+01
1.980000e-06	-1.105565e-09	-5.896339e-10	-5.220230e+00	-5.999010e+01
1.990000e-06	-1.046932e-09	-5.637316e-10	-4.943377e+00	-5.696097e+01
2.000000e-06	-9.881963e-10	-5.369311e-10	-4.666039e+00	-5.392884e+01
2.010000e-06	-9.293572e-10	-5.125495e-10	-4.388213e+00	-5.089389e+01
2.020000e-06	-8.704236e-10	-4.897891e-10	-4.109941e+00	-4.785626e+01
2.030000e-06	-8.114091e-10	-4.661508e-10	-3.831287e+00	-4.481611e+01
2.040000e-06	-7.522984e-10	-4.414568e-10	-3.552178e+00	-4.177361e+01
2.050000e-06	-6.931171e-10	-4.158808e-10	-3.272737e+00	-3.872891e+01
2.060000e-06	-6.338934e-10	-3.909210e-10	-2.993094e+00	-3.568218e+01
2.070000e-06	-5.746192e-10	-3.662532e-10	-2.713214e+00	-3.263356e+01
2.080000e-06	-5.153076e-10	-3.414800e-10	-2.433157e+00	-2.958322e+01
2.090000e-06	-4.559865e-10	-3.157320e-10	-2.153055e+00	-2.653132e+01
2.100000e-06	-3.966546e-10	-2.890561e-10	-1.872901e+00	-2.347803e+01
2.110000e-06	-3.372866e-10	-2.626296e-10	-1.592578e+00	-2.042349e+01
2.120000e-06	-2.778971e-10	-2.367070e-10	-1.312153e+00	-1.736786e+01
2.130000e-06	-2.185217e-10	-2.110509e-10	-1.031794e+00	-1.431132e+01
2.140000e-06	-1.591607e-10	-1.865113e-10	-7.515033e-01	-1.125401e+01
2.150000e-06	-9.979705e-11	-1.641555e-10	-4.712000e-01	-8.196097e+00
2.160000e-06	-4.039027e-11	-1.421607e-10	-1.906933e-01	-5.137741e+00
2.170000e-06	1.906375e-11	-1.191569e-10	9.003631e-02	-2.079102e+00
2.180000e-06	7.853287e-11	-9.415094e-11	3.708374e-01	9.796619e-01
2.190000e-06	1.379944e-10	-6.582815e-11	6.516028e-01	4.038390e+00
2.200000e-06	1.974544e-10	-3.725818e-11	9.323605e-01	7.096922e+00
2.210000e-06	2.568867e-10	-1.159691e-11	1.212988e+00	1.015510e+01
2.220000e-06	3.162781e-10	1.345529e-11	1.493422e+00	1.321276e+01
2.230000e-06	3.756556e-10	3.892968e-11	1.773791e+00	1.626975e+01
2.240000e-06	4.350221e-10	6.557140e-11	2.054107e+00	1.932590e+01
2.250000e-06	4.943537e-10	9.232160e-11	2.334259e+00	2.238106e+01
2.260000e-06	5.536001e-10	1.178624e-10	2.614009e+00	2.543507e+01
2.270000e-06	6.127886e-10	1.425887e-10	2.893485e+00	2.848776e+01
2.280000e-06	6.719423e-10	1.670509e-10	3.172796e+00	3.153898e+01
2.290000e-06	7.310441e-10	1.929542e-10	3.451863e+00	3.458857e+01
2.300000e-06	7.901109e-10	2.199778e-10	3.730764e+00	3.763637e+01
2.310000e-06	8.491471e-10	2.471033e-10	4.009521e+00	4.068222e+01
2.320000e-06	9.081188e-10	2.728985e-10	4.287973e+00	4.372596e+01
2.330000e-06	9.669904e-10	2.972311e-10	4.565952e+00	4.676743e+01
2.340000e-06	1.025779e-09	3.220828e-10	4.843540e+00	4.980647e+01
2.350000e-06	1.084490e-09	3.470212e-10	5.120760e+00	5.284293e+01
2.360000e-06	1.143084e-09	3.721578e-10	5.397428e+00	5.587664e+01
2.370000e-06	1.201570e-09	3.987214e-10	5.673588e+00	5.890745e+01
2.380000e-06	1.259945e-09	4.267678e-10	5.949223e+00	6.193520e+01
2.390000e-06	1.318198e-09	4.552915e-10	6.224281e+00	6.495973e+01
2.400000e-06	1.376325e-09	4.834975e-10	6.498745e+00	6.798088e+01
2.410000e-06	1.434327e-09	5.110889e-10	6.772616e+00	7.099849e+01
2.420000e-06	1.492206e-09	5.386452e-10	7.045912e+00	7.401242e+01
2.430000e-06	1.549973e-09	5.673805e-10	7.318676e+00	7.702249e+01
2.440000e-06	1.607654e-09	5.951734e-10	7.591034e+00	8.002856e+01
2.450000e-06	1.665239e-09	6.212093e-10	7.862935e+00	8.303046e+01
2.460000e-06	1.722692e-09	6.470283e-10	8.134215e+00	8.602804e+01
2.470000e-06	1.780004e-09	6.736391e-10	8.404832e+00	8.902114e+01
2.480000e-06	1.837218e-09	7.013588e-10	8.674984e+00	9.200961e+01
2.490000e-06	1.894342e-09	7.299131e-10	8.944714e+00	9.499328e+01
2.500000e-06	1.951352e-09	7.587856e-10	9.213903e+00	9.797202e+01
2.510000e-06	2.008237e-09	7.864568e-10	9.482506e+00	1.009456e+02
2.520000e-06	2.065008e-09	8.141344e-10	9.750567e+00	1.039140e+02
2.530000e-06	2.121684e-09	8.418514e-10	1.001818e+01	1.068770e+02
2.540000e-06	2.178265e-09	8.681998e-10	1.028534e+01	1.098344e+02
2.550000e-06	2.234772e-09	8.938715e-10	1.055216e+01	1.127860e+02
2.560000e-06	2.291223e-09	9.196999e-10	1.081871e+01	1.157318e+02
2.570000e-06	2.347597e-09	9.471041e-10	1.108490e+01	1.186716e+02
2.580000e-06	2.403901e-09	9.756556e-10	1.135075e+01	1.216052e+02
2.590000e-06	2.460140e-09	1.002758e-09	1.161630e+01	1.245324e+02
2.600000e-06	2.516287e-09	1.026858e-09	1.188142e+01	1.274532e+02
2.610000e-06	2.572318e-09	1.051230e-09	1.214599e+01	1.303673e+02
2.620000e-06	2.628251e-09	1.079230e-09	1.241009e+01	1.332746e+02
2.630000e-06	2.684049e-09	1.110375e-09	1.267356e+01	1.361750e+02
2.640000e-06	2.739693e-09	1.142668e-09	1.293630e+01	1.390683e+02
2.650000e-06	2.795214e-09	1.171962e-09	1.319846e+01	1.419543e+02
2.660000e-06	2.850592e-09	1.197383e-09	1.345994e+01	1.448330e+02
2.670000e-06	2.905841e-09	1.221415e-09	1.372082e+01	1.477041e+02
2.680000e-06	2.960977e-09	1.246368e-09	1.398116e+01	1.505674e+02
2.690000e-06	3.015960e-09	1.272810e-09	1.424078e+01	1.534230e+02
2.700000e-06	3.070810e-09	1.299207e-09	1.449977e+01	1.562705e+02
2.710000e-06	3.125525e-09	1.325603e-09	1.475813e+01	1.591099e+02
2.720000e-06	3.180076e-09	1.352253e-09	1.501570e+01	1.619410e+02
2.730000e-06	3.234475e-09	1.377417e-09	1.527257e+01	1.647637e+02
2.740000e-06	3.288724e-09	1.399522e-09	1.552872e+01	1.675777e+02
2.750000e-06	3.342797e-09	1.419610e-09	1.578404e+01	1.703831e+02
2.760000e-06	3.396681e-09	1.441973e-09	1.603847e+01	1.731795e+02
2.770000e-06	3.450382e-09	1.468214e-09	1.629203e+01	1.759669e+02
2.780000e-06	3.503902e-09	1.495468e-09	1.654475e+01	1.787452e+02
2.790000e-06	3.557222e-09	1.521455e-09	1.679651e+01	1.815141e+02
2.800000e-06	3.610337e-09	1.546183e-09	1.704731e+01	1.842735e+02
2.810000e-06	3.663230e-09	1.570644e-09	1.729706e+01	1.870234e+02
2.820000e-06	3.715910e-09	1.594891e-09	1.754580e+01	1.897635e+02
2.830000e-06	3.768426e-09	1.618709e-09	1.779377e+01	1.924936e+02
2.840000e-06	3.820777e-09	1.641812e-09	1.804097e+01	1.952138e+02
2.850000e-06	3.872917e-09	1.665084e-09	1.828716e+01	1.979238e+02
2.860000e-06	3.924785e-09	1.690422e-09	1.853207e+01	2.006234e+02
2.870000e-06	3.976357e-09	1.716773e-09	1.877558e+01	2.033126e+02
2.880000e-06	4.027654e-09	1.741572e-09	1.901779e+01	2.059912e+02
2.890000e-06	4.078661e-09	1.764922e-09	1.925864e+01	2.086590e+02
2.900000e-06	4.129318e-09	1.788184e-09	1.949783e+01	2.113160e+02
2.910000e-06	4.179586e-09	1.811505e-09	1.973519e+01	2.139619e+02
2.920000e-06	4.229495e-09	1.834032e-09	1.997085e+01	2.165967e+02
2.930000e-06	4.279076e-09	1.856183e-09	2.020496e+01	2.192202e+02
2.940000e-06	4.328362e-09	1.878561e-09	2.043768e+01	2.218322e+02
2.950000e-06	4.377404e-09	1.900488e-09	2.066925e+01	2.244327e+02
2.960000e-06	4.426212e-09	1.921072e-09	2.089971e+01	2.270215e+02
2.970000e-06	4.474810e-09	1.940929e-09	2.112918e+01	2.295984e+02
2.980000e-06	4.523245e-09	1.961934e-09	2.135788e+01	2.321633e+02
2.990000e-06	4.571518e-09	1.983991e-09	2.158581e+01	2.347162e+02
3.000000e-06	4.619604e-09	2.008418e-09	2.181286e+01	2.372568e+02
3.010000e-06	4.667472e-09	2.034996e-09	2.203889e+01	2.397850e+02
3.020000e-06	4.715090e-09	2.060504e-09	2.226373e+01	2.423007e+02
3.030000e-06	4.762449e-09	2.083638e-09	2.248735e+01	2.448038e+02
3.040000e-06	4.809562e-09	2.105439e-09	2.270981e+01	2.472941e+02
3.050000e-06	4.856438e-09	2.128861e-09	2.293115e+01	2.497714e+02
3.060000e-06	4.903066e-09	2.153567e-09	2.315132e+01	2.522358e+02
3.070000e-06	4.949459e-09	2.177942e-09	2.337037e+01	2.546870e+02
3.080000e-06	4.995636e-09	2.201878e-09	2.358841e+01	2.571249e+02
3.090000e-06	5.041572e-09	2.224765e-09	2.380531e+01	2.595494e+02
3.100000e-06	5.087252e-09	2.245776e-09	2.402101e+01	2.619604e+02
3.110000e-06	5.132685e-09	2.264940e-09	2.423553e+01	2.643577e+02
3.120000e-06	5.177863e-09	2.283177e-09	2.444885e+01	2.667412e+02
3.130000e-06	5.222802e-09	2.302529e-09	2.466105e+01	2.691108e+02
3.140000e-06	5.267525e-09	2.325134e-09	2.487222e+01	2.714663e+02
3.150000e-06	5.312069e-09	2.349045e-09	2.508255e+01	2.738077e+02
3.160000e-06	5.356465e-09	2.371139e-09	2.529218e+01	2.761348e+02
3.170000e-06	5.400696e-09	2.390429e-09	2.550103e+01	2.784475e+02
3.180000e-06	5.444724e-09	2.409675e-09	2.570892e+01	2.807456e+02
3.190000e-06	5.488471e-09	2.430229e-09	2.591548e+01	2.830292e+02
3.200000e-06	5.531837e-09	2.451914e-09	2.612025e+01	2.852979e+02
3.210000e-06	5.574764e-09	2.473266e-09	2.632294e+01	2.875518e+02
3.220000e-06	5.617217e-09	2.493486e-09	2.652339e+01	2.897906e+02
3.230000e-06	5.659172e-09	2.513670e-09	2.672150e+01	2.920143e+02
3.240000e-06	5.700698e-09	2.532795e-09	2.691758e+01	2.942228e+02
3.250000e-06	5.741877e-09	2.551476e-09	2.711201e+01	2.964160e+02
3.260000e-06	5.782737e-09	2.570468e-09	2.730495e+01	2.985937e+02
3.270000e-06	5.823342e-09	2.589997e-09	2.749668e+01	3.007558e+02
3.280000e-06	5.863754e-09	2.611284e-09	2.768750e+01	3.029022e+02
3.290000e-06	5.903987e-09	2.633685e-09	2.787747e+01	3.050328e+02
3.300000e-06	5.943997e-09	2.655043e-09	2.806639e+01	3.071475e+02
3.310000e-06	5.983733e-09	2.673034e-09	2.825402e+01	3.092461e+02
3.320000e-06	6.023154e-09	2.688864e-09	2.844015e+01	3.113286e+02
3.330000e-06	6.062244e-09	2.705304e-09	2.862473e+01	3.133949e+02
3.340000e-06	6.101050e-09	2.723696e-09	2.880796e+01	3.154448e+02
3.350000e-06	6.139574e-09	2.743020e-09	2.898986e+01	3.174783e+02
3.360000e-06	6.177779e-09	2.760519e-09	2.917026e+01	3.194952e+02
3.370000e-06	6.215660e-09	2.776588e-09	2.934913e+01	3.214954e+02
3.380000e-06	6.253213e-09	2.792957e-09	2.952644e+01	3.234788e+02
3.390000e-06	6.290437e-09	2.810987e-09	2.970221e+01	3.254454e+02
3.400000e-06	6.327383e-09	2.828744e-09	2.987666e+01	3.273950e+02
3.410000e-06	6.364101e-09	2.844158e-09	3.005003e+01	3.293275e+02
3.420000e-06	6.400602e-09	2.859447e-09	3.022239e+01	3.312428e+02
3.430000e-06	6.436892e-09	2.876751e-09	3.039374e+01	3.331408e+02
3.440000e-06	6.472941e-09	2.894972e-09	3.056396e+01	3.350214e+02
3.450000e-06	6.508675e-09	2.910910e-09	3.073269e+01	3.368846e+02
3.460000e-06	6.543987e-09	2.923521e-09	3.089942e+01	3.387302e+02
3.470000e-06	6.578795e-09	2.937216e-09	3.106378e+01	3.405581e+02
3.480000e-06	6.613045e-09	2.955542e-09	3.122550e+01	3.423682e+02
3.490000e-06	6.646745e-09	2.974838e-09	3.138462e+01	3.441604e+02
3.500000e-06	6.679992e-09	2.989707e-09	3.154161e+01	3.459347e+02
3.510000e-06	6.712869e-09	3.001028e-09	3.169685e+01	3.476910e+02
3.520000e-06	6.745484e-09	3.012870e-09	3.185085e+01	3.494291e+02
3.530000e-06	6.777882e-09	3.024732e-09	3.200383e+01	3.511489e+02
3.540000e-06	6.810058e-09	3.034453e-09	3.215576e+01	3.528505e+02
3.550000e-06	6.841971e-09	3.044662e-09	3.230645e+01	3.545336e+02
3.560000e-06	6.873535e-09	3.058174e-09	3.245548e+01	3.561982e+02
3.570000e-06	6.904738e-09	3.075376e-09	3.260281e+01	3.578443e+02
3.580000e-06	6.935578e-09	3.095258e-09	3.274844e+01	3.594716e+02
3.590000e-06	6.966051e-09	3.112389e-09	3.289233e+01	3.610802e+02
3.600000e-06	6.996180e-09	3.122039e-09	3.303459e+01	3.626700e+02
3.610000e-06	7.025965e-09	3.128328e-09	3.317523e+01	3.642408e+02
3.620000e-06	7.055404e-09	3.136572e-09	3.331423e+01	3.657926e+02
3.630000e-06	7.084506e-09	3.148328e-09	3.345165e+01	3.673253e+02
3.640000e-06	7.113314e-09	3.162955e-09	3.358767e+01	3.688389e+02
3.650000e-06	7.141879e-09	3.178906e-09	3.372255e+01	3.703332e+02
3.660000e-06	7.170226e-09	3.194781e-09	3.385640e+01	3.718082e+02
3.670000e-06	7.198350e-09	3.209775e-09	3.398919e+01	3.732637e+02
3.680000e-06	7.226144e-09	3.221595e-09	3.412043e+01	3.746998e+02
3.690000e-06	7.253449e-09	3.227880e-09	3.424936e+01	3.761164e+02
3.700000e-06	7.280158e-09	3.232605e-09	3.437547e+01	3.775133e+02
3.710000e-06	7.306223e-09	3.240988e-09	3.449855e+01	3.788905e+02
3.720000e-06	7.331698e-09	3.254424e-09	3.461884e+01	3.802479e+02
3.730000e-06	7.356714e-09	3.268131e-09	3.473696e+01	3.815855e+02
3.740000e-06	7.381386e-09	3.277829e-09	3.485345e+01	3.829032e+02
3.750000e-06	7.405765e-09	3.286806e-09	3.496856e+01	3.842009e+02
3.760000e-06	7.429832e-09	3.298129e-09	3.508220e+01	3.854785e+02
3.770000e-06	7.453545e-09	3.311124e-09	3.519417e+01	3.867360e+02
3.780000e-06	7.476871e-09	3.322656e-09	3.530431e+01	3.879733e+02
3.790000e-06	7.499803e-09	3.331632e-09	3.541259e+01	3.891904e+02
3.800000e-06	7.522379e-09	3.342178e-09	3.551919e+01	3.903872e+02
3.810000e-06	7.544616e-09	3.352645e-09	3.562419e+01	3.915636e+02
3.820000e-06	7.566505e-09	3.361016e-09	3.572755e+01	3.927195e+02
3.830000e-06	7.588013e-09	3.367125e-09	3.582910e+01	3.938550e+02
3.840000e-06	7.609125e-09	3.372715e-09	3.592879e+01	3.949699e+02
3.850000e-06	7.629903e-09	3.382205e-09	3.602690e+01	3.960642e+02
3.860000e-06	7.650421e-09	3.396131e-09	3.612378e+01	3.971378e+02
3.870000e-06	7.670703e-09	3.410605e-09	3.621955e+01	3.981907e+02
3.880000e-06	7.690719e-09	3.421041e-09	3.631406e+01	3.992228e+02
3.890000e-06	7.710354e-09	3.427998e-09	3.640677e+01	4.002341e+02
3.900000e-06	7.729549e-09	3.432498e-09	3.649741e+01	4.012245e+02
3.910000e-06	7.748305e-09	3.436944e-09	3.658597e+01	4.021939e+02
3.920000e-06	7.766626e-09	3.444070e-09	3.667248e+01	4.031424e+02
3.930000e-06	7.784583e-09	3.451674e-09	3.675727e+01	4.040698e+02
3.940000e-06	7.802205e-09	3.459655e-09	3.684047e+01	4.049761e+02
3.950000e-06	7.819505e-09	3.470958e-09	3.692216e+01	4.058613e+02
3.960000e-06	7.836433e-09	3.483788e-09	3.700209e+01	4.067253e+02
3.970000e-06	7.852907e-09	3.491483e-09	3.707988e+01	4.075681e+02
3.980000e-06	7.868845e-09	3.492848e-09	3.715513e+01	4.083896e+02
3.990000e-06	7.884211e-09	3.492533e-09	3.722769e+01	4.091897e+02
4.000000e-06	7.899081e-09	3.494828e-09	3.729790e+01	4.099686e+02
4.010000e-06	7.913507e-09	3.500979e-09	3.736602e+01	4.107260e+02
4.020000e-06	7.927509e-09	3.508585e-09	3.743213e+01	4.114620e+02
4.030000e-06	7.941091e-09	3.517233e-09	3.749627e+01	4.121765e+02
4.040000e-06	7.954254e-09	3.526215e-09	3.755842e+01	4.128695e+02
4.050000e-06	7.967018e-09	3.534558e-09	3.761869e+01	4.135410e+02
4.060000e-06	7.979418e-09	3.541518e-09	3.767724e+01	4.141908e+02
4.070000e-06	7.991424e-09	3.545353e-09	3.773393e+01	4.148191e+02
4.080000e-06	8.002925e-09	3.544888e-09	3.778824e+01	4.154257e+02
4.090000e-06	8.013812e-09	3.543708e-09	3.783964e+01	4.160106e+02
4.100000e-06	8.024031e-09	3.544945e-09	3.788789e+01	4.165738e+02
4.110000e-06	8.033622e-09	3.548042e-09	3.793318e+01	4.171153e+02
4.120000e-06	8.042701e-09	3.552142e-09	3.797605e+01	4.176350e+02
4.130000e-06	8.051393e-09	3.557363e-09	3.801709e+01	4.181328e+02
4.140000e-06	8.059799e-09	3.566636e-09	3.805678e+01	4.186089e+02
4.150000e-06	8.067917e-09	3.577329e-09	3.809512e+01	4.190631e+02
4.160000e-06	8.075669e-09	3.583368e-09	3.813172e+01	4.194955e+02
4.170000e-06	8.083000e-09	3.582683e-09	3.816633e+01	4.199059e+02
4.180000e-06	8.089902e-09	3.576301e-09	3.819892e+01	4.202945e+02
4.190000e-06	8.096403e-09	3.570994e-09	3.822962e+01	4.206611e+02
4.200000e-06	8.102520e-09	3.571210e-09	3.825850e+01	4.210057e+02
4.210000e-06	8.108217e-09	3.576644e-09	3.828540e+01	4.213284e+02
4.220000e-06	8.113487e-09	3.585487e-09	3.831028e+01	4.216290e+02
4.230000e-06	8.118381e-09	3.594642e-09	3.833339e+01	4.219077e+02
4.240000e-06	8.122980e-09	3.602524e-09	3.835511e+01	4.221644e+02
4.250000e-06	8.127315e-09	3.607405e-09	3.837558e+01	4.223990e+02
4.260000e-06	8.131345e-09	3.607237e-09	3.839461e+01	4.226115e+02
4.270000e-06	8.134980e-09	3.601673e-09	3.841177e+01	4.228020e+02
4.280000e-06	8.138074e-09	3.594903e-09	3.842638e+01	4.229705e+02
4.290000e-06	8.140532e-09	3.592531e-09	3.843798e+01	4.231168e+02
4.300000e-06	8.142333e-09	3.595652e-09	3.844649e+01	4.232411e+02
4.310000e-06	8.143565e-09	3.602007e-09	3.845231e+01	4.233433e+02
4.320000e-06	8.144400e-09	3.608249e-09	3.845625e+01	4.234234e+02
4.330000e-06	8.144931e-09	3.614025e-09	3.845876e+01	4.234814e+02
4.340000e-06	8.145181e-09	3.617639e-09	3.845993e+01	4.235173e+02
4.350000e-06	8.145092e-09	3.615568e-09	3.845952e+01	4.235311e+02
4.360000e-06	8.144603e-09	3.609476e-09	3.845721e+01	4.235227e+02
4.370000e-06	8.143708e-09	3.601380e-09	3.845298e+01	4.234923e+02
4.380000e-06	8.142441e-09	3.596473e-09	3.844700e+01	4.234398e+02
4.390000e-06	8.140834e-09	3.598146e-09	3.843941e+01	4.233651e+02
4.400000e-06	8.138841e-09	3.601908e-09	3.843000e+01	4.232684e+02
4.410000e-06	8.136461e-09	3.595742e-09	3.841876e+01	4.231496e+02
4.420000e-06	8.133722e-09	3.582441e-09	3.840583e+01	4.230087e+02
4.430000e-06	8.130579e-09	3.614487e-09	3.839099e+01	4.228457e+02
4.440000e-06	8.126916e-09	3.654994e-09	3.837369e+01	4.226606e+02
4.450000e-06	8.122599e-09	3.592965e-09	3.835331e+01	4.224535e+02
4.460000e-06	8.117757e-09	3.544384e-09	3.833044e+01	4.222243e+02
4.470000e-06	8.112667e-09	3.587070e-09	3.830641e+01	4.219731e+02
4.480000e-06	8.107397e-09	3.629787e-09	3.828152e+01	4.216999e+02
4.490000e-06	8.101694e-09	3.597996e-09	3.825459e+01	4.214046e+02
4.500000e-06	8.095299e-09	3.519684e-09	3.822440e+01	4.210874e+02
4.510000e-06	8.088303e-09	3.605948e-09	3.819136e+01	4.207482e+02
4.520000e-06	8.080923e-09	3.670222e-09	3.815652e+01	4.203870e+02
4.530000e-06	8.073184e-09	3.546770e-09	3.811998e+01	4.200039e+02
4.540000e-06	8.065069e-09	3.519807e-09	3.808166e+01	4.195988e+02
4.550000e-06	8.056683e-09	3.608710e-09	3.804206e+01	4.191719e+02
4.560000e-06	8.048042e-09	3.639551e-09	3.800126e+01	4.187231e+02
4.570000e-06	8.039019e-09	3.500839e-09	3.795866e+01	4.182524e+02
4.580000e-06	8.029545e-09	3.530268e-09	3.791392e+01	4.177599e+02
4.590000e-06	8.019674e-09	3.666128e-09	3.786731e+01	4.172456e+02
4.600000e-06	8.009379e-09	3.597495e-09	3.781870e+01	4.167095e+02
4.610000e-06	7.998585e-09	3.484499e-09	3.776773e+01	4.161516e+02
4.620000e-06	7.987336e-09	3.549220e-09	3.771462e+01	4.155721e+02
4.630000e-06	7.975686e-09	3.637519e-09	3.765961e+01	4.149708e+02
4.640000e-06	7.963573e-09	3.516910e-09	3.760242e+01	4.143479e+02
4.650000e-06	7.950953e-09	3.514235e-09	3.754283e+01	4.137034e+02
4.660000e-06	7.937816e-09	3.609414e-09	3.748079e+01	4.130373e+02
4.670000e-06	7.924055e-09	3.554243e-09	3.741582e+01	4.123496e+02
4.680000e-06	7.909600e-09	3.472956e-09	3.734757e+01	4.116404e+02
4.690000e-06	7.894597e-09	3.550449e-09	3.727672e+01	4.109097e+02
4.700000e-06	7.879221e-09	3.578481e-09	3.720412e+01	4.101575e+02
4.710000e-06	7.863534e-09	3.470858e-09	3.713005e+01	4.093840e+02
4.720000e-06	7.847565e-09	3.499135e-09	3.705465e+01	4.085891e+02
4.730000e-06	7.831269e-09	3.560389e-09	3.697770e+01	4.077728e+02
4.740000e-06	7.814570e-09	3.504024e-09	3.689885e+01	4.069353e+02
4.750000e-06	7.797437e-09	3.475197e-09	3.681795e+01	4.060765e+02
4.760000e-06	7.779874e-09	3.516155e-09	3.673502e+01	4.051966e+02
4.770000e-06	7.761939e-09	3.480846e-09	3.665034e+01	4.042955e+02
4.780000e-06	7.743640e-09	3.444209e-09	3.656393e+01	4.033733e+02
4.790000e-06	7.724960e-09	3.487762e-09	3.647573e+01	4.024300e+02
4.800000e-06	7.705934e-09	3.465228e-09	3.638589e+01	4.014657e+02
4.810000e-06	7.686622e-09	3.433018e-09	3.629470e+01	4.004805e+02
4.820000e-06	7.667080e-09	3.445127e-09	3.620243e+01	3.994744e+02
4.830000e-06	7.647285e-09	3.443215e-09	3.610896e+01	3.984474e+02
4.840000e-06	7.627106e-09	3.413909e-09	3.601368e+01	3.973997e+02
4.850000e-06	7.606401e-09	3.412840e-09	3.591591e+01	3.963312e+02
4.860000e-06	7.585082e-09	3.396595e-09	3.581525e+01	3.952420e+02
4.870000e-06	7.563145e-09	3.369437e-09	3.571167e+01	3.941321e+02
4.880000e-06	7.540613e-09	3.387232e-09	3.560528e+01	3.930018e+02
4.890000e-06	7.517576e-09	3.376164e-09	3.549650e+01	3.918509e+02
4.900000e-06	7.494193e-09	3.360126e-09	3.538609e+01	3.906795e+02
4.910000e-06	7.470551e-09	3.351858e-09	3.527446e+01	3.894878e+02
4.920000e-06	7.446671e-09	3.338805e-09	3.516170e+01	3.882757e+02
4.930000e-06	7.422468e-09	3.326145e-09	3.504742e+01	3.870433e+02
4.940000e-06	7.397890e-09	3.319380e-09	3.493137e+01	3.857908e+02
4.950000e-06	7.372941e-09	3.302995e-09	3.481356e+01	3.845181e+02
4.960000e-06	7.347595e-09	3.282540e-09	3.469388e+01	3.832254e+02
4.970000e-06	7.321858e-09	3.290430e-09	3.457236e+01	3.819127e+02
4.980000e-06	7.295740e-09	3.278895e-09	3.444903e+01	3.805800e+02
4.990000e-06	7.269231e-09	3.264720e-09	3.432386e+01	3.792274e+02
5.000000e-06	7.242359e-09	3.253333e-09	3.419698e+01	3.778551e+02
5.010000e-06	7.215181e-09	3.233900e-09	3.406865e+01	3.764631e+02
5.020000e-06	7.187747e-09	3.225232e-09	3.393911e+01	3.750514e+02
5.030000e-06	7.160087e-09	3.217112e-09	3.380850e+01	3.736201e+02
5.040000e-06	7.132121e-09	3.202083e-09	3.367645e+01	3.721693e+02
5.050000e-06	7.103749e-09	3.182936e-09	3.354249e+01	3.706991e+02
5.060000e-06	7.074904e-09	3.177085e-09	3.340629e+01	3.692096e+02
5.070000e-06	7.045516e-09	3.165256e-09	3.326752e+01	3.677008e+02
5.080000e-06	7.015556e-09	3.153767e-09	3.312606e+01	3.661728e+02
5.090000e-06	6.985073e-09	3.140276e-09	3.298212e+01	3.646257e+02
5.100000e-06	6.954163e-09	3.121195e-09	3.283617e+01	3.630595e+02
5.110000e-06	6.922917e-09	3.110242e-09	3.268864e+01	3.614745e+02
5.120000e-06	6.891399e-09	3.097380e-09	3.253981e+01	3.598705e+02
5.130000e-06	6.859605e-09	3.085637e-09	3.238969e+01	3.582478e+02
5.140000e-06	6.827503e-09	3.068088e-09	3.223811e+01	3.566064e+02
5.150000e-06	6.795081e-09	3.052812e-09	3.208502e+01	3.549463e+02
5.160000e-06	6.762325e-09	3.042135e-09	3.193035e+01	3.532678e+02
5.170000e-06	6.729240e-09	3.033699e-09	3.177413e+01	3.515708e+02
5.180000e-06	6.695844e-09	3.021007e-09	3.161644e+01	3.498554e+02
5.190000e-06	6.662130e-09	3.003142e-09	3.145725e+01	3.481218e+02
5.200000e-06	6.628090e-09	2.986941e-09	3.129652e+01	3.463700e+02
5.210000e-06	6.593703e-09	2.969053e-09	3.113415e+01	3.446002e+02
5.220000e-06	6.558977e-09	2.958485e-09	3.097018e+01	3.428124e+02
5.230000e-06	6.523953e-09	2.946112e-09	3.080481e+01	3.410066e+02
5.240000e-06	6.488681e-09	2.932038e-09	3.063826e+01	3.391831e+02
5.250000e-06	6.453198e-09	2.917274e-09	3.047071e+01	3.373419e+02
5.260000e-06	6.417500e-09	2.904454e-09	3.030215e+01	3.354831e+02
5.270000e-06	6.381525e-09	2.892535e-09	3.013229e+01	3.336068e+02
5.280000e-06	6.345188e-09	2.872770e-09	2.996071e+01	3.317130e+02
5.290000e-06	6.308395e-09	2.853846e-09	2.978698e+01	3.298020e+02
5.300000e-06	6.271047e-09	2.837837e-09	2.961063e+01	3.278737e+02
5.310000e-06	6.233156e-09	2.828924e-09	2.943172e+01	3.259284e+02
5.320000e-06	6.194783e-09	2.816175e-09	2.925053e+01	3.239660e+02
5.330000e-06	6.155983e-09	2.798901e-09	2.906732e+01	3.219867e+02
5.340000e-06	6.116851e-09	2.781119e-09	2.888255e+01	3.199906e+02
5.350000e-06	6.077489e-09	2.763430e-09	2.869669e+01	3.179778e+02
5.360000e-06	6.037916e-09	2.748567e-09	2.850983e+01	3.159485e+02
5.370000e-06	5.998133e-09	2.730423e-09	2.832199e+01	3.139026e+02
5.380000e-06	5.958111e-09	2.713902e-09	2.813301e+01	3.118404e+02
5.390000e-06	5.917806e-09	2.697005e-09	2.794270e+01	3.097619e+02
5.400000e-06	5.877223e-09	2.683385e-09	2.775107e+01	3.076672e+02
5.410000e-06	5.836315e-09	2.671401e-09	2.755791e+01	3.055565e+02
5.420000e-06	5.795092e-09	2.655370e-09	2.736326e+01	3.034298e+02
5.430000e-06	5.753619e-09	2.634908e-09	2.716744e+01	3.012873e+02
5.440000e-06	5.711876e-09	2.610850e-09	2.697034e+01	2.991290e+02
5.450000e-06	5.669832e-09	2.591097e-09	2.677181e+01	2.969552e+02
5.460000e-06	5.627475e-09	2.573810e-09	2.657181e+01	2.947659e+02
5.470000e-06	5.584823e-09	2.558254e-09	2.637042e+01	2.925612e+02
5.480000e-06	5.541913e-09	2.539584e-09	2.616781e+01	2.903412e+02
5.490000e-06	5.498781e-09	2.516850e-09	2.596414e+01	2.881061e+02
5.500000e-06	5.455455e-09	2.494815e-09	2.575956e+01	2.858559e+02
5.510000e-06	5.411953e-09	2.475604e-09	2.555416e+01	2.835908e+02
5.520000e-06	5.368284e-09	2.457956e-09	2.534796e+01	2.813110e+02
5.530000e-06	5.324414e-09	2.437730e-09	2.514082e+01	2.790164e+02
5.540000e-06	5.280298e-09	2.417580e-09	2.493251e+01	2.767073e+02
5.550000e-06	5.235897e-09	2.398535e-09	2.472285e+01	2.743838e+02
5.560000e-06	5.191187e-09	2.382507e-09	2.451174e+01	2.720459e+02
5.570000e-06	5.146142e-09	2.364212e-09	2.429905e+01	2.696939e+02
5.580000e-06	5.100795e-09	2.342318e-09	2.408493e+01	2.673277e+02
5.590000e-06	5.055209e-09	2.321640e-09	2.386968e+01	2.649477e+02
5.600000e-06	5.009394e-09	2.305175e-09	2.365335e+01	2.625538e+02
5.610000e-06	4.963347e-09	2.291241e-09	2.343593e+01	2.601462e+02
5.620000e-06	4.917103e-09	2.270676e-09	2.321757e+01	2.577250e+02
5.630000e-06	4.870689e-09	2.244227e-09	2.299841e+01	2.552904e+02
5.640000e-06	4.824076e-09	2.217187e-09	2.277831e+01	2.528425e+02
5.650000e-06	4.777207e-09	2.196666e-09	2.255701e+01	2.503814e+02
5.660000e-06	4.730086e-09	2.181544e-09	2.233451e+01	2.479072e+02
5.670000e-06	4.682690e-09	2.164473e-09	2.211072e+01	2.454201e+02
5.680000e-06	4.634987e-09	2.142943e-09	2.188548e+01	2.429201e+02
5.690000e-06	4.586958e-09	2.119611e-09	2.165869e+01	2.404076e+02
5.700000e-06	4.538564e-09	2.099527e-09	2.143019e+01	2.378824e+02
5.710000e-06	4.489863e-09	2.081272e-09	2.120023e+01	2.353449e+02
5.720000e-06	4.440909e-09	2.062487e-09	2.096908e+01	2.327951e+02
5.730000e-06	4.391702e-09	2.039274e-09	2.073673e+01	2.302331e+02
5.740000e-06	4.342250e-09	2.014227e-09	2.050323e+01	2.276591e+02
5.750000e-06	4.292540e-09	1.992208e-09	2.026851e+01	2.250733e+02
5.760000e-06	4.242577e-09	1.973218e-09	2.003259e+01	2.224757e+02
5.770000e-06	4.192388e-09	1.954814e-09	1.979561e+01	2.198665e+02
5.780000e-06	4.142004e-09	1.933558e-09	1.955771e+01	2.172459e+02
5.790000e-06	4.091419e-09	1.911271e-09	1.931886e+01	2.146139e+02
5.800000e-06	4.040607e-09	1.888046e-09	1.907893e+01	2.119707e+02
5.810000e-06	3.989573e-09	1.864063e-09	1.883796e+01	2.093164e+02
5.820000e-06	3.938313e-09	1.839190e-09	1.859592e+01	2.066513e+02
5.830000e-06	3.886820e-09	1.813817e-09	1.835278e+01	2.039754e+02
5.840000e-06	3.835135e-09	1.790688e-09	1.810873e+01	2.012888e+02
5.850000e-06	3.783273e-09	1.770145e-09	1.786385e+01	1.985917e+02
5.860000e-06	3.731201e-09	1.751690e-09	1.761797e+01	1.958843e+02
5.870000e-06	3.678887e-09	1.731989e-09	1.737096e+01	1.931666e+02
5.880000e-06	3.626303e-09	1.707590e-09	1.712267e+01	1.904389e+02
5.890000e-06	3.573432e-09	1.679023e-09	1.687302e+01	1.877013e+02
5.900000e-06	3.520296e-09	1.650586e-09	1.662213e+01	1.849538e+02
5.910000e-06	3.466883e-09	1.625088e-09	1.636992e+01	1.821968e+02
5.920000e-06	3.413178e-09	1.601379e-09	1.611634e+01	1.794302e+02
5.930000e-06	3.359202e-09	1.578911e-09	1.586148e+01	1.766542e+02
5.940000e-06	3.304942e-09	1.555728e-09	1.560527e+01	1.738691e+02
5.950000e-06	3.250420e-09	1.531533e-09	1.534783e+01	1.710749e+02
5.960000e-06	3.195682e-09	1.507427e-09	1.508937e+01	1.682717e+02
5.970000e-06	3.140753e-09	1.480991e-09	1.483000e+01	1.654598e+02
5.980000e-06	3.085667e-09	1.452059e-09	1.456990e+01	1.626393e+02
5.990000e-06	3.030454e-09	1.425159e-09	1.430919e+01	1.598103e+02
6.000000e-06	2.975114e-09	1.403477e-09	1.404789e+01	1.569729e+02
6.010000e-06	2.919662e-09	1.385195e-09	1.378605e+01	1.541274e+02
6.020000e-06	2.864110e-09	1.366797e-09	1.352375e+01	1.512738e+02
6.030000e-06	2.808484e-09	1.343737e-09	1.326109e+01	1.484124e+02
6.040000e-06	2.752767e-09	1.316781e-09	1.299801e+01	1.455432e+02
6.050000e-06	2.696937e-09	1.289608e-09	1.273439e+01	1.426664e+02
6.060000e-06	2.641002e-09	1.262352e-09	1.247028e+01	1.397822e+02
6.070000e-06	2.584952e-09	1.236060e-09	1.220562e+01	1.368907e+02
6.080000e-06	2.528806e-09	1.209553e-09	1.194051e+01	1.339921e+02
6.090000e-06	2.472559e-09	1.183360e-09	1.167492e+01	1.310865e+02
6.100000e-06	2.416186e-09	1.158638e-09	1.140874e+01	1.281741e+02
6.110000e-06	2.359685e-09	1.135286e-09	1.114195e+01	1.252549e+02
6.120000e-06	2.303046e-09	1.111364e-09	1.087451e+01	1.223293e+02
6.130000e-06	2.246281e-09	1.084765e-09	1.060648e+01	1.193973e+02
6.140000e-06	2.189391e-09	1.057833e-09	1.033786e+01	1.164590e+02
6.150000e-06	2.132398e-09	1.030546e-09	1.006875e+01	1.135147e+02
6.160000e-06	2.075318e-09	1.002483e-09	9.799228e+00	1.105645e+02
6.170000e-06	2.018152e-09	9.734852e-10	9.529301e+00	1.076085e+02
6.180000e-06	1.960909e-09	9.455686e-10	9.259010e+00	1.046469e+02
6.190000e-06	1.903554e-09	9.215606e-10	8.988190e+00	1.016799e+02
6.200000e-06	1.846069e-09	8.992790e-10	8.716755e+00	9.870757e+01
6.210000e-06	1.788479e-09	8.753218e-10	8.444828e+00	9.573010e+01
6.220000e-06	1.730798e-09	8.476729e-10	8.172472e+00	9.274764e+01
6.230000e-06	1.673016e-09	8.181145e-10	7.899635e+00	8.976036e+01
6.240000e-06	1.615132e-09	7.888253e-10	7.626317e+00	8.676840e+01
6.250000e-06	1.557157e-09	7.616951e-10	7.352573e+00	8.377193e+01
6.260000e-06	1.499093e-09	7.360986e-10	7.078406e+00	8.077110e+01
6.270000e-06	1.440950e-09	7.098637e-10	6.803867e+00	7.776606e+01
6.280000e-06	1.382751e-09	6.841710e-10	6.529063e+00	7.475698e+01
6.290000e-06	1.324504e-09	6.589591e-10	6.254032e+00	7.174401e+01
6.300000e-06	1.266198e-09	6.334193e-10	5.978722e+00	6.872731e+01
6.310000e-06	1.207830e-09	6.073202e-10	5.703117e+00	6.570703e+01
6.320000e-06	1.149405e-09	5.806000e-10	5.427245e+00	6.268334e+01
6.330000e-06	1.090902e-09	5.529008e-10	5.151005e+00	5.965639e+01
6.340000e-06	1.032342e-09	5.249449e-10	4.874497e+00	5.662634e+01
6.350000e-06	9.737522e-10	4.964164e-10	4.597848e+00	5.359335e+01
6.360000e-06	9.151019e-10	4.680689e-10	4.320913e+00	5.055757e+01
6.370000e-06	8.563986e-10	4.412404e-10	4.043727e+00	4.751917e+01
6.380000e-06	7.976595e-10	4.146640e-10	3.766373e+00	4.447830e+01
6.390000e-06	7.388739e-10	3.886252e-10	3.488799e+00	4.143513e+01
6.400000e-06	6.800486e-10	3.631040e-10	3.211038e+00	3.838981e+01
6.410000e-06	6.211938e-10	3.370915e-10	2.933136e+00	3.534249e+01
6.420000e-06	5.623176e-10	3.092333e-10	2.655135e+00	3.229335e+01
6.430000e-06	5.034257e-10	2.795953e-10	2.377058e+00	2.924254e+01
6.440000e-06	4.445420e-10	2.498882e-10	2.099021e+00	2.619021e+01
6.450000e-06	3.856630e-10	2.215230e-10	1.821006e+00	2.313653e+01
6.460000e-06	3.267532e-10	1.948076e-10	1.542845e+00	2.008166e+01
6.470000e-06	2.677997e-10	1.688921e-10	1.264477e+00	1.702576e+01
6.480000e-06	2.088325e-10	1.430423e-10	9.860460e-01	1.396898e+01
6.490000e-06	1.498654e-10	1.183755e-10	7.076144e-01	1.091149e+01
6.500000e-06	9.088839e-11	9.583746e-11	4.291362e-01	7.853446e+00
6.510000e-06	3.190377e-11	7.107661e-11	1.506220e-01	4.795007e+00
6.520000e-06	-2.709198e-11	4.165738e-11	-1.279446e-01	1.736333e+00
6.530000e-06	-8.606468e-11	9.487451e-12	-4.064022e-01	-1.322417e+00
6.540000e-06	-1.450117e-10	-2.182486e-11	-6.847387e-01	-4.381081e+00
6.550000e-06	-2.039599e-10	-4.964423e-11	-9.630807e-01	-7.439500e+00
6.560000e-06	-2.628984e-10	-7.558414e-11	-1.241377e+00	-1.049752e+01
6.570000e-06	-3.218145e-10	-1.018768e-10	-1.519568e+00	-1.355497e+01
6.580000e-06	-3.807066e-10	-1.291837e-10	-1.797645e+00	-1.661169e+01
6.590000e-06	-4.395864e-10	-1.561723e-10	-2.075664e+00	-1.966754e+01
6.600000e-06	-4.984456e-10	-1.828037e-10	-2.353585e+00	-2.272234e+01
6.610000e-06	-5.572750e-10	-2.121205e-10	-2.631366e+00	-2.577594e+01
6.620000e-06	-6.160811e-10	-2.443149e-10	-2.909036e+00	-2.882817e+01
6.630000e-06	-6.748559e-10	-2.753912e-10	-3.186559e+00	-3.187889e+01
6.640000e-06	-7.335948e-10	-3.012353e-10	-3.463913e+00	-3.492792e+01
6.650000e-06	-7.922927e-10	-3.256055e-10	-3.741073e+00	-3.797512e+01
6.660000e-06	-8.509568e-10	-3.526231e-10	-4.018073e+00	-4.102031e+01
6.670000e-06	-9.095835e-10	-3.816392e-10	-4.294897e+00	-4.406335e+01
6.680000e-06	-9.681358e-10	-4.084873e-10	-4.571369e+00	-4.710407e+01
6.690000e-06	-1.026639e-09	-4.299463e-10	-4.847608e+00	-5.014231e+01
6.700000e-06	-1.085114e-09	-4.554444e-10	-5.123717e+00	-5.317792e+01
6.710000e-06	-1.143524e-09	-4.866794e-10	-5.399517e+00	-5.621073e+01
6.720000e-06	-1.201861e-09	-5.191366e-10	-5.674972e+00	-5.924059e+01
6.730000e-06	-1.260134e-09	-5.479747e-10	-5.950127e+00	-6.226735e+01
6.740000e-06	-1.318346e-09	-5.716517e-10	-6.224991e+00	-6.529083e+01
6.750000e-06	-1.376500e-09	-5.985794e-10	-6.499581e+00	-6.831089e+01
6.760000e-06	-1.434575e-09	-6.289326e-10	-6.773801e+00	-7.132737e+01
6.770000e-06	-1.492563e-09	-6.584802e-10	-7.047608e+00	-7.434010e+01
6.780000e-06	-1.550469e-09	-6.845288e-10	-7.321030e+00	-7.734893e+01
6.790000e-06	-1.608295e-09	-7.089153e-10	-7.594075e+00	-8.035371e+01
6.800000e-06	-1.666060e-09	-7.363416e-10	-7.866828e+00	-8.335428e+01
6.810000e-06	-1.723729e-09	-7.680894e-10	-8.139130e+00	-8.635048e+01
6.820000e-06	-1.781275e-09	-8.000844e-10	-8.410850e+00	-8.934215e+01
6.830000e-06	-1.838739e-09	-8.263817e-10	-8.682187e+00	-9.232914e+01
6.840000e-06	-1.896112e-09	-8.506709e-10	-8.953089e+00	-9.531129e+01
6.850000e-06	-1.953367e-09	-8.786847e-10	-9.223437e+00	-9.828844e+01
6.860000e-06	-2.010512e-09	-9.086825e-10	-9.493261e+00	-1.012604e+02
6.870000e-06	-2.067548e-09	-9.344686e-10	-9.762574e+00	-1.042272e+02
6.880000e-06	-2.124482e-09	-9.558536e-10	-1.003141e+01	-1.071884e+02
6.890000e-06	-2.181288e-09	-9.792536e-10	-1.029963e+01	-1.101440e+02
6.900000e-06	-2.237972e-09	-1.008662e-09	-1.056728e+01	-1.130939e+02
6.910000e-06	-2.294554e-09	-1.042068e-09	-1.083445e+01	-1.160378e+02
6.920000e-06	-2.351014e-09	-1.072381e-09	-1.110105e+01	-1.189757e+02
6.930000e-06	-2.407352e-09	-1.097664e-09	-1.136706e+01	-1.219073e+02
6.940000e-06	-2.463590e-09	-1.121607e-09	-1.163260e+01	-1.248325e+02
6.950000e-06	-2.519707e-09	-1.148491e-09	-1.189758e+01	-1.277513e+02
6.960000e-06	-2.575691e-09	-1.178217e-09	-1.216193e+01	-1.306633e+02
6.970000e-06	-2.631562e-09	-1.205365e-09	-1.242574e+01	-1.335685e+02
6.980000e-06	-2.687322e-09	-1.229024e-09	-1.268903e+01	-1.364667e+02
6.990000e-06	-2.742985e-09	-1.253858e-09	-1.295186e+01	-1.393577e+02
7.000000e-06	-2.798560e-09	-1.283001e-09	-1.321427e+01	-1.422414e+02
7.010000e-06	-2.854043e-09	-1.313556e-09	-1.347625e+01	-1.451178e+02
7.020000e-06	-2.909440e-09	-1.341106e-09	-1.373782e+01	-1.479865e+02
7.030000e-06	-2.964731e-09	-1.365759e-09	-1.399890e+01	-1.508474e+02
7.040000e-06	-3.019898e-09	-1.390329e-09	-1.425939e+01	-1.537005e+02
7.050000e-06	-3.074934e-09	-1.418167e-09	-1.451926e+01	-1.565455e+02
7.060000e-06	-3.129819e-09	-1.447164e-09	-1.477841e+01	-1.593824e+02
7.070000e-06	-3.184517e-09	-1.472547e-09	-1.503669e+01	-1.622108e+02
7.080000e-06	-3.239002e-09	-1.494399e-09	-1.529395e+01	-1.650308e+02
7.090000e-06	-3.293244e-09	-1.517239e-09	-1.555007e+01	-1.678422e+02
7.100000e-06	-3.347228e-09	-1.544512e-09	-1.580497e+01	-1.706448e+02
7.110000e-06	-3.400946e-09	-1.572837e-09	-1.605862e+01	-1.734385e+02
7.120000e-06	-3.454326e-09	-1.598304e-09	-1.631067e+01	-1.762230e+02
7.130000e-06	-3.507401e-09	-1.621028e-09	-1.656128e+01	-1.789984e+02
7.140000e-06	-3.560202e-09	-1.644020e-09	-1.681059e+01	-1.817644e+02
7.150000e-06	-3.612708e-09	-1.669717e-09	-1.705851e+01	-1.845209e+02
7.160000e-06	-3.664975e-09	-1.695694e-09	-1.730531e+01	-1.872677e+02
7.170000e-06	-3.717012e-09	-1.719108e-09	-1.755102e+01	-1.900048e+02
7.180000e-06	-3.768829e-09	-1.741494e-09	-1.779568e+01	-1.927319e+02
7.190000e-06	-3.820474e-09	-1.766138e-09	-1.803954e+01	-1.954489e+02
7.200000e-06	-3.871952e-09	-1.791878e-09	-1.828261e+01	-1.981557e+02
7.210000e-06	-3.923230e-09	-1.816673e-09	-1.852473e+01	-2.008521e+02
7.220000e-06	-3.974308e-09	-1.841667e-09	-1.876592e+01	-2.035380e+02
7.230000e-06	-4.025182e-09	-1.866983e-09	-1.900613e+01	-2.062133e+02
7.240000e-06	-4.075836e-09	-1.893955e-09	-1.924531e+01	-2.088778e+02
7.250000e-06	-4.126262e-09	-1.919947e-09	-1.948341e+01	-2.115313e+02
7.260000e-06	-4.176447e-09	-1.942904e-09	-1.972037e+01	-2.141738e+02
7.270000e-06	-4.226378e-09	-1.963711e-09	-1.995614e+01	-2.168051e+02
7.280000e-06	-4.276054e-09	-1.984838e-09	-2.019070e+01	-2.194250e+02
7.290000e-06	-4.325484e-09	-2.009567e-09	-2.042410e+01	-2.220335e+02
7.300000e-06	-4.374644e-09	-2.035545e-09	-2.065622e+01	-2.246304e+02
7.310000e-06	-4.423512e-09	-2.062915e-09	-2.088697e+01	-2.272155e+02
7.320000e-06	-4.472065e-09	-2.089343e-09	-2.111622e+01	-2.297887e+02
7.330000e-06	-4.520290e-09	-2.113713e-09	-2.134393e+01	-2.323499e+02
7.340000e-06	-4.568192e-09	-2.135992e-09	-2.157012e+01	-2.348990e+02
7.350000e-06	-4.615730e-09	-2.154446e-09	-2.179458e+01	-2.374358e+02
7.360000e-06	-4.662937e-09	-2.172839e-09	-2.201748e+01	-2.399601e+02
7.370000e-06	-4.709879e-09	-2.192649e-09	-2.223913e+01	-2.424719e+02
7.380000e-06	-4.756538e-09	-2.215812e-09	-2.245944e+01	-2.449711e+02
7.390000e-06	-4.802950e-09	-2.240946e-09	-2.267859e+01	-2.474574e+02
7.400000e-06	-4.849184e-09	-2.264504e-09	-2.289690e+01	-2.499307e+02
7.410000e-06	-4.895233e-09	-2.286351e-09	-2.311434e+01	-2.523910e+02
7.420000e-06	-4.941094e-09	-2.307174e-09	-2.333088e+01	-2.548381e+02
7.430000e-06	-4.986762e-09	-2.328898e-09	-2.354652e+01	-2.572719e+02
7.440000e-06	-5.032232e-09	-2.349975e-09	-2.376122e+01	-2.596923e+02
7.450000e-06	-5.077489e-09	-2.369814e-09	-2.397491e+01	-2.620990e+02
7.460000e-06	-5.122476e-09	-2.389776e-09	-2.418734e+01	-2.644920e+02
7.470000e-06	-5.167198e-09	-2.411408e-09	-2.439850e+01	-2.668712e+02
7.480000e-06	-5.211639e-09	-2.433825e-09	-2.460834e+01	-2.692365e+02
7.490000e-06	-5.255787e-09	-2.454255e-09	-2.481680e+01	-2.715877e+02
7.500000e-06	-5.299712e-09	-2.473034e-09	-2.502421e+01	-2.739247e+02
7.510000e-06	-5.343457e-09	-2.492042e-09	-2.523076e+01	-2.762473e+02
7.520000e-06	-5.387035e-09	-2.512953e-09	-2.543653e+01	-2.785555e+02
7.530000e-06	-5.430447e-09	-2.535007e-09	-2.564151e+01	-2.808492e+02
7.540000e-06	-5.473674e-09	-2.554729e-09	-2.584562e+01	-2.831281e+02
7.550000e-06	-5.516682e-09	-2.571440e-09	-2.604870e+01	-2.853923e+02
7.560000e-06	-5.559434e-09	-2.588044e-09	-2.625057e+01	-2.876415e+02
7.570000e-06	-5.601900e-09	-2.607917e-09	-2.645108e+01	-2.898757e+02
7.580000e-06	-5.644074e-09	-2.630710e-09	-2.665022e+01	-2.920947e+02
7.590000e-06	-5.685973e-09	-2.652288e-09	-2.684806e+01	-2.942985e+02
7.600000e-06	-5.727603e-09	-2.669743e-09	-2.704462e+01	-2.964868e+02
7.610000e-06	-5.768968e-09	-2.685282e-09	-2.723994e+01	-2.986597e+02
7.620000e-06	-5.810047e-09	-2.703546e-09	-2.743391e+01	-3.008170e+02
7.630000e-06	-5.850818e-09	-2.722932e-09	-2.762642e+01	-3.029585e+02
7.640000e-06	-5.891286e-09	-2.738692e-09	-2.781750e+01	-3.050842e+02
7.650000e-06	-5.931451e-09	-2.752871e-09	-2.800716e+01	-3.071939e+02
7.660000e-06	-5.971349e-09	-2.769625e-09	-2.819555e+01	-3.092876e+02
7.670000e-06	-6.011025e-09	-2.790621e-09	-2.838289e+01	-3.113651e+02
7.680000e-06	-6.050498e-09	-2.812533e-09	-2.856927e+01	-3.134263e+02
7.690000e-06	-6.089782e-09	-2.829616e-09	-2.875476e+01	-3.154712e+02
7.700000e-06	-6.128828e-09	-2.841820e-09	-2.893913e+01	-3.174995e+02
7.710000e-06	-6.167521e-09	-2.853991e-09	-2.912183e+01	-3.195113e+02
7.720000e-06	-6.205813e-09	-2.871001e-09	-2.930264e+01	-3.215063e+02
7.730000e-06	-6.243658e-09	-2.889759e-09	-2.948134e+01	-3.234845e+02
7.740000e-06	-6.280996e-09	-2.905662e-09	-2.965764e+01	-3.254459e+02
7.750000e-06	-6.317826e-09	-2.918940e-09	-2.983154e+01	-3.273902e+02
7.760000e-06	-6.354206e-09	-2.933567e-09	-3.000332e+01	-3.293174e+02
7.770000e-06	-6.390222e-09	-2.951197e-09	-3.017338e+01	-3.312273e+02
7.780000e-06	-6.425944e-09	-2.967591e-09	-3.034205e+01	-3.331200e+02
7.790000e-06	-6.461449e-09	-2.978492e-09	-3.050970e+01	-3.349952e+02
7.800000e-06	-6.496744e-09	-2.986108e-09	-3.067636e+01	-3.368530e+02
7.810000e-06	-6.531777e-09	-2.998948e-09	-3.084178e+01	-3.386931e+02
7.820000e-06	-6.566501e-09	-3.018082e-09	-3.100573e+01	-3.405155e+02
7.830000e-06	-6.600873e-09	-3.036953e-09	-3.116803e+01	-3.423201e+02
7.840000e-06	-6.634892e-09	-3.051637e-09	-3.132866e+01	-3.441068e+02
7.850000e-06	-6.668575e-09	-3.063168e-09	-3.148771e+01	-3.458756e+02
7.860000e-06	-6.701947e-09	-3.076854e-09	-3.164528e+01	-3.476262e+02
7.870000e-06	-6.734994e-09	-3.092736e-09	-3.180132e+01	-3.493587e+02
7.880000e-06	-6.767663e-09	-3.106627e-09	-3.195558e+01	-3.510729e+02
7.890000e-06	-6.799972e-09	-3.117067e-09	-3.210813e+01	-3.527688e+02
7.900000e-06	-6.831966e-09	-3.127538e-09	-3.225921e+01	-3.544462e+02
7.910000e-06	-6.863700e-09	-3.142472e-09	-3.240905e+01	-3.561051e+02
7.920000e-06	-6.895210e-09	-3.158965e-09	-3.255783e+01	-3.577453e+02
7.930000e-06	-6.926469e-09	-3.170931e-09	-3.270543e+01	-3.593669e+02
7.940000e-06	-6.957374e-09	-3.177969e-09	-3.285136e+01	-3.609697e+02
7.950000e-06	-6.987807e-09	-3.186436e-09	-3.299506e+01	-3.625536e+02
7.960000e-06	-7.017687e-09	-3.199925e-09	-3.313614e+01	-3.641185e+02
7.970000e-06	-7.046982e-09	-3.215388e-09	-3.327447e+01	-3.656645e+02
7.980000e-06	-7.075726e-09	-3.226170e-09	-3.341019e+01	-3.671913e+02
7.990000e-06	-7.104007e-09	-3.231623e-09	-3.354373e+01	-3.686989e+02
8.000000e-06	-7.131951e-09	-3.238000e-09	-3.367567e+01	-3.701872e+02
8.010000e-06	-7.159630e-09	-3.250092e-09	-3.380637e+01	-3.716562e+02
8.020000e-06	-7.187054e-09	-3.265803e-09	-3.393586e+01	-3.731058e+02
8.030000e-06	-7.214223e-09	-3.277931e-09	-3.406415e+01	-3.745359e+02
8.040000e-06	-7.241077e-09	-3.286418e-09	-3.419094e+01	-3.759463e+02
8.050000e-06	-7.267532e-09	-3.297507e-09	-3.431586e+01	-3.773372e+02
8.060000e-06	-7.293591e-09	-3.311834e-09	-3.443891e+01	-3.787083e+02
8.070000e-06	-7.319289e-09	-3.323492e-09	-3.456024e+01	-3.800596e+02
8.080000e-06	-7.344616e-09	-3.328447e-09	-3.467983e+01	-3.813910e+02
8.090000e-06	-7.369549e-09	-3.331195e-09	-3.479757e+01	-3.827025e+02
8.100000e-06	-7.394084e-09	-3.339707e-09	-3.491341e+01	-3.839940e+02
8.110000e-06	-7.418248e-09	-3.353555e-09	-3.502751e+01	-3.852654e+02
8.120000e-06	-7.442092e-09	-3.364696e-09	-3.514010e+01	-3.865167e+02
8.130000e-06	-7.465689e-09	-3.368332e-09	-3.525152e+01	-3.877478e+02
8.140000e-06	-7.489067e-09	-3.370943e-09	-3.536191e+01	-3.889586e+02
8.150000e-06	-7.512148e-09	-3.379296e-09	-3.547089e+01	-3.901491e+02
8.160000e-06	-7.534834e-09	-3.391031e-09	-3.557801e+01	-3.913192e+02
8.170000e-06	-7.556991e-09	-3.401404e-09	-3.568263e+01	-3.924688e+02
8.180000e-06	-7.578537e-09	-3.407321e-09	-3.578436e+01	-3.935979e+02
8.190000e-06	-7.599459e-09	-3.411543e-09	-3.588315e+01	-3.947065e+02
8.200000e-06	-7.619826e-09	-3.416625e-09	-3.597932e+01	-3.957944e+02
8.210000e-06	-7.639795e-09	-3.422216e-09	-3.607361e+01	-3.968616e+02
8.220000e-06	-7.659461e-09	-3.427075e-09	-3.616647e+01	-3.979081e+02
8.230000e-06	-7.678882e-09	-3.431951e-09	-3.625817e+01	-3.989338e+02
8.240000e-06	-7.698041e-09	-3.441476e-09	-3.634864e+01	-3.999386e+02
8.250000e-06	-7.716832e-09	-3.453562e-09	-3.643736e+01	-4.009225e+02
8.260000e-06	-7.735211e-09	-3.463205e-09	-3.652415e+01	-4.018855e+02
8.270000e-06	-7.753207e-09	-3.467050e-09	-3.660912e+01	-4.028274e+02
8.280000e-06	-7.770865e-09	-3.466710e-09	-3.669250e+01	-4.037483e+02
8.290000e-06	-7.788188e-09	-3.467452e-09	-3.677429e+01	-4.046481e+02
8.300000e-06	-7.805118e-09	-3.471546e-09	-3.685423e+01	-4.055268e+02
8.310000e-06	-7.821627e-09	-3.479203e-09	-3.693219e+01	-4.063842e+02
8.320000e-06	-7.837722e-09	-3.489021e-09	-3.700818e+01	-4.072204e+02
8.330000e-06	-7.853502e-09	-3.499161e-09	-3.708269e+01	-4.080354e+02
8.340000e-06	-7.869047e-09	-3.506707e-09	-3.715609e+01	-4.088290e+02
8.350000e-06	-7.884294e-09	-3.510247e-09	-3.722808e+01	-4.096012e+02
8.360000e-06	-7.899105e-09	-3.510696e-09	-3.729802e+01	-4.103520e+02
8.370000e-06	-7.913332e-09	-3.510348e-09	-3.736520e+01	-4.110813e+02
8.380000e-06	-7.926852e-09	-3.511697e-09	-3.742903e+01	-4.117892e+02
8.390000e-06	-7.939693e-09	-3.515970e-09	-3.748966e+01	-4.124756e+02
8.400000e-06	-7.952001e-09	-3.522046e-09	-3.754778e+01	-4.131404e+02
8.410000e-06	-7.963884e-09	-3.526852e-09	-3.760389e+01	-4.137836e+02
8.420000e-06	-7.975411e-09	-3.529661e-09	-3.765832e+01	-4.144051e+02
8.430000e-06	-7.986552e-09	-3.531190e-09	-3.771092e+01	-4.150050e+02
8.440000e-06	-7.997258e-09	-3.533351e-09	-3.776148e+01	-4.155833e+02
8.450000e-06	-8.007515e-09	-3.536617e-09	-3.780991e+01	-4.161397e+02
8.460000e-06	-8.017363e-09	-3.540704e-09	-3.785641e+01	-4.166745e+02
8.470000e-06	-8.026856e-09	-3.545402e-09	-3.790123e+01	-4.171874e+02
8.480000e-06	-8.035966e-09	-3.548111e-09	-3.794425e+01	-4.176786e+02
8.490000e-06	-8.044643e-09	-3.548585e-09	-3.798522e+01	-4.181479e+02
8.500000e-06	-8.052895e-09	-3.547456e-09	-3.802418e+01	-4.185954e+02
8.510000e-06	-8.060794e-09	-3.547279e-09	-3.806148e+01	-4.190210e+02
8.520000e-06	-8.068429e-09	-3.549265e-09	-3.809753e+01	-4.194247e+02
8.530000e-06	-8.075817e-09	-3.552555e-09	-3.813241e+01	-4.198064e+02
8.540000e-06	-8.082887e-09	-3.556845e-09	-3.816580e+01	-4.201662e+02
8.550000e-06	-8.089508e-09	-3.560646e-09	-3.819706e+01	-4.205041e+02
8.560000e-06	-8.095537e-09	-3.562244e-09	-3.822553e+01	-4.208200e+02
8.570000e-06	-8.100891e-09	-3.559243e-09	-3.825081e+01	-4.211139e+02
8.580000e-06	-8.105595e-09	-3.554316e-09	-3.827302e+01	-4.213857e+02
8.590000e-06	-8.109781e-09	-3.552126e-09	-3.829279e+01	-4.216356e+02
8.600000e-06	-8.113613e-09	-3.554093e-09	-3.831088e+01	-4.218634e+02
8.610000e-06	-8.117190e-09	-3.558629e-09	-3.832777e+01	-4.220691e+02
8.620000e-06	-8.120488e-09	-3.561250e-09	-3.834334e+01	-4.222528e+02
8.630000e-06	-8.123436e-09	-3.560076e-09	-3.835726e+01	-4.224144e+02
8.640000e-06	-8.125955e-09	-3.557637e-09	-3.836916e+01	-4.225540e+02
8.650000e-06	-8.128060e-09	-3.556954e-09	-3.837909e+01	-4.226714e+02
8.660000e-06	-8.129841e-09	-3.556532e-09	-3.838751e+01	-4.227668e+02
8.670000e-06	-8.131284e-09	-3.554558e-09	-3.839432e+01	-4.228401e+02
8.680000e-06	-8.132282e-09	-3.553012e-09	-3.839903e+01	-4.228912e+02
8.690000e-06	-8.132756e-09	-3.554762e-09	-3.840127e+01	-4.229203e+02
