# Temperatura_=_20.0
# Concentracion g/m^3_=_10000.0
# C_Vs_to_Am_M_A/Vsm_=_116720831517.84952
# pendiente_HvsI_1/m_=_3716.3
# ordenada_HvsI_A/m_=_1297.0
# frecuencia_Hz_=_175559.5553311636
# Promedio de 27 ciclos

Tiempo_(s)	Campo_(V.s)	Magnetizacion_(V.s)	Campo_(kA/m)	Magnetizacion_(A/m)
0.000000e+00	-6.019600e-09	-2.533704e-09	-2.727950e+01	-2.971567e+02
1.000000e-08	-6.019188e-09	-2.530757e-09	-2.727763e+01	-2.970002e+02
2.000000e-08	-6.018319e-09	-2.528529e-09	-2.727369e+01	-2.968075e+02
3.000000e-08	-6.016812e-09	-2.528749e-09	-2.726686e+01	-2.965787e+02
4.000000e-08	-6.014405e-09	-2.529969e-09	-2.725596e+01	-2.963138e+02
5.000000e-08	-6.011021e-09	-2.531938e-09	-2.724062e+01	-2.960128e+02
6.000000e-08	-6.006837e-09	-2.534089e-09	-2.722166e+01	-2.956757e+02
7.000000e-08	-6.002060e-09	-2.534695e-09	-2.720001e+01	-2.953027e+02
8.000000e-08	-5.996642e-09	-2.528673e-09	-2.717545e+01	-2.948937e+02
9.000000e-08	-5.990399e-09	-2.512138e-09	-2.714716e+01	-2.944487e+02
1.000000e-07	-5.983240e-09	-2.508121e-09	-2.711472e+01	-2.939679e+02
1.100000e-07	-5.975309e-09	-2.521347e-09	-2.707878e+01	-2.934513e+02
1.200000e-07	-5.966896e-09	-2.509872e-09	-2.704065e+01	-2.928990e+02
1.300000e-07	-5.958046e-09	-2.465957e-09	-2.700055e+01	-2.923110e+02
1.400000e-07	-5.948453e-09	-2.469905e-09	-2.695707e+01	-2.916874e+02
1.500000e-07	-5.937920e-09	-2.525608e-09	-2.690934e+01	-2.910283e+02
1.600000e-07	-5.926502e-09	-2.483230e-09	-2.685759e+01	-2.903337e+02
1.700000e-07	-5.914154e-09	-2.433114e-09	-2.680164e+01	-2.896038e+02
1.800000e-07	-5.900978e-09	-2.488821e-09	-2.674192e+01	-2.888386e+02
1.900000e-07	-5.887273e-09	-2.464131e-09	-2.667982e+01	-2.880382e+02
2.000000e-07	-5.872905e-09	-2.410486e-09	-2.661470e+01	-2.872028e+02
2.100000e-07	-5.857497e-09	-2.447610e-09	-2.654488e+01	-2.863324e+02
2.200000e-07	-5.841040e-09	-2.464594e-09	-2.647030e+01	-2.854271e+02
2.300000e-07	-5.823725e-09	-2.411329e-09	-2.639183e+01	-2.844870e+02
2.400000e-07	-5.805724e-09	-2.429404e-09	-2.631026e+01	-2.835123e+02
2.500000e-07	-5.787227e-09	-2.442893e-09	-2.622643e+01	-2.825031e+02
2.600000e-07	-5.768152e-09	-2.382623e-09	-2.613999e+01	-2.814595e+02
2.700000e-07	-5.748295e-09	-2.379335e-09	-2.605000e+01	-2.803816e+02
2.800000e-07	-5.727833e-09	-2.389588e-09	-2.595727e+01	-2.792695e+02
2.900000e-07	-5.706920e-09	-2.354369e-09	-2.586250e+01	-2.781235e+02
3.000000e-07	-5.685351e-09	-2.365174e-09	-2.576475e+01	-2.769435e+02
3.100000e-07	-5.663047e-09	-2.365883e-09	-2.566368e+01	-2.757299e+02
3.200000e-07	-5.640126e-09	-2.324075e-09	-2.555980e+01	-2.744826e+02
3.300000e-07	-5.616576e-09	-2.330937e-09	-2.545308e+01	-2.732020e+02
3.400000e-07	-5.592409e-09	-2.321049e-09	-2.534356e+01	-2.718880e+02
3.500000e-07	-5.567715e-09	-2.291739e-09	-2.523165e+01	-2.705410e+02
3.600000e-07	-5.542383e-09	-2.302340e-09	-2.511685e+01	-2.691610e+02
3.700000e-07	-5.516160e-09	-2.293807e-09	-2.499801e+01	-2.677482e+02
3.800000e-07	-5.488957e-09	-2.262673e-09	-2.487474e+01	-2.663028e+02
3.900000e-07	-5.460925e-09	-2.271456e-09	-2.474770e+01	-2.648250e+02
4.000000e-07	-5.432320e-09	-2.256108e-09	-2.461807e+01	-2.633149e+02
4.100000e-07	-5.403240e-09	-2.224812e-09	-2.448628e+01	-2.617727e+02
4.200000e-07	-5.373595e-09	-2.221082e-09	-2.435194e+01	-2.601987e+02
4.300000e-07	-5.343291e-09	-2.215634e-09	-2.421461e+01	-2.585930e+02
4.400000e-07	-5.312315e-09	-2.197300e-09	-2.407423e+01	-2.569558e+02
4.500000e-07	-5.280698e-09	-2.190761e-09	-2.393095e+01	-2.552873e+02
4.600000e-07	-5.248541e-09	-2.169362e-09	-2.378522e+01	-2.535876e+02
4.700000e-07	-5.215982e-09	-2.143634e-09	-2.363767e+01	-2.518572e+02
4.800000e-07	-5.182983e-09	-2.131687e-09	-2.348813e+01	-2.500960e+02
4.900000e-07	-5.149296e-09	-2.119963e-09	-2.333546e+01	-2.483044e+02
5.000000e-07	-5.114683e-09	-2.100795e-09	-2.317861e+01	-2.464825e+02
5.100000e-07	-5.079142e-09	-2.089580e-09	-2.301754e+01	-2.446306e+02
5.200000e-07	-5.042911e-09	-2.073294e-09	-2.285335e+01	-2.427489e+02
5.300000e-07	-5.006242e-09	-2.056522e-09	-2.268718e+01	-2.408377e+02
5.400000e-07	-4.969136e-09	-2.045519e-09	-2.251902e+01	-2.388971e+02
5.500000e-07	-4.931446e-09	-2.026517e-09	-2.234822e+01	-2.369274e+02
5.600000e-07	-4.893130e-09	-2.006280e-09	-2.217458e+01	-2.349289e+02
5.700000e-07	-4.854219e-09	-1.993717e-09	-2.199824e+01	-2.329017e+02
5.800000e-07	-4.814723e-09	-1.978762e-09	-2.181926e+01	-2.308462e+02
5.900000e-07	-4.774693e-09	-1.962288e-09	-2.163785e+01	-2.287626e+02
6.000000e-07	-4.734247e-09	-1.946609e-09	-2.145456e+01	-2.266510e+02
6.100000e-07	-4.693438e-09	-1.927314e-09	-2.126962e+01	-2.245119e+02
6.200000e-07	-4.652113e-09	-1.911550e-09	-2.108234e+01	-2.223455e+02
6.300000e-07	-4.609986e-09	-1.896603e-09	-2.089143e+01	-2.201519e+02
6.400000e-07	-4.566934e-09	-1.879614e-09	-2.069633e+01	-2.179316e+02
6.500000e-07	-4.523115e-09	-1.859658e-09	-2.049775e+01	-2.156846e+02
6.600000e-07	-4.478757e-09	-1.840603e-09	-2.029673e+01	-2.134115e+02
6.700000e-07	-4.433990e-09	-1.818874e-09	-2.009386e+01	-2.111123e+02
6.800000e-07	-4.388796e-09	-1.799928e-09	-1.988904e+01	-2.087874e+02
6.900000e-07	-4.343085e-09	-1.780831e-09	-1.968189e+01	-2.064371e+02
7.000000e-07	-4.296830e-09	-1.760623e-09	-1.947228e+01	-2.040616e+02
7.100000e-07	-4.250044e-09	-1.740276e-09	-1.926025e+01	-2.016612e+02
7.200000e-07	-4.202733e-09	-1.722688e-09	-1.904585e+01	-1.992363e+02
7.300000e-07	-4.154907e-09	-1.702650e-09	-1.882911e+01	-1.967872e+02
7.400000e-07	-4.106625e-09	-1.680990e-09	-1.861031e+01	-1.943140e+02
7.500000e-07	-4.057962e-09	-1.655979e-09	-1.838978e+01	-1.918172e+02
7.600000e-07	-4.008833e-09	-1.631123e-09	-1.816714e+01	-1.892970e+02
7.700000e-07	-3.959047e-09	-1.606820e-09	-1.794152e+01	-1.867537e+02
7.800000e-07	-3.908488e-09	-1.585754e-09	-1.771240e+01	-1.841877e+02
7.900000e-07	-3.857164e-09	-1.564743e-09	-1.747981e+01	-1.815993e+02
8.000000e-07	-3.805190e-09	-1.542725e-09	-1.724427e+01	-1.789887e+02
8.100000e-07	-3.752704e-09	-1.520311e-09	-1.700642e+01	-1.763563e+02
8.200000e-07	-3.699768e-09	-1.498371e-09	-1.676652e+01	-1.737025e+02
8.300000e-07	-3.646366e-09	-1.474787e-09	-1.652452e+01	-1.710274e+02
8.400000e-07	-3.592496e-09	-1.449541e-09	-1.628039e+01	-1.683316e+02
8.500000e-07	-3.538199e-09	-1.423546e-09	-1.603433e+01	-1.656152e+02
8.600000e-07	-3.483515e-09	-1.398486e-09	-1.578651e+01	-1.628786e+02
8.700000e-07	-3.428463e-09	-1.374220e-09	-1.553703e+01	-1.601222e+02
8.800000e-07	-3.373012e-09	-1.350553e-09	-1.528573e+01	-1.573463e+02
8.900000e-07	-3.317140e-09	-1.327309e-09	-1.503254e+01	-1.545512e+02
9.000000e-07	-3.260909e-09	-1.304524e-09	-1.477771e+01	-1.517372e+02
9.100000e-07	-3.204411e-09	-1.282063e-09	-1.452168e+01	-1.489048e+02
9.200000e-07	-3.147697e-09	-1.258260e-09	-1.426466e+01	-1.460542e+02
9.300000e-07	-3.090735e-09	-1.232956e-09	-1.400652e+01	-1.431859e+02
9.400000e-07	-3.033419e-09	-1.204673e-09	-1.374678e+01	-1.403001e+02
9.500000e-07	-2.975634e-09	-1.176885e-09	-1.348491e+01	-1.373971e+02
9.600000e-07	-2.917317e-09	-1.150362e-09	-1.322063e+01	-1.344775e+02
9.700000e-07	-2.858421e-09	-1.126150e-09	-1.295372e+01	-1.315414e+02
9.800000e-07	-2.798961e-09	-1.101958e-09	-1.268426e+01	-1.285893e+02
9.900000e-07	-2.739022e-09	-1.078166e-09	-1.241263e+01	-1.256215e+02
1.000000e-06	-2.678731e-09	-1.053393e-09	-1.213941e+01	-1.226385e+02
1.010000e-06	-2.618221e-09	-1.027422e-09	-1.186519e+01	-1.196404e+02
1.020000e-06	-2.557544e-09	-1.000919e-09	-1.159022e+01	-1.166278e+02
1.030000e-06	-2.496674e-09	-9.742043e-10	-1.131436e+01	-1.136010e+02
1.040000e-06	-2.435556e-09	-9.458028e-10	-1.103739e+01	-1.105603e+02
1.050000e-06	-2.374131e-09	-9.181924e-10	-1.075903e+01	-1.075061e+02
1.060000e-06	-2.312397e-09	-8.915636e-10	-1.047926e+01	-1.044388e+02
1.070000e-06	-2.250406e-09	-8.669072e-10	-1.019833e+01	-1.013588e+02
1.080000e-06	-2.188169e-09	-8.413678e-10	-9.916289e+00	-9.826641e+01
1.090000e-06	-2.125668e-09	-8.155608e-10	-9.633046e+00	-9.516205e+01
1.100000e-06	-2.062919e-09	-7.877848e-10	-9.348684e+00	-9.204608e+01
1.110000e-06	-1.999954e-09	-7.577861e-10	-9.063340e+00	-8.891888e+01
1.120000e-06	-1.936770e-09	-7.273175e-10	-8.777003e+00	-8.578083e+01
1.130000e-06	-1.873322e-09	-6.991205e-10	-8.489472e+00	-8.263232e+01
1.140000e-06	-1.809612e-09	-6.738633e-10	-8.200749e+00	-7.947372e+01
1.150000e-06	-1.745691e-09	-6.486345e-10	-7.911075e+00	-7.630542e+01
1.160000e-06	-1.681582e-09	-6.205767e-10	-7.620546e+00	-7.312782e+01
1.170000e-06	-1.617304e-09	-5.912393e-10	-7.329254e+00	-6.994128e+01
1.180000e-06	-1.552894e-09	-5.630084e-10	-7.037361e+00	-6.674621e+01
1.190000e-06	-1.488371e-09	-5.359803e-10	-6.744958e+00	-6.354299e+01
1.200000e-06	-1.423761e-09	-5.090710e-10	-6.452159e+00	-6.033201e+01
1.210000e-06	-1.359096e-09	-4.805537e-10	-6.159110e+00	-5.711366e+01
1.220000e-06	-1.294373e-09	-4.510509e-10	-5.865801e+00	-5.388833e+01
1.230000e-06	-1.229559e-09	-4.215576e-10	-5.572078e+00	-5.065642e+01
1.240000e-06	-1.164616e-09	-3.924019e-10	-5.277769e+00	-4.741832e+01
1.250000e-06	-1.099556e-09	-3.618848e-10	-4.982933e+00	-4.417441e+01
1.260000e-06	-1.034407e-09	-3.300121e-10	-4.687691e+00	-4.092511e+01
1.270000e-06	-9.691547e-10	-2.978348e-10	-4.391983e+00	-3.767080e+01
1.280000e-06	-9.037551e-10	-2.677989e-10	-4.095607e+00	-3.441187e+01
1.290000e-06	-8.382075e-10	-2.399789e-10	-3.798559e+00	-3.114874e+01
1.300000e-06	-7.725442e-10	-2.119519e-10	-3.500988e+00	-2.788178e+01
1.310000e-06	-7.067609e-10	-1.803219e-10	-3.202872e+00	-2.461140e+01
1.320000e-06	-6.408448e-10	-1.477554e-10	-2.904155e+00	-2.133800e+01
1.330000e-06	-5.747898e-10	-1.169945e-10	-2.604808e+00	-1.806198e+01
1.340000e-06	-5.086105e-10	-8.952981e-11	-2.304898e+00	-1.478373e+01
1.350000e-06	-4.423251e-10	-6.362601e-11	-2.004508e+00	-1.150366e+01
1.360000e-06	-3.759576e-10	-3.786818e-11	-1.703745e+00	-8.222155e+00
1.370000e-06	-3.095103e-10	-1.098826e-11	-1.402621e+00	-4.939625e+00
1.380000e-06	-2.429698e-10	1.597662e-11	-1.101074e+00	-1.656466e+00
1.390000e-06	-1.763723e-10	4.315163e-11	-7.992691e-01	1.626922e+00
1.400000e-06	-1.097415e-10	7.035118e-11	-4.973129e-01	4.910139e+00
1.410000e-06	-4.307779e-11	9.906192e-11	-1.952080e-01	8.192787e+00
1.420000e-06	2.361175e-11	1.304499e-10	1.070141e-01	1.147446e+01
1.430000e-06	9.029935e-11	1.612839e-10	4.092274e-01	1.475477e+01
1.440000e-06	1.569553e-10	1.892543e-10	7.112974e-01	1.803332e+01
1.450000e-06	2.235815e-10	2.173959e-10	1.013232e+00	2.130969e+01
1.460000e-06	2.901435e-10	2.457025e-10	1.314877e+00	2.458350e+01
1.470000e-06	3.566135e-10	2.720688e-10	1.616104e+00	2.785434e+01
1.480000e-06	4.230021e-10	2.958943e-10	1.916962e+00	3.112183e+01
1.490000e-06	4.892997e-10	3.192127e-10	2.217408e+00	3.438555e+01
1.500000e-06	5.554780e-10	3.466762e-10	2.517313e+00	3.764512e+01
1.510000e-06	6.215365e-10	3.777659e-10	2.816675e+00	4.090013e+01
1.520000e-06	6.874853e-10	4.084791e-10	3.115540e+00	4.415019e+01
1.530000e-06	7.533021e-10	4.361580e-10	3.413807e+00	4.739491e+01
1.540000e-06	8.189537e-10	4.605241e-10	3.711326e+00	5.063389e+01
1.550000e-06	8.844425e-10	4.844252e-10	4.008107e+00	5.386674e+01
1.560000e-06	9.497923e-10	5.113949e-10	4.304257e+00	5.709305e+01
1.570000e-06	1.015000e-09	5.403549e-10	4.599764e+00	6.031245e+01
1.580000e-06	1.080060e-09	5.682466e-10	4.894604e+00	6.352454e+01
1.590000e-06	1.144996e-09	5.947765e-10	5.188879e+00	6.672892e+01
1.600000e-06	1.209828e-09	6.220501e-10	5.482680e+00	6.992521e+01
1.610000e-06	1.274559e-09	6.507663e-10	5.776027e+00	7.311302e+01
1.620000e-06	1.339192e-09	6.799284e-10	6.068929e+00	7.629196e+01
1.630000e-06	1.403732e-09	7.066810e-10	6.361412e+00	7.946165e+01
1.640000e-06	1.468179e-09	7.312400e-10	6.653471e+00	8.262169e+01
1.650000e-06	1.532515e-09	7.555155e-10	6.945030e+00	8.577171e+01
1.660000e-06	1.596719e-09	7.807488e-10	7.235989e+00	8.891131e+01
1.670000e-06	1.660768e-09	8.060233e-10	7.526244e+00	9.204013e+01
1.680000e-06	1.724636e-09	8.305095e-10	7.815679e+00	9.515777e+01
1.690000e-06	1.788300e-09	8.539799e-10	8.104190e+00	9.826386e+01
1.700000e-06	1.851756e-09	8.790162e-10	8.391760e+00	1.013580e+02
1.710000e-06	1.914996e-09	9.062484e-10	8.678348e+00	1.044399e+02
1.720000e-06	1.978019e-09	9.322270e-10	8.963956e+00	1.075090e+02
1.730000e-06	2.040839e-09	9.549523e-10	9.248642e+00	1.105652e+02
1.740000e-06	2.103461e-09	9.774517e-10	9.532431e+00	1.136079e+02
1.750000e-06	2.165864e-09	1.003187e-09	9.815225e+00	1.166368e+02
1.760000e-06	2.227992e-09	1.030962e-09	1.009678e+01	1.196515e+02
1.770000e-06	2.289828e-09	1.056089e-09	1.037701e+01	1.226517e+02
1.780000e-06	2.351367e-09	1.078098e-09	1.065588e+01	1.256370e+02
1.790000e-06	2.412601e-09	1.101207e-09	1.093338e+01	1.286070e+02
1.800000e-06	2.473575e-09	1.127552e-09	1.120971e+01	1.315614e+02
1.810000e-06	2.534350e-09	1.155055e-09	1.148512e+01	1.344999e+02
1.820000e-06	2.594967e-09	1.179828e-09	1.175983e+01	1.374220e+02
1.830000e-06	2.655427e-09	1.200726e-09	1.203382e+01	1.403274e+02
1.840000e-06	2.715670e-09	1.221548e-09	1.230682e+01	1.432157e+02
1.850000e-06	2.775590e-09	1.244917e-09	1.257837e+01	1.460867e+02
1.860000e-06	2.835042e-09	1.268551e-09	1.284779e+01	1.489399e+02
1.870000e-06	2.893901e-09	1.290377e-09	1.311453e+01	1.517750e+02
1.880000e-06	2.952142e-09	1.311545e-09	1.337846e+01	1.545916e+02
1.890000e-06	3.009801e-09	1.335135e-09	1.363976e+01	1.573895e+02
1.900000e-06	3.066984e-09	1.360620e-09	1.389890e+01	1.601683e+02
1.910000e-06	3.123840e-09	1.384650e-09	1.415656e+01	1.629276e+02
1.920000e-06	3.180446e-09	1.405342e-09	1.441309e+01	1.656671e+02
1.930000e-06	3.236811e-09	1.424984e-09	1.466852e+01	1.683864e+02
1.940000e-06	3.292866e-09	1.445431e-09	1.492255e+01	1.710853e+02
1.950000e-06	3.348520e-09	1.467737e-09	1.517476e+01	1.737635e+02
1.960000e-06	3.403761e-09	1.490438e-09	1.542510e+01	1.764204e+02
1.970000e-06	3.458619e-09	1.511926e-09	1.567371e+01	1.790560e+02
1.980000e-06	3.513115e-09	1.532258e-09	1.592067e+01	1.816698e+02
1.990000e-06	3.567215e-09	1.552038e-09	1.616584e+01	1.842615e+02
2.000000e-06	3.620860e-09	1.571400e-09	1.640894e+01	1.868308e+02
2.010000e-06	3.674027e-09	1.591084e-09	1.664989e+01	1.893774e+02
2.020000e-06	3.726731e-09	1.612000e-09	1.688873e+01	1.919010e+02
2.030000e-06	3.778946e-09	1.632832e-09	1.712536e+01	1.944013e+02
2.040000e-06	3.830585e-09	1.652375e-09	1.735937e+01	1.968779e+02
2.050000e-06	3.881528e-09	1.672048e-09	1.759023e+01	1.993306e+02
2.060000e-06	3.931685e-09	1.693036e-09	1.781754e+01	2.017591e+02
2.070000e-06	3.981138e-09	1.713135e-09	1.804165e+01	2.041631e+02
2.080000e-06	4.030092e-09	1.731576e-09	1.826349e+01	2.065422e+02
2.090000e-06	4.078696e-09	1.750666e-09	1.848375e+01	2.088963e+02
2.100000e-06	4.126951e-09	1.771101e-09	1.870244e+01	2.112249e+02
2.110000e-06	4.174761e-09	1.792754e-09	1.891910e+01	2.135279e+02
2.120000e-06	4.222045e-09	1.814142e-09	1.913338e+01	2.158049e+02
2.130000e-06	4.268805e-09	1.833328e-09	1.934529e+01	2.180557e+02
2.140000e-06	4.315072e-09	1.850728e-09	1.955496e+01	2.202800e+02
2.150000e-06	4.360823e-09	1.867716e-09	1.976229e+01	2.224775e+02
2.160000e-06	4.406076e-09	1.884147e-09	1.996737e+01	2.246479e+02
2.170000e-06	4.450943e-09	1.901061e-09	2.017070e+01	2.267910e+02
2.180000e-06	4.495506e-09	1.918346e-09	2.037265e+01	2.289066e+02
2.190000e-06	4.539695e-09	1.935619e-09	2.057290e+01	2.309944e+02
2.200000e-06	4.583301e-09	1.954531e-09	2.077051e+01	2.330540e+02
2.210000e-06	4.626073e-09	1.972922e-09	2.096435e+01	2.350854e+02
2.220000e-06	4.667922e-09	1.990560e-09	2.115400e+01	2.370881e+02
2.230000e-06	4.709049e-09	2.007701e-09	2.134038e+01	2.390620e+02
2.240000e-06	4.749710e-09	2.023755e-09	2.152464e+01	2.410069e+02
2.250000e-06	4.789972e-09	2.038959e-09	2.170710e+01	2.429225e+02
2.260000e-06	4.829751e-09	2.054345e-09	2.188737e+01	2.448085e+02
2.270000e-06	4.868961e-09	2.070881e-09	2.206506e+01	2.466648e+02
2.280000e-06	4.907582e-09	2.087061e-09	2.224008e+01	2.484911e+02
2.290000e-06	4.945596e-09	2.102425e-09	2.241235e+01	2.502871e+02
2.300000e-06	4.983002e-09	2.117919e-09	2.258187e+01	2.520528e+02
2.310000e-06	5.019912e-09	2.132865e-09	2.274914e+01	2.537878e+02
2.320000e-06	5.056442e-09	2.147017e-09	2.291469e+01	2.554919e+02
2.330000e-06	5.092500e-09	2.160051e-09	2.307809e+01	2.571650e+02
2.340000e-06	5.127838e-09	2.172543e-09	2.323824e+01	2.588068e+02
2.350000e-06	5.162257e-09	2.184084e-09	2.339422e+01	2.604172e+02
2.360000e-06	5.195775e-09	2.195922e-09	2.354611e+01	2.619959e+02
2.370000e-06	5.228640e-09	2.209592e-09	2.369505e+01	2.635427e+02
2.380000e-06	5.261046e-09	2.224666e-09	2.384190e+01	2.650575e+02
2.390000e-06	5.292946e-09	2.238872e-09	2.398647e+01	2.665401e+02
2.400000e-06	5.324232e-09	2.251005e-09	2.412825e+01	2.679902e+02
2.410000e-06	5.354902e-09	2.262080e-09	2.426724e+01	2.694078e+02
2.420000e-06	5.384942e-09	2.273143e-09	2.440337e+01	2.707926e+02
2.430000e-06	5.414336e-09	2.284558e-09	2.453658e+01	2.721445e+02
2.440000e-06	5.443223e-09	2.295433e-09	2.466749e+01	2.734634e+02
2.450000e-06	5.471729e-09	2.305728e-09	2.479667e+01	2.747489e+02
2.460000e-06	5.499680e-09	2.316352e-09	2.492334e+01	2.760011e+02
2.470000e-06	5.526767e-09	2.328272e-09	2.504609e+01	2.772197e+02
2.480000e-06	5.552859e-09	2.339929e-09	2.516433e+01	2.784046e+02
2.490000e-06	5.578074e-09	2.348856e-09	2.527861e+01	2.795556e+02
2.500000e-06	5.602642e-09	2.354385e-09	2.538994e+01	2.806726e+02
2.510000e-06	5.626622e-09	2.360333e-09	2.549861e+01	2.817556e+02
2.520000e-06	5.649947e-09	2.368813e-09	2.560431e+01	2.828042e+02
2.530000e-06	5.672631e-09	2.378377e-09	2.570711e+01	2.838185e+02
2.540000e-06	5.694672e-09	2.387926e-09	2.580700e+01	2.847983e+02
2.550000e-06	5.716052e-09	2.397185e-09	2.590389e+01	2.857434e+02
2.560000e-06	5.736894e-09	2.406055e-09	2.599834e+01	2.866538e+02
2.570000e-06	5.757277e-09	2.413262e-09	2.609071e+01	2.875293e+02
2.580000e-06	5.777056e-09	2.418937e-09	2.618034e+01	2.883699e+02
2.590000e-06	5.796066e-09	2.423746e-09	2.626649e+01	2.891754e+02
2.600000e-06	5.814325e-09	2.429363e-09	2.634924e+01	2.899458e+02
2.610000e-06	5.831928e-09	2.436337e-09	2.642901e+01	2.906809e+02
2.620000e-06	5.848852e-09	2.442642e-09	2.650571e+01	2.913807e+02
2.630000e-06	5.864940e-09	2.448563e-09	2.657861e+01	2.920450e+02
2.640000e-06	5.880158e-09	2.453067e-09	2.664758e+01	2.926738e+02
2.650000e-06	5.894634e-09	2.457323e-09	2.671318e+01	2.932670e+02
2.660000e-06	5.908394e-09	2.461695e-09	2.677554e+01	2.938246e+02
2.670000e-06	5.921450e-09	2.465258e-09	2.683470e+01	2.943464e+02
2.680000e-06	5.933810e-09	2.468174e-09	2.689072e+01	2.948325e+02
2.690000e-06	5.945309e-09	2.471315e-09	2.694283e+01	2.952827e+02
2.700000e-06	5.955737e-09	2.475058e-09	2.699009e+01	2.956970e+02
2.710000e-06	5.965176e-09	2.478459e-09	2.703286e+01	2.960753e+02
2.720000e-06	5.973932e-09	2.481274e-09	2.707254e+01	2.964177e+02
2.730000e-06	5.982138e-09	2.483776e-09	2.710973e+01	2.967240e+02
2.740000e-06	5.989697e-09	2.485806e-09	2.714399e+01	2.969942e+02
2.750000e-06	5.996554e-09	2.488474e-09	2.717506e+01	2.972283e+02
2.760000e-06	6.002705e-09	2.492668e-09	2.720293e+01	2.974263e+02
2.770000e-06	6.008147e-09	2.496468e-09	2.722759e+01	2.975881e+02
2.780000e-06	6.013000e-09	2.497687e-09	2.724959e+01	2.977137e+02
2.790000e-06	6.017338e-09	2.496214e-09	2.726925e+01	2.978031e+02
2.800000e-06	6.020965e-09	2.493705e-09	2.728569e+01	2.978563e+02
2.810000e-06	6.023617e-09	2.491613e-09	2.729770e+01	2.978733e+02
2.820000e-06	6.025277e-09	2.490479e-09	2.730523e+01	2.978540e+02
2.830000e-06	6.026196e-09	2.490809e-09	2.730939e+01	2.977986e+02
2.840000e-06	6.026567e-09	2.492696e-09	2.731107e+01	2.977069e+02
2.850000e-06	6.026337e-09	2.494468e-09	2.731003e+01	2.975791e+02
2.860000e-06	6.025424e-09	2.495290e-09	2.730589e+01	2.974150e+02
2.870000e-06	6.023850e-09	2.494227e-09	2.729876e+01	2.972148e+02
2.880000e-06	6.021618e-09	2.490267e-09	2.728864e+01	2.969784e+02
2.890000e-06	6.018769e-09	2.486523e-09	2.727573e+01	2.967060e+02
2.900000e-06	6.015435e-09	2.483617e-09	2.726062e+01	2.963974e+02
2.910000e-06	6.011616e-09	2.478447e-09	2.724332e+01	2.960528e+02
2.920000e-06	6.007059e-09	2.476081e-09	2.722266e+01	2.956723e+02
2.930000e-06	6.001458e-09	2.490522e-09	2.719728e+01	2.952557e+02
2.940000e-06	5.994733e-09	2.489209e-09	2.716680e+01	2.948033e+02
2.950000e-06	5.986970e-09	2.457745e-09	2.713162e+01	2.943150e+02
2.960000e-06	5.978446e-09	2.448659e-09	2.709300e+01	2.937910e+02
2.970000e-06	5.969606e-09	2.486501e-09	2.705293e+01	2.932312e+02
2.980000e-06	5.960427e-09	2.495760e-09	2.701134e+01	2.926357e+02
2.990000e-06	5.950417e-09	2.426421e-09	2.696598e+01	2.920047e+02
3.000000e-06	5.939547e-09	2.443335e-09	2.691671e+01	2.913381e+02
3.010000e-06	5.928162e-09	2.500183e-09	2.686512e+01	2.906362e+02
3.020000e-06	5.915957e-09	2.422798e-09	2.680981e+01	2.898989e+02
3.030000e-06	5.902424e-09	2.397784e-09	2.674848e+01	2.891263e+02
3.040000e-06	5.887919e-09	2.463678e-09	2.668275e+01	2.883186e+02
3.050000e-06	5.872851e-09	2.434575e-09	2.661446e+01	2.874759e+02
3.060000e-06	5.857118e-09	2.374559e-09	2.654316e+01	2.865981e+02
3.070000e-06	5.840785e-09	2.439816e-09	2.646915e+01	2.856856e+02
3.080000e-06	5.823899e-09	2.440377e-09	2.639262e+01	2.847383e+02
3.090000e-06	5.806189e-09	2.376313e-09	2.631236e+01	2.837563e+02
3.100000e-06	5.787712e-09	2.427534e-09	2.622863e+01	2.827399e+02
3.110000e-06	5.768811e-09	2.435182e-09	2.614297e+01	2.816891e+02
3.120000e-06	5.749419e-09	2.379361e-09	2.605509e+01	2.806041e+02
3.130000e-06	5.729359e-09	2.416003e-09	2.596419e+01	2.794849e+02
3.140000e-06	5.708538e-09	2.406413e-09	2.586983e+01	2.783317e+02
3.150000e-06	5.686723e-09	2.360955e-09	2.577097e+01	2.771447e+02
3.160000e-06	5.663944e-09	2.399963e-09	2.566774e+01	2.759240e+02
3.170000e-06	5.640484e-09	2.367405e-09	2.556142e+01	2.746698e+02
3.180000e-06	5.616414e-09	2.337054e-09	2.545234e+01	2.733821e+02
3.190000e-06	5.591734e-09	2.375583e-09	2.534050e+01	2.720612e+02
3.200000e-06	5.566440e-09	2.335628e-09	2.522587e+01	2.707073e+02
3.210000e-06	5.540456e-09	2.308389e-09	2.510812e+01	2.693204e+02
3.220000e-06	5.513820e-09	2.339865e-09	2.498741e+01	2.679008e+02
3.230000e-06	5.486660e-09	2.292636e-09	2.486432e+01	2.664486e+02
3.240000e-06	5.459007e-09	2.284041e-09	2.473901e+01	2.649640e+02
3.250000e-06	5.430722e-09	2.305342e-09	2.461083e+01	2.634471e+02
3.260000e-06	5.401513e-09	2.268746e-09	2.447846e+01	2.618983e+02
3.270000e-06	5.371295e-09	2.257060e-09	2.434152e+01	2.603176e+02
3.280000e-06	5.340347e-09	2.248655e-09	2.420127e+01	2.587053e+02
3.290000e-06	5.308897e-09	2.218163e-09	2.405874e+01	2.570615e+02
3.300000e-06	5.276921e-09	2.214791e-09	2.391384e+01	2.553864e+02
3.310000e-06	5.244341e-09	2.199865e-09	2.376619e+01	2.536803e+02
3.320000e-06	5.211183e-09	2.184153e-09	2.361592e+01	2.519434e+02
3.330000e-06	5.177461e-09	2.174299e-09	2.346310e+01	2.501758e+02
3.340000e-06	5.143121e-09	2.158939e-09	2.330748e+01	2.483778e+02
3.350000e-06	5.108237e-09	2.142292e-09	2.314940e+01	2.465496e+02
3.360000e-06	5.072954e-09	2.119609e-09	2.298950e+01	2.446915e+02
3.370000e-06	5.037208e-09	2.106365e-09	2.282751e+01	2.428036e+02
3.380000e-06	5.000710e-09	2.088003e-09	2.266211e+01	2.408861e+02
3.390000e-06	4.963253e-09	2.073312e-09	2.249236e+01	2.389394e+02
3.400000e-06	4.924918e-09	2.068856e-09	2.231863e+01	2.369637e+02
3.410000e-06	4.885964e-09	2.043949e-09	2.214210e+01	2.349591e+02
3.420000e-06	4.846582e-09	2.023662e-09	2.196363e+01	2.329259e+02
3.430000e-06	4.806762e-09	2.006289e-09	2.178318e+01	2.308645e+02
3.440000e-06	4.766377e-09	1.979231e-09	2.160016e+01	2.287750e+02
3.450000e-06	4.725412e-09	1.971777e-09	2.141452e+01	2.266576e+02
3.460000e-06	4.683916e-09	1.954554e-09	2.122646e+01	2.245127e+02
3.470000e-06	4.641899e-09	1.936804e-09	2.103605e+01	2.223405e+02
3.480000e-06	4.599371e-09	1.920716e-09	2.084333e+01	2.201413e+02
3.490000e-06	4.556373e-09	1.895485e-09	2.064847e+01	2.179153e+02
3.500000e-06	4.512972e-09	1.874780e-09	2.045179e+01	2.156629e+02
3.510000e-06	4.469121e-09	1.853391e-09	2.025306e+01	2.133842e+02
3.520000e-06	4.424718e-09	1.832230e-09	2.005184e+01	2.110796e+02
3.530000e-06	4.379715e-09	1.817853e-09	1.984789e+01	2.087493e+02
3.540000e-06	4.334128e-09	1.801462e-09	1.964130e+01	2.063936e+02
3.550000e-06	4.288070e-09	1.787109e-09	1.943258e+01	2.040129e+02
3.560000e-06	4.241591e-09	1.764375e-09	1.922194e+01	2.016073e+02
3.570000e-06	4.194626e-09	1.742950e-09	1.900911e+01	1.991773e+02
3.580000e-06	4.147077e-09	1.720336e-09	1.879363e+01	1.967230e+02
3.590000e-06	4.098871e-09	1.697731e-09	1.857517e+01	1.942448e+02
3.600000e-06	4.050081e-09	1.680080e-09	1.835407e+01	1.917430e+02
3.610000e-06	4.000823e-09	1.659533e-09	1.813084e+01	1.892179e+02
3.620000e-06	3.951111e-09	1.640251e-09	1.790555e+01	1.866698e+02
3.630000e-06	3.900884e-09	1.621373e-09	1.767794e+01	1.840990e+02
3.640000e-06	3.850146e-09	1.602539e-09	1.744800e+01	1.815059e+02
3.650000e-06	3.798962e-09	1.583351e-09	1.721605e+01	1.788906e+02
3.660000e-06	3.747316e-09	1.556549e-09	1.698200e+01	1.762537e+02
3.670000e-06	3.695094e-09	1.530140e-09	1.674534e+01	1.735953e+02
3.680000e-06	3.642150e-09	1.506442e-09	1.650541e+01	1.709158e+02
3.690000e-06	3.588452e-09	1.484067e-09	1.626206e+01	1.682155e+02
3.700000e-06	3.534136e-09	1.461946e-09	1.601591e+01	1.654948e+02
3.710000e-06	3.479355e-09	1.437537e-09	1.576766e+01	1.627540e+02
3.720000e-06	3.424234e-09	1.415348e-09	1.551786e+01	1.599934e+02
3.730000e-06	3.368852e-09	1.392095e-09	1.526688e+01	1.572134e+02
3.740000e-06	3.313188e-09	1.367880e-09	1.501463e+01	1.544142e+02
3.750000e-06	3.257152e-09	1.339333e-09	1.476068e+01	1.515963e+02
3.760000e-06	3.200701e-09	1.310974e-09	1.450486e+01	1.487600e+02
3.770000e-06	3.143876e-09	1.285324e-09	1.424734e+01	1.459056e+02
3.780000e-06	3.086709e-09	1.262638e-09	1.398827e+01	1.430334e+02
3.790000e-06	3.029211e-09	1.240269e-09	1.372771e+01	1.401439e+02
3.800000e-06	2.971348e-09	1.214234e-09	1.346548e+01	1.372374e+02
3.810000e-06	2.913081e-09	1.185360e-09	1.320143e+01	1.343141e+02
3.820000e-06	2.854450e-09	1.158610e-09	1.293573e+01	1.313746e+02
3.830000e-06	2.795531e-09	1.132642e-09	1.266872e+01	1.284191e+02
3.840000e-06	2.736392e-09	1.107978e-09	1.240072e+01	1.254480e+02
3.850000e-06	2.677066e-09	1.081909e-09	1.213186e+01	1.224617e+02
3.860000e-06	2.617524e-09	1.056377e-09	1.186203e+01	1.194604e+02
3.870000e-06	2.557696e-09	1.032332e-09	1.159090e+01	1.164447e+02
3.880000e-06	2.497478e-09	1.008992e-09	1.131801e+01	1.134148e+02
3.890000e-06	2.436822e-09	9.826011e-10	1.104313e+01	1.103712e+02
3.900000e-06	2.375707e-09	9.536943e-10	1.076617e+01	1.073141e+02
3.910000e-06	2.314128e-09	9.250395e-10	1.048711e+01	1.042440e+02
3.920000e-06	2.252125e-09	8.989860e-10	1.020612e+01	1.011613e+02
3.930000e-06	2.189744e-09	8.759739e-10	9.923425e+00	9.806625e+01
3.940000e-06	2.127044e-09	8.525890e-10	9.639283e+00	9.495930e+01
3.950000e-06	2.064098e-09	8.253537e-10	9.354024e+00	9.184083e+01
3.960000e-06	2.000975e-09	7.962153e-10	9.067969e+00	8.871121e+01
3.970000e-06	1.937713e-09	7.685732e-10	8.781278e+00	8.557081e+01
3.980000e-06	1.874322e-09	7.427089e-10	8.494002e+00	8.242003e+01
3.990000e-06	1.810779e-09	7.165280e-10	8.206039e+00	7.925925e+01
4.000000e-06	1.747056e-09	6.881441e-10	7.917261e+00	7.608884e+01
4.010000e-06	1.683136e-09	6.603485e-10	7.627591e+00	7.290920e+01
4.020000e-06	1.619022e-09	6.345132e-10	7.337041e+00	6.972072e+01
4.030000e-06	1.554695e-09	6.108061e-10	7.045525e+00	6.652377e+01
4.040000e-06	1.490144e-09	5.861537e-10	6.752992e+00	6.331875e+01
4.050000e-06	1.425418e-09	5.592892e-10	6.459668e+00	6.010606e+01
4.060000e-06	1.360535e-09	5.315379e-10	6.165635e+00	5.688607e+01
4.070000e-06	1.295494e-09	5.055694e-10	5.870881e+00	5.365919e+01
4.080000e-06	1.230298e-09	4.797115e-10	5.575430e+00	5.042580e+01
4.090000e-06	1.164960e-09	4.519925e-10	5.279329e+00	4.718630e+01
4.100000e-06	1.099498e-09	4.219994e-10	4.982673e+00	4.394108e+01
4.110000e-06	1.033939e-09	3.920532e-10	4.685571e+00	4.069054e+01
4.120000e-06	9.682728e-10	3.634912e-10	4.387988e+00	3.743508e+01
4.130000e-06	9.024933e-10	3.374192e-10	4.089889e+00	3.417508e+01
4.140000e-06	8.366202e-10	3.108705e-10	3.791367e+00	3.091095e+01
4.150000e-06	7.706556e-10	2.828707e-10	3.492430e+00	2.764308e+01
4.160000e-06	7.046089e-10	2.543510e-10	3.193121e+00	2.437188e+01
4.170000e-06	6.384740e-10	2.264830e-10	2.893412e+00	2.109773e+01
4.180000e-06	5.722430e-10	1.981712e-10	2.593268e+00	1.782104e+01
4.190000e-06	5.059364e-10	1.690992e-10	2.292781e+00	1.454220e+01
4.200000e-06	4.395837e-10	1.390923e-10	1.992085e+00	1.126162e+01
4.210000e-06	3.731866e-10	1.101231e-10	1.691188e+00	7.979698e+00
4.220000e-06	3.067324e-10	8.338281e-11	1.390033e+00	4.696826e+00
4.230000e-06	2.402417e-10	5.533789e-11	1.088712e+00	1.413406e+00
4.240000e-06	1.737248e-10	2.556436e-11	7.872716e-01	-1.870161e+00
4.250000e-06	1.071823e-10	-3.626171e-12	4.857158e-01	-5.153477e+00
4.260000e-06	4.063397e-11	-3.166019e-11	1.841333e-01	-8.436141e+00
4.270000e-06	-2.592879e-11	-5.884793e-11	-1.175144e-01	-1.171775e+01
4.280000e-06	-9.248869e-11	-8.642442e-11	-4.191493e-01	-1.499792e+01
4.290000e-06	-1.590238e-10	-1.150864e-10	-7.206718e-01	-1.827623e+01
4.300000e-06	-2.255341e-10	-1.464861e-10	-1.022081e+00	-2.155230e+01
4.310000e-06	-2.920007e-10	-1.789996e-10	-1.323294e+00	-2.482571e+01
4.320000e-06	-3.584293e-10	-2.095349e-10	-1.624333e+00	-2.809609e+01
4.330000e-06	-4.248159e-10	-2.376565e-10	-1.925183e+00	-3.136302e+01
4.340000e-06	-4.911369e-10	-2.629306e-10	-2.225735e+00	-3.462611e+01
4.350000e-06	-5.573827e-10	-2.877280e-10	-2.525946e+00	-3.788496e+01
4.360000e-06	-6.235516e-10	-3.138257e-10	-2.825809e+00	-4.113918e+01
4.370000e-06	-6.896509e-10	-3.419659e-10	-3.125356e+00	-4.438837e+01
4.380000e-06	-7.556557e-10	-3.711805e-10	-3.424475e+00	-4.763213e+01
4.390000e-06	-8.215458e-10	-4.002189e-10	-3.723075e+00	-5.087007e+01
4.400000e-06	-8.873260e-10	-4.291453e-10	-4.021176e+00	-5.410180e+01
4.410000e-06	-9.529861e-10	-4.571447e-10	-4.318733e+00	-5.732692e+01
4.420000e-06	-1.018531e-09	-4.845187e-10	-4.615767e+00	-6.054504e+01
4.430000e-06	-1.083965e-09	-5.124057e-10	-4.912302e+00	-6.375577e+01
4.440000e-06	-1.149273e-09	-5.408972e-10	-5.208264e+00	-6.695872e+01
4.450000e-06	-1.214442e-09	-5.716202e-10	-5.503593e+00	-7.015350e+01
4.460000e-06	-1.279481e-09	-6.022769e-10	-5.798337e+00	-7.333971e+01
4.470000e-06	-1.344384e-09	-6.316851e-10	-6.092460e+00	-7.651698e+01
4.480000e-06	-1.409114e-09	-6.591128e-10	-6.385805e+00	-7.968491e+01
4.490000e-06	-1.473659e-09	-6.859346e-10	-6.678305e+00	-8.284313e+01
4.500000e-06	-1.538009e-09	-7.140889e-10	-6.969929e+00	-8.599123e+01
4.510000e-06	-1.602172e-09	-7.432904e-10	-7.260702e+00	-8.912885e+01
4.520000e-06	-1.666151e-09	-7.728445e-10	-7.550637e+00	-9.225560e+01
4.530000e-06	-1.729936e-09	-8.021306e-10	-7.839696e+00	-9.537110e+01
4.540000e-06	-1.793549e-09	-8.292377e-10	-8.127979e+00	-9.847498e+01
4.550000e-06	-1.857005e-09	-8.553597e-10	-8.415547e+00	-1.015668e+02
4.560000e-06	-1.920308e-09	-8.835787e-10	-8.702422e+00	-1.046463e+02
4.570000e-06	-1.983469e-09	-9.131364e-10	-8.988654e+00	-1.077130e+02
4.580000e-06	-2.046481e-09	-9.420301e-10	-9.274211e+00	-1.107666e+02
4.590000e-06	-2.109316e-09	-9.700903e-10	-9.558967e+00	-1.138067e+02
4.600000e-06	-2.171915e-09	-9.973512e-10	-9.842648e+00	-1.168330e+02
4.610000e-06	-2.234206e-09	-1.025727e-09	-1.012494e+01	-1.198449e+02
4.620000e-06	-2.296130e-09	-1.055537e-09	-1.040556e+01	-1.228423e+02
4.630000e-06	-2.357618e-09	-1.084122e-09	-1.068421e+01	-1.258247e+02
4.640000e-06	-2.418618e-09	-1.111203e-09	-1.096065e+01	-1.287918e+02
4.650000e-06	-2.479124e-09	-1.138522e-09	-1.123485e+01	-1.317431e+02
4.660000e-06	-2.539187e-09	-1.166373e-09	-1.150705e+01	-1.346785e+02
4.670000e-06	-2.598907e-09	-1.193563e-09	-1.177768e+01	-1.375974e+02
4.680000e-06	-2.658381e-09	-1.219227e-09	-1.204720e+01	-1.404995e+02
4.690000e-06	-2.717666e-09	-1.243713e-09	-1.231587e+01	-1.433845e+02
4.700000e-06	-2.776772e-09	-1.269052e-09	-1.258373e+01	-1.462521e+02
4.710000e-06	-2.835649e-09	-1.295456e-09	-1.285055e+01	-1.491018e+02
4.720000e-06	-2.894220e-09	-1.321230e-09	-1.311598e+01	-1.519333e+02
4.730000e-06	-2.952425e-09	-1.344657e-09	-1.337975e+01	-1.547464e+02
4.740000e-06	-3.010252e-09	-1.367791e-09	-1.364181e+01	-1.575406e+02
4.750000e-06	-3.067725e-09	-1.393027e-09	-1.390226e+01	-1.603156e+02
4.760000e-06	-3.124853e-09	-1.419683e-09	-1.416115e+01	-1.630711e+02
4.770000e-06	-3.181593e-09	-1.445498e-09	-1.441829e+01	-1.658067e+02
4.780000e-06	-3.237912e-09	-1.469124e-09	-1.467351e+01	-1.685221e+02
4.790000e-06	-3.293815e-09	-1.491709e-09	-1.492685e+01	-1.712169e+02
4.800000e-06	-3.349369e-09	-1.515049e-09	-1.517861e+01	-1.738909e+02
4.810000e-06	-3.404659e-09	-1.539302e-09	-1.542917e+01	-1.765438e+02
4.820000e-06	-3.459681e-09	-1.563786e-09	-1.567852e+01	-1.791751e+02
4.830000e-06	-3.514340e-09	-1.587012e-09	-1.592622e+01	-1.817846e+02
4.840000e-06	-3.568487e-09	-1.609034e-09	-1.617160e+01	-1.843720e+02
4.850000e-06	-3.621971e-09	-1.630767e-09	-1.641398e+01	-1.869369e+02
4.860000e-06	-3.674725e-09	-1.652657e-09	-1.665305e+01	-1.894790e+02
4.870000e-06	-3.726816e-09	-1.674455e-09	-1.688911e+01	-1.919980e+02
4.880000e-06	-3.778392e-09	-1.696149e-09	-1.712285e+01	-1.944937e+02
4.890000e-06	-3.829534e-09	-1.717760e-09	-1.735461e+01	-1.969657e+02
4.900000e-06	-3.880218e-09	-1.739480e-09	-1.758430e+01	-1.994136e+02
4.910000e-06	-3.930420e-09	-1.761142e-09	-1.781180e+01	-2.018373e+02
4.920000e-06	-3.980145e-09	-1.781429e-09	-1.803715e+01	-2.042364e+02
4.930000e-06	-4.029369e-09	-1.801079e-09	-1.826022e+01	-2.066107e+02
4.940000e-06	-4.077980e-09	-1.821416e-09	-1.848051e+01	-2.089597e+02
4.950000e-06	-4.125875e-09	-1.841890e-09	-1.869756e+01	-2.112834e+02
4.960000e-06	-4.173028e-09	-1.861120e-09	-1.891125e+01	-2.135812e+02
4.970000e-06	-4.219515e-09	-1.879119e-09	-1.912192e+01	-2.158531e+02
4.980000e-06	-4.265503e-09	-1.896598e-09	-1.933032e+01	-2.180987e+02
4.990000e-06	-4.311123e-09	-1.914314e-09	-1.953707e+01	-2.203177e+02
5.000000e-06	-4.356391e-09	-1.933218e-09	-1.974221e+01	-2.225099e+02
5.010000e-06	-4.401203e-09	-1.952925e-09	-1.994529e+01	-2.246750e+02
5.020000e-06	-4.445473e-09	-1.971639e-09	-2.014591e+01	-2.268127e+02
5.030000e-06	-4.489249e-09	-1.987685e-09	-2.034429e+01	-2.289228e+02
5.040000e-06	-4.532636e-09	-2.001996e-09	-2.054091e+01	-2.310051e+02
5.050000e-06	-4.575682e-09	-2.017175e-09	-2.073599e+01	-2.330592e+02
5.060000e-06	-4.618296e-09	-2.034119e-09	-2.092910e+01	-2.350849e+02
5.070000e-06	-4.660373e-09	-2.052896e-09	-2.111979e+01	-2.370819e+02
5.080000e-06	-4.701921e-09	-2.071657e-09	-2.130807e+01	-2.390502e+02
5.090000e-06	-4.742944e-09	-2.088967e-09	-2.149398e+01	-2.409893e+02
5.100000e-06	-4.783392e-09	-2.105446e-09	-2.167728e+01	-2.428990e+02
5.110000e-06	-4.823286e-09	-2.120630e-09	-2.185807e+01	-2.447792e+02
5.120000e-06	-4.862729e-09	-2.134332e-09	-2.203682e+01	-2.466295e+02
5.130000e-06	-4.901755e-09	-2.146832e-09	-2.221368e+01	-2.484499e+02
5.140000e-06	-4.940224e-09	-2.159547e-09	-2.238801e+01	-2.502399e+02
5.150000e-06	-4.977929e-09	-2.174284e-09	-2.255888e+01	-2.519995e+02
5.160000e-06	-5.014752e-09	-2.189572e-09	-2.272575e+01	-2.537285e+02
5.170000e-06	-5.050766e-09	-2.203810e-09	-2.288896e+01	-2.554265e+02
5.180000e-06	-5.086207e-09	-2.216662e-09	-2.304957e+01	-2.570934e+02
5.190000e-06	-5.121202e-09	-2.229271e-09	-2.320816e+01	-2.587290e+02
5.200000e-06	-5.155665e-09	-2.242951e-09	-2.336434e+01	-2.603331e+02
5.210000e-06	-5.189506e-09	-2.256422e-09	-2.351770e+01	-2.619055e+02
5.220000e-06	-5.222735e-09	-2.268037e-09	-2.366829e+01	-2.634460e+02
5.230000e-06	-5.255341e-09	-2.277732e-09	-2.381605e+01	-2.649544e+02
5.240000e-06	-5.287318e-09	-2.287314e-09	-2.396096e+01	-2.664306e+02
5.250000e-06	-5.318784e-09	-2.298808e-09	-2.410356e+01	-2.678743e+02
5.260000e-06	-5.349801e-09	-2.313768e-09	-2.424412e+01	-2.692854e+02
5.270000e-06	-5.380166e-09	-2.329892e-09	-2.438173e+01	-2.706637e+02
5.280000e-06	-5.409622e-09	-2.343773e-09	-2.451521e+01	-2.720090e+02
5.290000e-06	-5.438109e-09	-2.354955e-09	-2.464431e+01	-2.733213e+02
5.300000e-06	-5.465841e-09	-2.363802e-09	-2.476999e+01	-2.746002e+02
5.310000e-06	-5.493061e-09	-2.371066e-09	-2.489334e+01	-2.758457e+02
5.320000e-06	-5.519775e-09	-2.377306e-09	-2.501441e+01	-2.770577e+02
5.330000e-06	-5.545871e-09	-2.383936e-09	-2.513267e+01	-2.782358e+02
5.340000e-06	-5.571298e-09	-2.392423e-09	-2.524789e+01	-2.793801e+02
5.350000e-06	-5.596032e-09	-2.402988e-09	-2.535999e+01	-2.804904e+02
5.360000e-06	-5.620085e-09	-2.413474e-09	-2.546899e+01	-2.815666e+02
5.370000e-06	-5.643604e-09	-2.421497e-09	-2.557557e+01	-2.826084e+02
5.380000e-06	-5.666669e-09	-2.426807e-09	-2.568009e+01	-2.836159e+02
5.390000e-06	-5.689084e-09	-2.431796e-09	-2.578167e+01	-2.845888e+02
5.400000e-06	-5.710571e-09	-2.439235e-09	-2.587905e+01	-2.855270e+02
5.410000e-06	-5.731057e-09	-2.448284e-09	-2.597189e+01	-2.864305e+02
5.420000e-06	-5.750769e-09	-2.456463e-09	-2.606122e+01	-2.872991e+02
5.430000e-06	-5.769944e-09	-2.462809e-09	-2.614812e+01	-2.881327e+02
5.440000e-06	-5.788558e-09	-2.468084e-09	-2.623247e+01	-2.889313e+02
5.450000e-06	-5.806516e-09	-2.474082e-09	-2.631385e+01	-2.896946e+02
5.460000e-06	-5.823822e-09	-2.481009e-09	-2.639228e+01	-2.904227e+02
5.470000e-06	-5.840461e-09	-2.487562e-09	-2.646768e+01	-2.911154e+02
5.480000e-06	-5.856434e-09	-2.493019e-09	-2.654007e+01	-2.917727e+02
5.490000e-06	-5.871862e-09	-2.497270e-09	-2.660998e+01	-2.923945e+02
5.500000e-06	-5.886732e-09	-2.500721e-09	-2.667737e+01	-2.929806e+02
5.510000e-06	-5.900726e-09	-2.502906e-09	-2.674079e+01	-2.935311e+02
5.520000e-06	-5.913601e-09	-2.504092e-09	-2.679913e+01	-2.940458e+02
5.530000e-06	-5.925493e-09	-2.505190e-09	-2.685302e+01	-2.945248e+02
5.540000e-06	-5.936629e-09	-2.508602e-09	-2.690349e+01	-2.949679e+02
5.550000e-06	-5.947051e-09	-2.514832e-09	-2.695072e+01	-2.953750e+02
5.560000e-06	-5.956775e-09	-2.521939e-09	-2.699479e+01	-2.957462e+02
5.570000e-06	-5.965834e-09	-2.527281e-09	-2.703584e+01	-2.960814e+02
5.580000e-06	-5.974192e-09	-2.529273e-09	-2.707372e+01	-2.963805e+02
5.590000e-06	-5.981900e-09	-2.527962e-09	-2.710865e+01	-2.966436e+02
5.600000e-06	-5.989093e-09	-2.525777e-09	-2.714125e+01	-2.968705e+02
5.610000e-06	-5.995674e-09	-2.525569e-09	-2.717107e+01	-2.970613e+02
5.620000e-06	-6.001358e-09	-2.527379e-09	-2.719683e+01	-2.972159e+02
5.630000e-06	-6.006006e-09	-2.531203e-09	-2.721789e+01	-2.973343e+02
5.640000e-06	-6.009812e-09	-2.535555e-09	-2.723514e+01	-2.974165e+02
5.650000e-06	-6.013046e-09	-2.539415e-09	-2.724979e+01	-2.974625e+02
5.660000e-06	-6.015689e-09	-2.540945e-09	-2.726177e+01	-2.974723e+02
5.670000e-06	-6.017662e-09	-2.540299e-09	-2.727071e+01	-2.974459e+02
5.680000e-06	-6.018992e-09	-2.538284e-09	-2.727674e+01	-2.973832e+02
5.690000e-06	-6.019599e-09	-2.535750e-09	-2.727949e+01	-2.972844e+02
