# Temperatura_=_20.0
# Concentracion g/m^3_=_10000.0
# C_Vs_to_Am_M_A/Vsm_=_116720831517.84952
# pendiente_HvsI_1/m_=_3716.3
# ordenada_HvsI_A/m_=_1297.0
# frecuencia_Hz_=_198024.53400667125
# Promedio de 24 ciclos

Tiempo_(s)	Campo_(V.s)	Magnetizacion_(V.s)	Campo_(kA/m)	Magnetizacion_(A/m)
0.000000e+00	-7.039259e-09	-2.838476e-09	-3.102118e+01	-3.372347e+02
1.000000e-08	-7.038691e-09	-2.838344e-09	-3.101868e+01	-3.369676e+02
2.000000e-08	-7.037209e-09	-2.838204e-09	-3.101215e+01	-3.366482e+02
3.000000e-08	-7.034461e-09	-2.836805e-09	-3.100004e+01	-3.362767e+02
4.000000e-08	-7.030488e-09	-2.834046e-09	-3.098253e+01	-3.358532e+02
5.000000e-08	-7.025655e-09	-2.827655e-09	-3.096123e+01	-3.353777e+02
6.000000e-08	-7.019936e-09	-2.820876e-09	-3.093603e+01	-3.348502e+02
7.000000e-08	-7.013191e-09	-2.809194e-09	-3.090630e+01	-3.342709e+02
8.000000e-08	-7.005449e-09	-2.797161e-09	-3.087219e+01	-3.336399e+02
9.000000e-08	-6.996729e-09	-2.822969e-09	-3.083376e+01	-3.329572e+02
1.000000e-07	-6.986641e-09	-2.840737e-09	-3.078930e+01	-3.322229e+02
1.100000e-07	-6.974896e-09	-2.815619e-09	-3.073754e+01	-3.314372e+02
1.200000e-07	-6.961856e-09	-2.773011e-09	-3.068008e+01	-3.306002e+02
1.300000e-07	-6.947918e-09	-2.679033e-09	-3.061865e+01	-3.297120e+02
1.400000e-07	-6.933158e-09	-2.749234e-09	-3.055361e+01	-3.287728e+02
1.500000e-07	-6.917084e-09	-2.797145e-09	-3.048277e+01	-3.277827e+02
1.600000e-07	-6.899618e-09	-2.663135e-09	-3.040580e+01	-3.267418e+02
1.700000e-07	-6.881347e-09	-2.800435e-09	-3.032528e+01	-3.256503e+02
1.800000e-07	-6.862137e-09	-2.873072e-09	-3.024063e+01	-3.245084e+02
1.900000e-07	-6.841937e-09	-2.684835e-09	-3.015161e+01	-3.233163e+02
2.000000e-07	-6.821138e-09	-2.767889e-09	-3.005995e+01	-3.220741e+02
2.100000e-07	-6.799537e-09	-2.812135e-09	-2.996476e+01	-3.207821e+02
2.200000e-07	-6.776871e-09	-2.646522e-09	-2.986487e+01	-3.194404e+02
2.300000e-07	-6.753210e-09	-2.727843e-09	-2.976060e+01	-3.180492e+02
2.400000e-07	-6.728489e-09	-2.769558e-09	-2.965166e+01	-3.166088e+02
2.500000e-07	-6.702678e-09	-2.693654e-09	-2.953791e+01	-3.151194e+02
2.600000e-07	-6.675794e-09	-2.733507e-09	-2.941943e+01	-3.135812e+02
2.700000e-07	-6.647731e-09	-2.674680e-09	-2.929576e+01	-3.119944e+02
2.800000e-07	-6.618592e-09	-2.608395e-09	-2.916735e+01	-3.103594e+02
2.900000e-07	-6.588548e-09	-2.659734e-09	-2.903495e+01	-3.086763e+02
3.000000e-07	-6.557543e-09	-2.664906e-09	-2.889832e+01	-3.069454e+02
3.100000e-07	-6.525524e-09	-2.659740e-09	-2.875721e+01	-3.051669e+02
3.200000e-07	-6.492544e-09	-2.651991e-09	-2.861187e+01	-3.033413e+02
3.300000e-07	-6.458515e-09	-2.597581e-09	-2.846191e+01	-3.014686e+02
3.400000e-07	-6.423336e-09	-2.566534e-09	-2.830688e+01	-2.995493e+02
3.500000e-07	-6.387089e-09	-2.554896e-09	-2.814715e+01	-2.975836e+02
3.600000e-07	-6.349844e-09	-2.530722e-09	-2.798301e+01	-2.955719e+02
3.700000e-07	-6.311559e-09	-2.496570e-09	-2.781430e+01	-2.935144e+02
3.800000e-07	-6.272246e-09	-2.520897e-09	-2.764105e+01	-2.914114e+02
3.900000e-07	-6.232076e-09	-2.528217e-09	-2.746402e+01	-2.892633e+02
4.000000e-07	-6.191189e-09	-2.478572e-09	-2.728384e+01	-2.870705e+02
4.100000e-07	-6.149372e-09	-2.446704e-09	-2.709955e+01	-2.848332e+02
4.200000e-07	-6.106307e-09	-2.397472e-09	-2.690977e+01	-2.825518e+02
4.300000e-07	-6.062131e-09	-2.380600e-09	-2.671509e+01	-2.802266e+02
4.400000e-07	-6.017063e-09	-2.403645e-09	-2.651648e+01	-2.778581e+02
4.500000e-07	-5.971095e-09	-2.382649e-09	-2.631391e+01	-2.754465e+02
4.600000e-07	-5.924230e-09	-2.353596e-09	-2.610738e+01	-2.729923e+02
4.700000e-07	-5.876537e-09	-2.320172e-09	-2.589720e+01	-2.704959e+02
4.800000e-07	-5.828105e-09	-2.287908e-09	-2.568377e+01	-2.679575e+02
4.900000e-07	-5.778776e-09	-2.265653e-09	-2.546638e+01	-2.653777e+02
5.000000e-07	-5.728179e-09	-2.238547e-09	-2.524341e+01	-2.627568e+02
5.100000e-07	-5.676302e-09	-2.219256e-09	-2.501479e+01	-2.600952e+02
5.200000e-07	-5.623384e-09	-2.205026e-09	-2.478159e+01	-2.573933e+02
5.300000e-07	-5.569616e-09	-2.201480e-09	-2.454464e+01	-2.546516e+02
5.400000e-07	-5.515117e-09	-2.176214e-09	-2.430447e+01	-2.518705e+02
5.500000e-07	-5.459871e-09	-2.129049e-09	-2.406101e+01	-2.490503e+02
5.600000e-07	-5.403856e-09	-2.087112e-09	-2.381415e+01	-2.461917e+02
5.700000e-07	-5.347079e-09	-2.056983e-09	-2.356395e+01	-2.432948e+02
5.800000e-07	-5.289473e-09	-2.049598e-09	-2.331008e+01	-2.403604e+02
5.900000e-07	-5.230862e-09	-2.040150e-09	-2.305179e+01	-2.373887e+02
6.000000e-07	-5.171255e-09	-2.011677e-09	-2.278911e+01	-2.343802e+02
6.100000e-07	-5.110816e-09	-1.976566e-09	-2.252276e+01	-2.313355e+02
6.200000e-07	-5.049610e-09	-1.940332e-09	-2.225303e+01	-2.282550e+02
6.300000e-07	-4.987668e-09	-1.912174e-09	-2.198006e+01	-2.251391e+02
6.400000e-07	-4.925029e-09	-1.883181e-09	-2.170402e+01	-2.219883e+02
6.500000e-07	-4.861694e-09	-1.853056e-09	-2.142491e+01	-2.188032e+02
6.600000e-07	-4.797654e-09	-1.829021e-09	-2.114269e+01	-2.155842e+02
6.700000e-07	-4.732941e-09	-1.812370e-09	-2.085751e+01	-2.123319e+02
6.800000e-07	-4.667466e-09	-1.789820e-09	-2.056897e+01	-2.090466e+02
6.900000e-07	-4.601034e-09	-1.748936e-09	-2.027621e+01	-2.057290e+02
7.000000e-07	-4.533627e-09	-1.701143e-09	-1.997916e+01	-2.023795e+02
7.100000e-07	-4.465446e-09	-1.666451e-09	-1.967869e+01	-1.989988e+02
7.200000e-07	-4.396726e-09	-1.647960e-09	-1.937585e+01	-1.955871e+02
7.300000e-07	-4.327533e-09	-1.632865e-09	-1.907093e+01	-1.921453e+02
7.400000e-07	-4.257764e-09	-1.605006e-09	-1.876346e+01	-1.886736e+02
7.500000e-07	-4.187339e-09	-1.567603e-09	-1.845311e+01	-1.851728e+02
7.600000e-07	-4.116221e-09	-1.530343e-09	-1.813970e+01	-1.816433e+02
7.700000e-07	-4.044428e-09	-1.495810e-09	-1.782332e+01	-1.780856e+02
7.800000e-07	-3.972137e-09	-1.461877e-09	-1.750474e+01	-1.745004e+02
7.900000e-07	-3.899439e-09	-1.428620e-09	-1.718437e+01	-1.708882e+02
8.000000e-07	-3.826209e-09	-1.402060e-09	-1.686165e+01	-1.672495e+02
8.100000e-07	-3.752281e-09	-1.378701e-09	-1.653586e+01	-1.635849e+02
8.200000e-07	-3.677543e-09	-1.349106e-09	-1.620650e+01	-1.598950e+02
8.300000e-07	-3.602051e-09	-1.309364e-09	-1.587381e+01	-1.561804e+02
8.400000e-07	-3.525935e-09	-1.263976e-09	-1.553838e+01	-1.524415e+02
8.500000e-07	-3.449287e-09	-1.223683e-09	-1.520060e+01	-1.486791e+02
8.600000e-07	-3.372157e-09	-1.195298e-09	-1.486069e+01	-1.448936e+02
8.700000e-07	-3.294530e-09	-1.171289e-09	-1.451860e+01	-1.410857e+02
8.800000e-07	-3.216380e-09	-1.141531e-09	-1.417420e+01	-1.372559e+02
8.900000e-07	-3.137655e-09	-1.106428e-09	-1.382727e+01	-1.334050e+02
9.000000e-07	-3.058317e-09	-1.070451e-09	-1.347764e+01	-1.295333e+02
9.100000e-07	-2.978363e-09	-1.034502e-09	-1.312529e+01	-1.256416e+02
9.200000e-07	-2.897797e-09	-1.000681e-09	-1.277025e+01	-1.217304e+02
9.300000e-07	-2.816658e-09	-9.668380e-10	-1.241268e+01	-1.178004e+02
9.400000e-07	-2.735040e-09	-9.344539e-10	-1.205300e+01	-1.138522e+02
9.500000e-07	-2.653049e-09	-9.049034e-10	-1.169167e+01	-1.098863e+02
9.600000e-07	-2.570732e-09	-8.757638e-10	-1.132891e+01	-1.059034e+02
9.700000e-07	-2.488085e-09	-8.420387e-10	-1.096469e+01	-1.019041e+02
9.800000e-07	-2.405102e-09	-8.020519e-10	-1.059900e+01	-9.788904e+01
9.900000e-07	-2.321764e-09	-7.598972e-10	-1.023174e+01	-9.385882e+01
1.000000e-06	-2.238061e-09	-7.236011e-10	-9.862868e+00	-8.981406e+01
1.010000e-06	-2.154036e-09	-6.944984e-10	-9.492581e+00	-8.575539e+01
1.020000e-06	-2.069737e-09	-6.644611e-10	-9.121086e+00	-8.168345e+01
1.030000e-06	-1.985194e-09	-6.275566e-10	-8.748515e+00	-7.759886e+01
1.040000e-06	-1.900425e-09	-5.897387e-10	-8.374947e+00	-7.350225e+01
1.050000e-06	-1.815450e-09	-5.553570e-10	-8.000470e+00	-6.939426e+01
1.060000e-06	-1.730262e-09	-5.235308e-10	-7.625059e+00	-6.527553e+01
1.070000e-06	-1.644843e-09	-4.894493e-10	-7.248626e+00	-6.114669e+01
1.080000e-06	-1.559209e-09	-4.524805e-10	-6.871246e+00	-5.700838e+01
1.090000e-06	-1.473352e-09	-4.177280e-10	-6.492884e+00	-5.286124e+01
1.100000e-06	-1.387275e-09	-3.854337e-10	-6.113553e+00	-4.870592e+01
1.110000e-06	-1.301015e-09	-3.538979e-10	-5.733416e+00	-4.454305e+01
1.120000e-06	-1.214588e-09	-3.182839e-10	-5.352542e+00	-4.037328e+01
1.130000e-06	-1.127977e-09	-2.797956e-10	-4.970858e+00	-3.619726e+01
1.140000e-06	-1.041200e-09	-2.443663e-10	-4.588444e+00	-3.201564e+01
1.150000e-06	-9.543040e-10	-2.127128e-10	-4.205501e+00	-2.782906e+01
1.160000e-06	-8.672944e-10	-1.812712e-10	-3.822060e+00	-2.363816e+01
1.170000e-06	-7.801877e-10	-1.452334e-10	-3.438192e+00	-1.944361e+01
1.180000e-06	-6.929869e-10	-1.070013e-10	-3.053908e+00	-1.524604e+01
1.190000e-06	-6.056971e-10	-7.233738e-11	-2.669232e+00	-1.104611e+01
1.200000e-06	-5.183438e-10	-4.090549e-11	-2.284277e+00	-6.844464e+00
1.210000e-06	-4.309291e-10	-9.920267e-12	-1.899050e+00	-2.641759e+00
1.220000e-06	-3.434637e-10	2.438584e-11	-1.513601e+00	1.561358e+00
1.230000e-06	-2.559717e-10	6.021418e-11	-1.128034e+00	5.764236e+00
1.240000e-06	-1.684495e-10	9.342632e-11	-7.423336e-01	9.966223e+00
1.250000e-06	-8.090465e-11	1.257714e-10	-3.565338e-01	1.416667e+01
1.260000e-06	6.648635e-12	1.601919e-10	2.930335e-02	1.836493e+01
1.270000e-06	9.422437e-11	1.985942e-10	4.152393e-01	2.256034e+01
1.280000e-06	1.818032e-10	2.365271e-10	8.011887e-01	2.675227e+01
1.290000e-06	2.693704e-10	2.701374e-10	1.187087e+00	3.094005e+01
1.300000e-06	3.569144e-10	3.019974e-10	1.572883e+00	3.512305e+01
1.310000e-06	4.444270e-10	3.348695e-10	1.958541e+00	3.930061e+01
1.320000e-06	5.318969e-10	3.712500e-10	2.344011e+00	4.347209e+01
1.330000e-06	6.192927e-10	4.072083e-10	2.729154e+00	4.763685e+01
1.340000e-06	7.066060e-10	4.388672e-10	3.113933e+00	5.179423e+01
1.350000e-06	7.938416e-10	4.696001e-10	3.498370e+00	5.594359e+01
1.360000e-06	8.809883e-10	5.052768e-10	3.882416e+00	6.008430e+01
1.370000e-06	9.680055e-10	5.436167e-10	4.265890e+00	6.421571e+01
1.380000e-06	1.054884e-09	5.807170e-10	4.648751e+00	6.833718e+01
1.390000e-06	1.141609e-09	6.142503e-10	5.030940e+00	7.244807e+01
1.400000e-06	1.228157e-09	6.441043e-10	5.412347e+00	7.654774e+01
1.410000e-06	1.314509e-09	6.738711e-10	5.792890e+00	8.063557e+01
1.420000e-06	1.400652e-09	7.050750e-10	6.172511e+00	8.471092e+01
1.430000e-06	1.486551e-09	7.369347e-10	6.551057e+00	8.877316e+01
1.440000e-06	1.572212e-09	7.696387e-10	6.928556e+00	9.282165e+01
1.450000e-06	1.657644e-09	8.054754e-10	7.305046e+00	9.685578e+01
1.460000e-06	1.742830e-09	8.441674e-10	7.680450e+00	1.008749e+02
1.470000e-06	1.827797e-09	8.815245e-10	8.054890e+00	1.048784e+02
1.480000e-06	1.912542e-09	9.145900e-10	8.428353e+00	1.088657e+02
1.490000e-06	1.997056e-09	9.441801e-10	8.800794e+00	1.128362e+02
1.500000e-06	2.081324e-09	9.724347e-10	9.172153e+00	1.167891e+02
1.510000e-06	2.165319e-09	1.001550e-09	9.542310e+00	1.207240e+02
1.520000e-06	2.248988e-09	1.032720e-09	9.911030e+00	1.246402e+02
1.530000e-06	2.332288e-09	1.064266e-09	1.027812e+01	1.285371e+02
1.540000e-06	2.415204e-09	1.096635e-09	1.064353e+01	1.324141e+02
1.550000e-06	2.497708e-09	1.129859e-09	1.100711e+01	1.362707e+02
1.560000e-06	2.579828e-09	1.162558e-09	1.136900e+01	1.401061e+02
1.570000e-06	2.661606e-09	1.195467e-09	1.172939e+01	1.439198e+02
1.580000e-06	2.743011e-09	1.226077e-09	1.208813e+01	1.477113e+02
1.590000e-06	2.823997e-09	1.253172e-09	1.244503e+01	1.514799e+02
1.600000e-06	2.904506e-09	1.280219e-09	1.279982e+01	1.552250e+02
1.610000e-06	2.984489e-09	1.310093e-09	1.315230e+01	1.589461e+02
1.620000e-06	3.063935e-09	1.342070e-09	1.350241e+01	1.626426e+02
1.630000e-06	3.142858e-09	1.372658e-09	1.385021e+01	1.663139e+02
1.640000e-06	3.221286e-09	1.401005e-09	1.419583e+01	1.699595e+02
1.650000e-06	3.299232e-09	1.429598e-09	1.453933e+01	1.735788e+02
1.660000e-06	3.376688e-09	1.459880e-09	1.488067e+01	1.771712e+02
1.670000e-06	3.453663e-09	1.491304e-09	1.521989e+01	1.807362e+02
1.680000e-06	3.530152e-09	1.520595e-09	1.555697e+01	1.842732e+02
1.690000e-06	3.606054e-09	1.547977e-09	1.589146e+01	1.877817e+02
1.700000e-06	3.681250e-09	1.575607e-09	1.622284e+01	1.912611e+02
1.710000e-06	3.755655e-09	1.604580e-09	1.655073e+01	1.947109e+02
1.720000e-06	3.829289e-09	1.633524e-09	1.687523e+01	1.981305e+02
1.730000e-06	3.902284e-09	1.662261e-09	1.719691e+01	2.015195e+02
1.740000e-06	3.974729e-09	1.690525e-09	1.751617e+01	2.048773e+02
1.750000e-06	4.046643e-09	1.718609e-09	1.783308e+01	2.082034e+02
1.760000e-06	4.117978e-09	1.748320e-09	1.814745e+01	2.114972e+02
1.770000e-06	4.188680e-09	1.778055e-09	1.845902e+01	2.147583e+02
1.780000e-06	4.258717e-09	1.805072e-09	1.876767e+01	2.179862e+02
1.790000e-06	4.328116e-09	1.830125e-09	1.907350e+01	2.211803e+02
1.800000e-06	4.396947e-09	1.856603e-09	1.937683e+01	2.243402e+02
1.810000e-06	4.465240e-09	1.884055e-09	1.967779e+01	2.274653e+02
1.820000e-06	4.532834e-09	1.911394e-09	1.997567e+01	2.305553e+02
1.830000e-06	4.599497e-09	1.937376e-09	2.026945e+01	2.336095e+02
1.840000e-06	4.665194e-09	1.962363e-09	2.055896e+01	2.366276e+02
1.850000e-06	4.730115e-09	1.988508e-09	2.084506e+01	2.396091e+02
1.860000e-06	4.794432e-09	2.015296e-09	2.112850e+01	2.425534e+02
1.870000e-06	4.858107e-09	2.041264e-09	2.140911e+01	2.454602e+02
1.880000e-06	4.921066e-09	2.064692e-09	2.168656e+01	2.483290e+02
1.890000e-06	4.983302e-09	2.087247e-09	2.196083e+01	2.511594e+02
1.900000e-06	5.044845e-09	2.112004e-09	2.223204e+01	2.539509e+02
1.910000e-06	5.105766e-09	2.138586e-09	2.250051e+01	2.567031e+02
1.920000e-06	5.166079e-09	2.163136e-09	2.276630e+01	2.594155e+02
1.930000e-06	5.225561e-09	2.184089e-09	2.302844e+01	2.620878e+02
1.940000e-06	5.283955e-09	2.204851e-09	2.328577e+01	2.647195e+02
1.950000e-06	5.341310e-09	2.227988e-09	2.353853e+01	2.673102e+02
1.960000e-06	5.397878e-09	2.253304e-09	2.378782e+01	2.698596e+02
1.970000e-06	5.453764e-09	2.277213e-09	2.403410e+01	2.723672e+02
1.980000e-06	5.508894e-09	2.297807e-09	2.427705e+01	2.748326e+02
1.990000e-06	5.563220e-09	2.317787e-09	2.451646e+01	2.772554e+02
2.000000e-06	5.616707e-09	2.339402e-09	2.475217e+01	2.796354e+02
2.010000e-06	5.669290e-09	2.362072e-09	2.498390e+01	2.819720e+02
2.020000e-06	5.720819e-09	2.383043e-09	2.521098e+01	2.842650e+02
2.030000e-06	5.771144e-09	2.402840e-09	2.543276e+01	2.865140e+02
2.040000e-06	5.820362e-09	2.423154e-09	2.564965e+01	2.887187e+02
2.050000e-06	5.868695e-09	2.444545e-09	2.586265e+01	2.908786e+02
2.060000e-06	5.916209e-09	2.466234e-09	2.607204e+01	2.929935e+02
2.070000e-06	5.962895e-09	2.485915e-09	2.627778e+01	2.950631e+02
2.080000e-06	6.008721e-09	2.503696e-09	2.647973e+01	2.970870e+02
2.090000e-06	6.053734e-09	2.521661e-09	2.667809e+01	2.990649e+02
2.100000e-06	6.098032e-09	2.541166e-09	2.687331e+01	3.009964e+02
2.110000e-06	6.141367e-09	2.560663e-09	2.706428e+01	3.028814e+02
2.120000e-06	6.183435e-09	2.578478e-09	2.724967e+01	3.047196e+02
2.130000e-06	6.224384e-09	2.593807e-09	2.743013e+01	3.065105e+02
2.140000e-06	6.264444e-09	2.609870e-09	2.760667e+01	3.082540e+02
2.150000e-06	6.303620e-09	2.628331e-09	2.777931e+01	3.099498e+02
2.160000e-06	6.341872e-09	2.646239e-09	2.794788e+01	3.115975e+02
2.170000e-06	6.379222e-09	2.662455e-09	2.811248e+01	3.131971e+02
2.180000e-06	6.415759e-09	2.678530e-09	2.827349e+01	3.147482e+02
2.190000e-06	6.451377e-09	2.696147e-09	2.843046e+01	3.162505e+02
2.200000e-06	6.485753e-09	2.714084e-09	2.858195e+01	3.177039e+02
2.210000e-06	6.518910e-09	2.728149e-09	2.872807e+01	3.191081e+02
2.220000e-06	6.551111e-09	2.737905e-09	2.886998e+01	3.204629e+02
2.230000e-06	6.582408e-09	2.748018e-09	2.900790e+01	3.217681e+02
2.240000e-06	6.612777e-09	2.762032e-09	2.914173e+01	3.230235e+02
2.250000e-06	6.642233e-09	2.778298e-09	2.927154e+01	3.242288e+02
2.260000e-06	6.670846e-09	2.792379e-09	2.939764e+01	3.253840e+02
2.270000e-06	6.698532e-09	2.804114e-09	2.951964e+01	3.264888e+02
2.280000e-06	6.724944e-09	2.815418e-09	2.963604e+01	3.275431e+02
2.290000e-06	6.750060e-09	2.826540e-09	2.974672e+01	3.285466e+02
2.300000e-06	6.774135e-09	2.836108e-09	2.985282e+01	3.294994e+02
2.310000e-06	6.797249e-09	2.844213e-09	2.995468e+01	3.304010e+02
2.320000e-06	6.819385e-09	2.853849e-09	3.005223e+01	3.312516e+02
2.330000e-06	6.840614e-09	2.866033e-09	3.014578e+01	3.320508e+02
2.340000e-06	6.861059e-09	2.879529e-09	3.023588e+01	3.327987e+02
2.350000e-06	6.880603e-09	2.891694e-09	3.032201e+01	3.334950e+02
2.360000e-06	6.899074e-09	2.900754e-09	3.040341e+01	3.341398e+02
2.370000e-06	6.916492e-09	2.907712e-09	3.048017e+01	3.347327e+02
2.380000e-06	6.932771e-09	2.915395e-09	3.055191e+01	3.352739e+02
2.390000e-06	6.947837e-09	2.924193e-09	3.061830e+01	3.357632e+02
2.400000e-06	6.961772e-09	2.931648e-09	3.067971e+01	3.362005e+02
2.410000e-06	6.974657e-09	2.937318e-09	3.073649e+01	3.365857e+02
2.420000e-06	6.986350e-09	2.941344e-09	3.078802e+01	3.369188e+02
2.430000e-06	6.996620e-09	2.945036e-09	3.083328e+01	3.371998e+02
2.440000e-06	7.005641e-09	2.950122e-09	3.087303e+01	3.374286e+02
2.450000e-06	7.013670e-09	2.956803e-09	3.090842e+01	3.376051e+02
2.460000e-06	7.020686e-09	2.963140e-09	3.093933e+01	3.377294e+02
2.470000e-06	7.026648e-09	2.969150e-09	3.096561e+01	3.378014e+02
2.480000e-06	7.031666e-09	2.974510e-09	3.098772e+01	3.378211e+02
2.490000e-06	7.035771e-09	2.976878e-09	3.100581e+01	3.377885e+02
2.500000e-06	7.038647e-09	2.977604e-09	3.101849e+01	3.377036e+02
2.510000e-06	7.040174e-09	2.979230e-09	3.102522e+01	3.375665e+02
2.520000e-06	7.040640e-09	2.980345e-09	3.102727e+01	3.373770e+02
2.530000e-06	7.040139e-09	2.981543e-09	3.102506e+01	3.371354e+02
2.540000e-06	7.038649e-09	2.982524e-09	3.101850e+01	3.368415e+02
2.550000e-06	7.036229e-09	2.984317e-09	3.100783e+01	3.364955e+02
2.560000e-06	7.032979e-09	2.983211e-09	3.099351e+01	3.360975e+02
2.570000e-06	7.028825e-09	2.981328e-09	3.097520e+01	3.356474e+02
2.580000e-06	7.023430e-09	2.981433e-09	3.095143e+01	3.351453e+02
2.590000e-06	7.016822e-09	2.990661e-09	3.092231e+01	3.345913e+02
2.600000e-06	7.009340e-09	3.003835e-09	3.088934e+01	3.339856e+02
2.610000e-06	7.001007e-09	2.944944e-09	3.085261e+01	3.333281e+02
2.620000e-06	6.991486e-09	2.897873e-09	3.081065e+01	3.326191e+02
2.630000e-06	6.980250e-09	2.903962e-09	3.076114e+01	3.318585e+02
2.640000e-06	6.967055e-09	2.971746e-09	3.070299e+01	3.310466e+02
2.650000e-06	6.952560e-09	3.027865e-09	3.063911e+01	3.301834e+02
2.660000e-06	6.937612e-09	2.895942e-09	3.057324e+01	3.292692e+02
2.670000e-06	6.922140e-09	2.932138e-09	3.050506e+01	3.283039e+02
2.680000e-06	6.905668e-09	3.000559e-09	3.043246e+01	3.272878e+02
2.690000e-06	6.888398e-09	2.800199e-09	3.035636e+01	3.262211e+02
2.700000e-06	6.870436e-09	2.854256e-09	3.027720e+01	3.251038e+02
2.710000e-06	6.851276e-09	2.975750e-09	3.019276e+01	3.239362e+02
2.720000e-06	6.831041e-09	2.722267e-09	3.010359e+01	3.227185e+02
2.730000e-06	6.809840e-09	2.703243e-09	3.001016e+01	3.214508e+02
2.740000e-06	6.787326e-09	2.794283e-09	2.991095e+01	3.201334e+02
2.750000e-06	6.763822e-09	2.586456e-09	2.980737e+01	3.187664e+02
2.760000e-06	6.739464e-09	2.621552e-09	2.970002e+01	3.173500e+02
2.770000e-06	6.713809e-09	2.656971e-09	2.958697e+01	3.158846e+02
2.780000e-06	6.687055e-09	2.531072e-09	2.946906e+01	3.143702e+02
2.790000e-06	6.659501e-09	2.678498e-09	2.934763e+01	3.128071e+02
2.800000e-06	6.630834e-09	2.663177e-09	2.922130e+01	3.111957e+02
2.810000e-06	6.600912e-09	2.548550e-09	2.908944e+01	3.095360e+02
2.820000e-06	6.569876e-09	2.598908e-09	2.895267e+01	3.078285e+02
2.830000e-06	6.537893e-09	2.481300e-09	2.881172e+01	3.060732e+02
2.840000e-06	6.505007e-09	2.489217e-09	2.866680e+01	3.042706e+02
2.850000e-06	6.471019e-09	2.560524e-09	2.851702e+01	3.024209e+02
2.860000e-06	6.436080e-09	2.504755e-09	2.836304e+01	3.005244e+02
2.870000e-06	6.400344e-09	2.532182e-09	2.820556e+01	2.985814e+02
2.880000e-06	6.363461e-09	2.492552e-09	2.804302e+01	2.965921e+02
2.890000e-06	6.325302e-09	2.475594e-09	2.787486e+01	2.945569e+02
2.900000e-06	6.286118e-09	2.449454e-09	2.770218e+01	2.924762e+02
2.910000e-06	6.246113e-09	2.386185e-09	2.752588e+01	2.903501e+02
2.920000e-06	6.205202e-09	2.433594e-09	2.734559e+01	2.881791e+02
2.930000e-06	6.163303e-09	2.399374e-09	2.716095e+01	2.859635e+02
2.940000e-06	6.120592e-09	2.424108e-09	2.697272e+01	2.837036e+02
2.950000e-06	6.077154e-09	2.414561e-09	2.678130e+01	2.813998e+02
2.960000e-06	6.032919e-09	2.318916e-09	2.658636e+01	2.790524e+02
2.970000e-06	5.987715e-09	2.331531e-09	2.638715e+01	2.766619e+02
2.980000e-06	5.941598e-09	2.282393e-09	2.618392e+01	2.742285e+02
2.990000e-06	5.894714e-09	2.296436e-09	2.597731e+01	2.717526e+02
3.000000e-06	5.846800e-09	2.318747e-09	2.576616e+01	2.692347e+02
3.010000e-06	5.797819e-09	2.268482e-09	2.555031e+01	2.666751e+02
3.020000e-06	5.747906e-09	2.270313e-09	2.533034e+01	2.640743e+02
3.030000e-06	5.697107e-09	2.214669e-09	2.510648e+01	2.614325e+02
3.040000e-06	5.645431e-09	2.189443e-09	2.487875e+01	2.587503e+02
3.050000e-06	5.592638e-09	2.161656e-09	2.464609e+01	2.560280e+02
3.060000e-06	5.538681e-09	2.136597e-09	2.440831e+01	2.532661e+02
3.070000e-06	5.483787e-09	2.154222e-09	2.416640e+01	2.504650e+02
3.080000e-06	5.428135e-09	2.134939e-09	2.392115e+01	2.476251e+02
3.090000e-06	5.371717e-09	2.130040e-09	2.367252e+01	2.447468e+02
3.100000e-06	5.314475e-09	2.076767e-09	2.342026e+01	2.418307e+02
3.110000e-06	5.256486e-09	2.027522e-09	2.316471e+01	2.388772e+02
3.120000e-06	5.197799e-09	2.008792e-09	2.290609e+01	2.358866e+02
3.130000e-06	5.138457e-09	1.988321e-09	2.264457e+01	2.328596e+02
3.140000e-06	5.078282e-09	1.993670e-09	2.237939e+01	2.297965e+02
3.150000e-06	5.017022e-09	1.971463e-09	2.210942e+01	2.266978e+02
3.160000e-06	4.954746e-09	1.944950e-09	2.183498e+01	2.235641e+02
3.170000e-06	4.891669e-09	1.915833e-09	2.155701e+01	2.203957e+02
3.180000e-06	4.827950e-09	1.877462e-09	2.127620e+01	2.171932e+02
3.190000e-06	4.763530e-09	1.845582e-09	2.099231e+01	2.139571e+02
3.200000e-06	4.698351e-09	1.811652e-09	2.070508e+01	2.106879e+02
3.210000e-06	4.632456e-09	1.795141e-09	2.041468e+01	2.073860e+02
3.220000e-06	4.565891e-09	1.783519e-09	2.012134e+01	2.040521e+02
3.230000e-06	4.498723e-09	1.761566e-09	1.982534e+01	2.006865e+02
3.240000e-06	4.430927e-09	1.726054e-09	1.952657e+01	1.972899e+02
3.250000e-06	4.362385e-09	1.681668e-09	1.922451e+01	1.938628e+02
3.260000e-06	4.292871e-09	1.648218e-09	1.891817e+01	1.904056e+02
3.270000e-06	4.222443e-09	1.627734e-09	1.860781e+01	1.869190e+02
3.280000e-06	4.151401e-09	1.609079e-09	1.829473e+01	1.834034e+02
3.290000e-06	4.079868e-09	1.587085e-09	1.797949e+01	1.798594e+02
3.300000e-06	4.007855e-09	1.553703e-09	1.766214e+01	1.762876e+02
3.310000e-06	3.935274e-09	1.521791e-09	1.734228e+01	1.726885e+02
3.320000e-06	3.862067e-09	1.487916e-09	1.701967e+01	1.690627e+02
3.330000e-06	3.788249e-09	1.453353e-09	1.669436e+01	1.654107e+02
3.340000e-06	3.713827e-09	1.423716e-09	1.636639e+01	1.617331e+02
3.350000e-06	3.638874e-09	1.395426e-09	1.603608e+01	1.580305e+02
3.360000e-06	3.563400e-09	1.374983e-09	1.570348e+01	1.543034e+02
3.370000e-06	3.487354e-09	1.349453e-09	1.536836e+01	1.505524e+02
3.380000e-06	3.410615e-09	1.315235e-09	1.503018e+01	1.467781e+02
3.390000e-06	3.333084e-09	1.274089e-09	1.468851e+01	1.429811e+02
3.400000e-06	3.254863e-09	1.234951e-09	1.434380e+01	1.391619e+02
3.410000e-06	3.176079e-09	1.205875e-09	1.399660e+01	1.353213e+02
3.420000e-06	3.096903e-09	1.181023e-09	1.364768e+01	1.314596e+02
3.430000e-06	3.017422e-09	1.153744e-09	1.329742e+01	1.275776e+02
3.440000e-06	2.937572e-09	1.118839e-09	1.294553e+01	1.236759e+02
3.450000e-06	2.857281e-09	1.083271e-09	1.259170e+01	1.197550e+02
3.460000e-06	2.776489e-09	1.048644e-09	1.223566e+01	1.158156e+02
3.470000e-06	2.695210e-09	1.011961e-09	1.187747e+01	1.118583e+02
3.480000e-06	2.613517e-09	9.753667e-10	1.151746e+01	1.078836e+02
3.490000e-06	2.531481e-09	9.414980e-10	1.115594e+01	1.038922e+02
3.500000e-06	2.449108e-09	9.126019e-10	1.079293e+01	9.988480e+01
3.510000e-06	2.366422e-09	8.833960e-10	1.042854e+01	9.586190e+01
3.520000e-06	2.283490e-09	8.490991e-10	1.006307e+01	9.182416e+01
3.530000e-06	2.200301e-09	8.088622e-10	9.696462e+00	8.777220e+01
3.540000e-06	2.116830e-09	7.668023e-10	9.328615e+00	8.370666e+01
3.550000e-06	2.033018e-09	7.299069e-10	8.959265e+00	7.962816e+01
3.560000e-06	1.948808e-09	6.978624e-10	8.588162e+00	7.553734e+01
3.570000e-06	1.864233e-09	6.641495e-10	8.215451e+00	7.143482e+01
3.580000e-06	1.779332e-09	6.269195e-10	7.841305e+00	6.732125e+01
3.590000e-06	1.694001e-09	5.880271e-10	7.465261e+00	6.319726e+01
3.600000e-06	1.608195e-09	5.493433e-10	7.087126e+00	5.906349e+01
3.610000e-06	1.522043e-09	5.100693e-10	6.707464e+00	5.492057e+01
3.620000e-06	1.435646e-09	4.705171e-10	6.326719e+00	5.076915e+01
3.630000e-06	1.349054e-09	4.299780e-10	5.945120e+00	4.660988e+01
3.640000e-06	1.262294e-09	3.920654e-10	5.562780e+00	4.244339e+01
3.650000e-06	1.175366e-09	3.566006e-10	5.179697e+00	3.827033e+01
3.660000e-06	1.088285e-09	3.206594e-10	4.795941e+00	3.409136e+01
3.670000e-06	1.001090e-09	2.818933e-10	4.411681e+00	2.990710e+01
3.680000e-06	9.138089e-10	2.406464e-10	4.027045e+00	2.571822e+01
3.690000e-06	8.264521e-10	2.019413e-10	3.642074e+00	2.152535e+01
3.700000e-06	7.390038e-10	1.672566e-10	3.256700e+00	1.732916e+01
3.710000e-06	6.514711e-10	1.330005e-10	2.870953e+00	1.313029e+01
3.720000e-06	5.638870e-10	9.562440e-11	2.484980e+00	8.929384e+00
3.730000e-06	4.762801e-10	5.580998e-11	2.098907e+00	4.727099e+00
3.740000e-06	3.886254e-10	1.608736e-11	1.712623e+00	5.240845e-01
3.750000e-06	3.009111e-10	-2.121873e-11	1.326076e+00	-3.679009e+00
3.760000e-06	2.131579e-10	-5.859987e-11	9.393576e-01	-7.881531e+00
3.770000e-06	1.253893e-10	-9.861828e-11	5.525715e-01	-1.208283e+01
3.780000e-06	3.762018e-11	-1.397588e-10	1.657834e-01	-1.628226e+01
3.790000e-06	-5.014955e-11	-1.771514e-10	-2.210077e-01	-2.047916e+01
3.800000e-06	-1.379330e-10	-2.113594e-10	-6.078589e-01	-2.467289e+01
3.810000e-06	-2.257193e-10	-2.478634e-10	-9.947233e-01	-2.886281e+01
3.820000e-06	-3.134821e-10	-2.900808e-10	-1.381484e+00	-3.304825e+01
3.830000e-06	-4.012174e-10	-3.339068e-10	-1.768123e+00	-3.722857e+01
3.840000e-06	-4.889188e-10	-3.727724e-10	-2.154613e+00	-4.140312e+01
3.850000e-06	-5.765741e-10	-4.073257e-10	-2.540899e+00	-4.557127e+01
3.860000e-06	-6.641766e-10	-4.437793e-10	-2.926953e+00	-4.973236e+01
3.870000e-06	-7.517093e-10	-4.842237e-10	-3.312700e+00	-5.388574e+01
3.880000e-06	-8.391690e-10	-5.251706e-10	-3.698124e+00	-5.803078e+01
3.890000e-06	-9.265444e-10	-5.630342e-10	-4.083178e+00	-6.216684e+01
3.900000e-06	-1.013807e-09	-5.984261e-10	-4.467735e+00	-6.629327e+01
3.910000e-06	-1.100947e-09	-6.357175e-10	-4.851752e+00	-7.040943e+01
3.920000e-06	-1.187947e-09	-6.763072e-10	-5.235148e+00	-7.451470e+01
3.930000e-06	-1.274776e-09	-7.160984e-10	-5.617794e+00	-7.860842e+01
3.940000e-06	-1.361417e-09	-7.495114e-10	-5.999610e+00	-8.268997e+01
3.950000e-06	-1.447830e-09	-7.823623e-10	-6.380421e+00	-8.675872e+01
3.960000e-06	-1.533960e-09	-8.195417e-10	-6.759988e+00	-9.081404e+01
3.970000e-06	-1.619809e-09	-8.592041e-10	-7.138313e+00	-9.485530e+01
3.980000e-06	-1.705327e-09	-8.975392e-10	-7.515182e+00	-9.888186e+01
3.990000e-06	-1.790445e-09	-9.296104e-10	-7.890284e+00	-1.028931e+02
4.000000e-06	-1.875104e-09	-9.615504e-10	-8.263365e+00	-1.068884e+02
4.010000e-06	-1.959328e-09	-9.992314e-10	-8.634532e+00	-1.108672e+02
4.020000e-06	-2.043205e-09	-1.039040e-09	-9.004170e+00	-1.148288e+02
4.030000e-06	-2.126766e-09	-1.074978e-09	-9.372410e+00	-1.187727e+02
4.040000e-06	-2.210049e-09	-1.105338e-09	-9.739428e+00	-1.226981e+02
4.050000e-06	-2.293038e-09	-1.136706e-09	-1.010516e+01	-1.266046e+02
4.060000e-06	-2.375701e-09	-1.174112e-09	-1.046944e+01	-1.304914e+02
4.070000e-06	-2.458038e-09	-1.213592e-09	-1.083229e+01	-1.343580e+02
4.080000e-06	-2.540045e-09	-1.248861e-09	-1.119368e+01	-1.382039e+02
4.090000e-06	-2.621714e-09	-1.279690e-09	-1.155359e+01	-1.420283e+02
4.100000e-06	-2.703002e-09	-1.310918e-09	-1.191182e+01	-1.458308e+02
4.110000e-06	-2.783859e-09	-1.344327e-09	-1.226815e+01	-1.496106e+02
4.120000e-06	-2.864319e-09	-1.378558e-09	-1.262272e+01	-1.533673e+02
4.130000e-06	-2.944415e-09	-1.409574e-09	-1.297569e+01	-1.571003e+02
4.140000e-06	-3.024136e-09	-1.439803e-09	-1.332702e+01	-1.608089e+02
4.150000e-06	-3.103492e-09	-1.472450e-09	-1.367673e+01	-1.644927e+02
4.160000e-06	-3.182460e-09	-1.507548e-09	-1.402473e+01	-1.681510e+02
4.170000e-06	-3.260941e-09	-1.540874e-09	-1.437059e+01	-1.717832e+02
4.180000e-06	-3.338814e-09	-1.569438e-09	-1.471376e+01	-1.753888e+02
4.190000e-06	-3.415962e-09	-1.595736e-09	-1.505375e+01	-1.789673e+02
4.200000e-06	-3.492384e-09	-1.625253e-09	-1.539053e+01	-1.825181e+02
4.210000e-06	-3.568139e-09	-1.658590e-09	-1.572437e+01	-1.860406e+02
4.220000e-06	-3.643295e-09	-1.691854e-09	-1.605558e+01	-1.895344e+02
4.230000e-06	-3.717887e-09	-1.722446e-09	-1.638430e+01	-1.929987e+02
4.240000e-06	-3.791913e-09	-1.751449e-09	-1.671052e+01	-1.964332e+02
4.250000e-06	-3.865389e-09	-1.781649e-09	-1.703432e+01	-1.998373e+02
4.260000e-06	-3.938280e-09	-1.811796e-09	-1.735554e+01	-2.032105e+02
4.270000e-06	-4.010568e-09	-1.840004e-09	-1.767410e+01	-2.065521e+02
4.280000e-06	-4.082287e-09	-1.865403e-09	-1.799016e+01	-2.098618e+02
4.290000e-06	-4.153508e-09	-1.890680e-09	-1.830403e+01	-2.131391e+02
4.300000e-06	-4.224175e-09	-1.918279e-09	-1.861545e+01	-2.163833e+02
4.310000e-06	-4.294072e-09	-1.946766e-09	-1.892347e+01	-2.195940e+02
4.320000e-06	-4.363056e-09	-1.972922e-09	-1.922748e+01	-2.227707e+02
4.330000e-06	-4.431170e-09	-1.997442e-09	-1.952765e+01	-2.259129e+02
4.340000e-06	-4.498572e-09	-2.023815e-09	-1.982468e+01	-2.290202e+02
4.350000e-06	-4.565369e-09	-2.051712e-09	-2.011904e+01	-2.320920e+02
4.360000e-06	-4.631523e-09	-2.078004e-09	-2.041058e+01	-2.351278e+02
4.370000e-06	-4.697010e-09	-2.101581e-09	-2.069917e+01	-2.381273e+02
4.380000e-06	-4.761811e-09	-2.122450e-09	-2.098474e+01	-2.410899e+02
4.390000e-06	-4.825894e-09	-2.144688e-09	-2.126715e+01	-2.440151e+02
4.400000e-06	-4.889316e-09	-2.168774e-09	-2.154664e+01	-2.469026e+02
4.410000e-06	-4.952065e-09	-2.193035e-09	-2.182317e+01	-2.497519e+02
4.420000e-06	-5.013956e-09	-2.215088e-09	-2.209592e+01	-2.525624e+02
4.430000e-06	-5.074865e-09	-2.235909e-09	-2.236434e+01	-2.553339e+02
4.440000e-06	-5.134881e-09	-2.258436e-09	-2.262882e+01	-2.580659e+02
4.450000e-06	-5.194189e-09	-2.281700e-09	-2.289018e+01	-2.607579e+02
4.460000e-06	-5.252825e-09	-2.303201e-09	-2.314858e+01	-2.634095e+02
4.470000e-06	-5.310703e-09	-2.321743e-09	-2.340365e+01	-2.660204e+02
4.480000e-06	-5.367800e-09	-2.339635e-09	-2.365527e+01	-2.685900e+02
4.490000e-06	-5.424104e-09	-2.359736e-09	-2.390339e+01	-2.711181e+02
4.500000e-06	-5.479682e-09	-2.380202e-09	-2.414832e+01	-2.736042e+02
4.510000e-06	-5.534579e-09	-2.399316e-09	-2.439024e+01	-2.760480e+02
4.520000e-06	-5.588514e-09	-2.417279e-09	-2.462793e+01	-2.784490e+02
4.530000e-06	-5.641264e-09	-2.435079e-09	-2.486039e+01	-2.808069e+02
4.540000e-06	-5.692968e-09	-2.454615e-09	-2.508824e+01	-2.831213e+02
4.550000e-06	-5.743748e-09	-2.474164e-09	-2.531202e+01	-2.853919e+02
4.560000e-06	-5.793605e-09	-2.490575e-09	-2.553174e+01	-2.876183e+02
4.570000e-06	-5.842475e-09	-2.503958e-09	-2.574710e+01	-2.898002e+02
4.580000e-06	-5.890134e-09	-2.516196e-09	-2.595713e+01	-2.919372e+02
4.590000e-06	-5.936595e-09	-2.530346e-09	-2.616188e+01	-2.940291e+02
4.600000e-06	-5.982183e-09	-2.547884e-09	-2.636278e+01	-2.960753e+02
4.610000e-06	-6.027019e-09	-2.565614e-09	-2.656036e+01	-2.980758e+02
4.620000e-06	-6.071057e-09	-2.580744e-09	-2.675443e+01	-3.000301e+02
4.630000e-06	-6.114398e-09	-2.594111e-09	-2.694543e+01	-3.019380e+02
4.640000e-06	-6.157031e-09	-2.607696e-09	-2.713331e+01	-3.037991e+02
4.650000e-06	-6.198788e-09	-2.620927e-09	-2.731733e+01	-3.056132e+02
4.660000e-06	-6.239651e-09	-2.633750e-09	-2.749741e+01	-3.073799e+02
4.670000e-06	-6.279634e-09	-2.645226e-09	-2.767361e+01	-3.090991e+02
4.680000e-06	-6.318789e-09	-2.657302e-09	-2.784616e+01	-3.107704e+02
4.690000e-06	-6.356971e-09	-2.670582e-09	-2.801442e+01	-3.123936e+02
4.700000e-06	-6.393855e-09	-2.683108e-09	-2.817697e+01	-3.139685e+02
4.710000e-06	-6.429596e-09	-2.694403e-09	-2.833447e+01	-3.154947e+02
4.720000e-06	-6.464488e-09	-2.705627e-09	-2.848824e+01	-3.169721e+02
4.730000e-06	-6.498472e-09	-2.716797e-09	-2.863800e+01	-3.184004e+02
4.740000e-06	-6.531472e-09	-2.727575e-09	-2.878343e+01	-3.197794e+02
4.750000e-06	-6.563524e-09	-2.737733e-09	-2.892468e+01	-3.211090e+02
4.760000e-06	-6.594688e-09	-2.745506e-09	-2.906201e+01	-3.223888e+02
4.770000e-06	-6.624803e-09	-2.752378e-09	-2.919473e+01	-3.236187e+02
4.780000e-06	-6.653629e-09	-2.759603e-09	-2.932176e+01	-3.247984e+02
4.790000e-06	-6.681328e-09	-2.767742e-09	-2.944382e+01	-3.259279e+02
4.800000e-06	-6.708128e-09	-2.777738e-09	-2.956193e+01	-3.270070e+02
4.810000e-06	-6.733979e-09	-2.786230e-09	-2.967585e+01	-3.280354e+02
4.820000e-06	-6.758811e-09	-2.791795e-09	-2.978528e+01	-3.290130e+02
4.830000e-06	-6.782691e-09	-2.794637e-09	-2.989052e+01	-3.299397e+02
4.840000e-06	-6.805732e-09	-2.799201e-09	-2.999206e+01	-3.308153e+02
4.850000e-06	-6.827734e-09	-2.806992e-09	-3.008902e+01	-3.316397e+02
4.860000e-06	-6.848410e-09	-2.814375e-09	-3.018014e+01	-3.324128e+02
4.870000e-06	-6.867961e-09	-2.820424e-09	-3.026630e+01	-3.331344e+02
4.880000e-06	-6.886614e-09	-2.825143e-09	-3.034850e+01	-3.338044e+02
4.890000e-06	-6.904325e-09	-2.829508e-09	-3.042655e+01	-3.344227e+02
4.900000e-06	-6.921069e-09	-2.832594e-09	-3.050033e+01	-3.349893e+02
4.910000e-06	-6.936866e-09	-2.834261e-09	-3.056995e+01	-3.355040e+02
4.920000e-06	-6.951716e-09	-2.834967e-09	-3.063539e+01	-3.359667e+02
4.930000e-06	-6.965297e-09	-2.836376e-09	-3.069524e+01	-3.363775e+02
4.940000e-06	-6.977437e-09	-2.839634e-09	-3.074874e+01	-3.367361e+02
4.950000e-06	-6.988366e-09	-2.843518e-09	-3.079690e+01	-3.370427e+02
4.960000e-06	-6.998225e-09	-2.846063e-09	-3.084035e+01	-3.372970e+02
4.970000e-06	-7.007042e-09	-2.846494e-09	-3.087921e+01	-3.374991e+02
4.980000e-06	-7.014883e-09	-2.846124e-09	-3.091376e+01	-3.376490e+02
4.990000e-06	-7.021810e-09	-2.846399e-09	-3.094429e+01	-3.377466e+02
5.000000e-06	-7.027544e-09	-2.846153e-09	-3.096956e+01	-3.377919e+02
5.010000e-06	-7.031908e-09	-2.844540e-09	-3.098879e+01	-3.377849e+02
5.020000e-06	-7.035194e-09	-2.842884e-09	-3.100327e+01	-3.377257e+02
5.030000e-06	-7.037546e-09	-2.841670e-09	-3.101364e+01	-3.376141e+02
5.040000e-06	-7.038912e-09	-2.840477e-09	-3.101965e+01	-3.374503e+02
