# Temperatura_=_20.0
# Concentracion g/m^3_=_10000.0
# C_Vs_to_Am_M_A/Vsm_=_116720831517.84952
# pendiente_HvsI_1/m_=_3716.3
# ordenada_HvsI_A/m_=_1297.0
# frecuencia_Hz_=_213058.5079908439
# Promedio de 25 ciclos

Tiempo_(s)	Campo_(V.s)	Magnetizacion_(V.s)	Campo_(kA/m)	Magnetizacion_(A/m)
0.000000e+00	-1.000530e-08	-4.349612e-09	-4.946348e+01	-4.696286e+02
1.000000e-08	-1.000418e-08	-4.351221e-09	-4.945795e+01	-4.690249e+02
2.000000e-08	-1.000122e-08	-4.351207e-09	-4.944329e+01	-4.683371e+02
3.000000e-08	-9.996533e-09	-4.346069e-09	-4.942012e+01	-4.675651e+02
4.000000e-08	-9.990325e-09	-4.336735e-09	-4.938943e+01	-4.667093e+02
5.000000e-08	-9.982580e-09	-4.321416e-09	-4.935114e+01	-4.657697e+02
6.000000e-08	-9.973198e-09	-4.300098e-09	-4.930475e+01	-4.647465e+02
7.000000e-08	-9.961918e-09	-4.276723e-09	-4.924898e+01	-4.636398e+02
8.000000e-08	-9.948689e-09	-4.250598e-09	-4.918358e+01	-4.624500e+02
9.000000e-08	-9.933393e-09	-4.241390e-09	-4.910796e+01	-4.611771e+02
1.000000e-07	-9.915774e-09	-4.223383e-09	-4.902085e+01	-4.598215e+02
1.100000e-07	-9.896113e-09	-4.145074e-09	-4.892365e+01	-4.583833e+02
1.200000e-07	-9.874833e-09	-4.057030e-09	-4.881845e+01	-4.568628e+02
1.300000e-07	-9.852092e-09	-3.971739e-09	-4.870602e+01	-4.552604e+02
1.400000e-07	-9.828046e-09	-3.961958e-09	-4.858714e+01	-4.535762e+02
1.500000e-07	-9.802463e-09	-4.101451e-09	-4.846066e+01	-4.518106e+02
1.600000e-07	-9.775053e-09	-4.123664e-09	-4.832515e+01	-4.499639e+02
1.700000e-07	-9.746149e-09	-4.109444e-09	-4.818226e+01	-4.480364e+02
1.800000e-07	-9.715683e-09	-4.159122e-09	-4.803164e+01	-4.460285e+02
1.900000e-07	-9.683522e-09	-4.008309e-09	-4.787264e+01	-4.439406e+02
2.000000e-07	-9.649953e-09	-3.912993e-09	-4.770669e+01	-4.417729e+02
2.100000e-07	-9.614704e-09	-3.970008e-09	-4.753242e+01	-4.395260e+02
2.200000e-07	-9.577575e-09	-3.891808e-09	-4.734886e+01	-4.372001e+02
2.300000e-07	-9.538725e-09	-3.888915e-09	-4.715680e+01	-4.347958e+02
2.400000e-07	-9.498032e-09	-3.962010e-09	-4.695562e+01	-4.323134e+02
2.500000e-07	-9.455433e-09	-3.901001e-09	-4.674502e+01	-4.297534e+02
2.600000e-07	-9.411161e-09	-3.857007e-09	-4.652615e+01	-4.271163e+02
2.700000e-07	-9.365247e-09	-3.768510e-09	-4.629916e+01	-4.244025e+02
2.800000e-07	-9.317581e-09	-3.669050e-09	-4.606351e+01	-4.216125e+02
2.900000e-07	-9.268031e-09	-3.688410e-09	-4.581855e+01	-4.187469e+02
3.000000e-07	-9.216394e-09	-3.720206e-09	-4.556326e+01	-4.158060e+02
3.100000e-07	-9.162766e-09	-3.718126e-09	-4.529814e+01	-4.127905e+02
3.200000e-07	-9.107391e-09	-3.671739e-09	-4.502438e+01	-4.097009e+02
3.300000e-07	-9.050406e-09	-3.599335e-09	-4.474266e+01	-4.065378e+02
3.400000e-07	-8.991742e-09	-3.529762e-09	-4.445264e+01	-4.033016e+02
3.500000e-07	-8.931383e-09	-3.490262e-09	-4.415424e+01	-3.999931e+02
3.600000e-07	-8.869437e-09	-3.473638e-09	-4.384799e+01	-3.966127e+02
3.700000e-07	-8.805947e-09	-3.430355e-09	-4.353411e+01	-3.931611e+02
3.800000e-07	-8.740912e-09	-3.427171e-09	-4.321259e+01	-3.896390e+02
3.900000e-07	-8.674153e-09	-3.430417e-09	-4.288255e+01	-3.860469e+02
4.000000e-07	-8.605707e-09	-3.367885e-09	-4.254417e+01	-3.823855e+02
4.100000e-07	-8.535827e-09	-3.291003e-09	-4.219870e+01	-3.786554e+02
4.200000e-07	-8.464605e-09	-3.205451e-09	-4.184660e+01	-3.748573e+02
4.300000e-07	-8.392008e-09	-3.164248e-09	-4.148770e+01	-3.709920e+02
4.400000e-07	-8.317749e-09	-3.174389e-09	-4.112058e+01	-3.670600e+02
4.500000e-07	-8.241668e-09	-3.167316e-09	-4.074445e+01	-3.630621e+02
4.600000e-07	-8.163925e-09	-3.125707e-09	-4.036011e+01	-3.589990e+02
4.700000e-07	-8.084593e-09	-3.055222e-09	-3.996791e+01	-3.548714e+02
4.800000e-07	-8.003676e-09	-2.997969e-09	-3.956788e+01	-3.506801e+02
4.900000e-07	-7.921294e-09	-2.952226e-09	-3.916060e+01	-3.464259e+02
5.000000e-07	-7.837685e-09	-2.907066e-09	-3.874726e+01	-3.421094e+02
5.100000e-07	-7.752921e-09	-2.863172e-09	-3.832821e+01	-3.377315e+02
5.200000e-07	-7.666940e-09	-2.822770e-09	-3.790314e+01	-3.332930e+02
5.300000e-07	-7.579778e-09	-2.805326e-09	-3.747223e+01	-3.287945e+02
5.400000e-07	-7.491413e-09	-2.774284e-09	-3.703538e+01	-3.242371e+02
5.500000e-07	-7.401734e-09	-2.710562e-09	-3.659203e+01	-3.196214e+02
5.600000e-07	-7.310605e-09	-2.634469e-09	-3.614151e+01	-3.149483e+02
5.700000e-07	-7.218056e-09	-2.574914e-09	-3.568397e+01	-3.102186e+02
5.800000e-07	-7.124294e-09	-2.552554e-09	-3.522044e+01	-3.054332e+02
5.900000e-07	-7.029407e-09	-2.534994e-09	-3.475134e+01	-3.005929e+02
6.000000e-07	-6.933348e-09	-2.494497e-09	-3.427645e+01	-2.956986e+02
6.100000e-07	-6.835971e-09	-2.430678e-09	-3.379504e+01	-2.907512e+02
6.200000e-07	-6.737163e-09	-2.366014e-09	-3.330656e+01	-2.857516e+02
6.300000e-07	-6.637000e-09	-2.317801e-09	-3.281138e+01	-2.807006e+02
6.400000e-07	-6.535650e-09	-2.272775e-09	-3.231033e+01	-2.755993e+02
6.500000e-07	-6.433196e-09	-2.226444e-09	-3.180382e+01	-2.704483e+02
6.600000e-07	-6.329628e-09	-2.180053e-09	-3.129181e+01	-2.652488e+02
6.700000e-07	-6.224914e-09	-2.139692e-09	-3.077413e+01	-2.600017e+02
6.800000e-07	-6.119004e-09	-2.102647e-09	-3.025054e+01	-2.547078e+02
6.900000e-07	-6.011914e-09	-2.049200e-09	-2.972112e+01	-2.493681e+02
7.000000e-07	-5.903671e-09	-1.980075e-09	-2.918599e+01	-2.439836e+02
7.100000e-07	-5.794358e-09	-1.912345e-09	-2.864558e+01	-2.385553e+02
7.200000e-07	-5.684051e-09	-1.865320e-09	-2.810025e+01	-2.330841e+02
7.300000e-07	-5.572775e-09	-1.834273e-09	-2.755012e+01	-2.275709e+02
7.400000e-07	-5.460542e-09	-1.794646e-09	-2.699528e+01	-2.220169e+02
7.500000e-07	-5.347287e-09	-1.740288e-09	-2.643537e+01	-2.164230e+02
7.600000e-07	-5.232977e-09	-1.677512e-09	-2.587025e+01	-2.107901e+02
7.700000e-07	-5.117592e-09	-1.620441e-09	-2.529982e+01	-2.051193e+02
7.800000e-07	-5.001118e-09	-1.572006e-09	-2.472401e+01	-1.994117e+02
7.900000e-07	-4.883677e-09	-1.521520e-09	-2.414341e+01	-1.936682e+02
8.000000e-07	-4.765414e-09	-1.467569e-09	-2.355875e+01	-1.878898e+02
8.100000e-07	-4.646383e-09	-1.415569e-09	-2.297029e+01	-1.820777e+02
8.200000e-07	-4.526592e-09	-1.369611e-09	-2.237808e+01	-1.762328e+02
8.300000e-07	-4.406017e-09	-1.321975e-09	-2.178198e+01	-1.703561e+02
8.400000e-07	-4.284643e-09	-1.263630e-09	-2.118194e+01	-1.644489e+02
8.500000e-07	-4.162526e-09	-1.199284e-09	-2.057823e+01	-1.585120e+02
8.600000e-07	-4.039689e-09	-1.141645e-09	-1.997096e+01	-1.525466e+02
8.700000e-07	-3.916092e-09	-1.096342e-09	-1.935992e+01	-1.465537e+02
8.800000e-07	-3.791742e-09	-1.052861e-09	-1.874517e+01	-1.405344e+02
8.900000e-07	-3.666719e-09	-1.000603e-09	-1.812709e+01	-1.344899e+02
9.000000e-07	-3.541115e-09	-9.403842e-10	-1.750614e+01	-1.284210e+02
9.100000e-07	-3.415006e-09	-8.812521e-10	-1.688269e+01	-1.223291e+02
9.200000e-07	-3.288381e-09	-8.301574e-10	-1.625669e+01	-1.162151e+02
9.300000e-07	-3.161195e-09	-7.810568e-10	-1.562791e+01	-1.100801e+02
9.400000e-07	-3.033445e-09	-7.271535e-10	-1.499635e+01	-1.039253e+02
9.500000e-07	-2.905140e-09	-6.732156e-10	-1.436204e+01	-9.775175e+01
9.600000e-07	-2.776281e-09	-6.236044e-10	-1.372500e+01	-9.156053e+01
9.700000e-07	-2.646879e-09	-5.761658e-10	-1.308527e+01	-8.535278e+01
9.800000e-07	-2.516968e-09	-5.232150e-10	-1.244303e+01	-7.912961e+01
9.900000e-07	-2.386610e-09	-4.620302e-10	-1.179857e+01	-7.289212e+01
1.000000e-06	-2.255809e-09	-4.014800e-10	-1.115193e+01	-6.664145e+01
1.010000e-06	-2.124564e-09	-3.498658e-10	-1.050309e+01	-6.037870e+01
1.020000e-06	-1.992891e-09	-3.046637e-10	-9.852133e+00	-5.410501e+01
1.030000e-06	-1.860792e-09	-2.546923e-10	-9.199070e+00	-4.782149e+01
1.040000e-06	-1.728307e-09	-1.963533e-10	-8.544101e+00	-4.152928e+01
1.050000e-06	-1.595471e-09	-1.374193e-10	-7.887395e+00	-3.522949e+01
1.060000e-06	-1.462321e-09	-8.406657e-11	-7.229136e+00	-2.892326e+01
1.070000e-06	-1.328906e-09	-3.466457e-11	-6.569571e+00	-2.261172e+01
1.080000e-06	-1.195271e-09	1.797001e-11	-5.908912e+00	-1.629600e+01
1.090000e-06	-1.061460e-09	7.546292e-11	-5.247389e+00	-9.977237e+00
1.100000e-06	-9.275033e-10	1.315460e-10	-4.585143e+00	-3.656553e+00
1.110000e-06	-7.934103e-10	1.824342e-10	-3.922223e+00	2.664914e+00
1.120000e-06	-6.592010e-10	2.319636e-10	-3.258728e+00	8.986032e+00
1.130000e-06	-5.249199e-10	2.869166e-10	-2.594879e+00	1.530567e+01
1.140000e-06	-3.905780e-10	3.458150e-10	-1.930729e+00	2.162269e+01
1.150000e-06	-2.561730e-10	4.013884e-10	-1.266267e+00	2.793596e+01
1.160000e-06	-1.217515e-10	4.507085e-10	-6.017236e-01	3.424436e+01
1.170000e-06	1.265409e-11	4.993333e-10	6.274139e-02	4.054674e+01
1.180000e-06	1.470237e-10	5.539277e-10	7.270284e-01	4.684199e+01
1.190000e-06	2.813379e-10	6.125466e-10	1.391041e+00	5.312897e+01
1.200000e-06	4.155868e-10	6.688038e-10	2.054732e+00	5.940656e+01
1.210000e-06	5.497523e-10	7.202220e-10	2.718009e+00	6.567363e+01
1.220000e-06	6.838114e-10	7.706450e-10	3.380761e+00	7.192906e+01
1.230000e-06	8.177559e-10	8.237914e-10	4.042946e+00	7.817173e+01
1.240000e-06	9.515651e-10	8.774809e-10	4.704462e+00	8.440051e+01
1.250000e-06	1.085207e-09	9.281935e-10	5.365153e+00	9.061430e+01
1.260000e-06	1.218653e-09	9.771850e-10	6.024871e+00	9.681198e+01
1.270000e-06	1.351878e-09	1.029081e-09	6.683500e+00	1.029924e+02
1.280000e-06	1.484853e-09	1.084586e-09	7.340894e+00	1.091546e+02
1.290000e-06	1.617549e-09	1.139048e-09	7.996906e+00	1.152973e+02
1.300000e-06	1.749952e-09	1.188804e-09	8.651468e+00	1.214194e+02
1.310000e-06	1.882017e-09	1.235607e-09	9.304361e+00	1.275199e+02
1.320000e-06	2.013699e-09	1.285366e-09	9.955359e+00	1.335977e+02
1.330000e-06	2.144990e-09	1.339352e-09	1.060443e+01	1.396517e+02
1.340000e-06	2.275895e-09	1.393118e-09	1.125158e+01	1.456808e+02
1.350000e-06	2.406412e-09	1.443620e-09	1.189683e+01	1.516839e+02
1.360000e-06	2.536556e-09	1.491877e-09	1.254022e+01	1.576600e+02
1.370000e-06	2.666310e-09	1.542675e-09	1.318169e+01	1.636079e+02
1.380000e-06	2.795625e-09	1.596393e-09	1.382098e+01	1.695266e+02
1.390000e-06	2.924463e-09	1.648462e-09	1.445792e+01	1.754151e+02
1.400000e-06	3.052768e-09	1.697123e-09	1.509223e+01	1.812723e+02
1.410000e-06	3.180510e-09	1.743660e-09	1.572375e+01	1.870971e+02
1.420000e-06	3.307695e-09	1.791475e-09	1.635252e+01	1.928885e+02
1.430000e-06	3.434334e-09	1.840227e-09	1.697858e+01	1.986455e+02
1.440000e-06	3.560452e-09	1.887026e-09	1.760208e+01	2.043670e+02
1.450000e-06	3.686060e-09	1.931926e-09	1.822305e+01	2.100520e+02
1.460000e-06	3.811095e-09	1.977246e-09	1.884119e+01	2.156995e+02
1.470000e-06	3.935454e-09	2.026069e-09	1.945598e+01	2.213085e+02
1.480000e-06	4.059039e-09	2.076494e-09	2.006695e+01	2.268779e+02
1.490000e-06	4.181815e-09	2.124230e-09	2.067392e+01	2.324068e+02
1.500000e-06	4.303820e-09	2.168244e-09	2.127708e+01	2.378942e+02
1.510000e-06	4.425051e-09	2.211544e-09	2.187641e+01	2.433391e+02
1.520000e-06	4.545427e-09	2.257041e-09	2.247152e+01	2.487405e+02
1.530000e-06	4.664924e-09	2.302052e-09	2.306228e+01	2.540974e+02
1.540000e-06	4.783580e-09	2.343203e-09	2.364888e+01	2.594089e+02
1.550000e-06	4.901393e-09	2.382668e-09	2.423131e+01	2.646741e+02
1.560000e-06	5.018268e-09	2.425153e-09	2.480911e+01	2.698920e+02
1.570000e-06	5.134084e-09	2.472804e-09	2.538167e+01	2.750616e+02
1.580000e-06	5.248801e-09	2.521494e-09	2.594880e+01	2.801821e+02
1.590000e-06	5.362447e-09	2.565985e-09	2.651063e+01	2.852525e+02
1.600000e-06	5.475055e-09	2.605880e-09	2.706733e+01	2.902718e+02
1.610000e-06	5.586642e-09	2.643088e-09	2.761898e+01	2.952393e+02
1.620000e-06	5.697273e-09	2.679648e-09	2.816592e+01	3.001541e+02
1.630000e-06	5.807017e-09	2.715362e-09	2.870846e+01	3.050151e+02
1.640000e-06	5.915848e-09	2.750558e-09	2.924649e+01	3.098216e+02
1.650000e-06	6.023637e-09	2.788088e-09	2.977936e+01	3.145727e+02
1.660000e-06	6.130279e-09	2.828554e-09	3.030657e+01	3.192676e+02
1.670000e-06	6.235774e-09	2.870105e-09	3.082811e+01	3.239054e+02
1.680000e-06	6.340098e-09	2.908892e-09	3.134386e+01	3.284853e+02
1.690000e-06	6.443279e-09	2.942474e-09	3.185395e+01	3.330064e+02
1.700000e-06	6.545390e-09	2.972567e-09	3.235876e+01	3.374680e+02
1.710000e-06	6.646445e-09	3.002300e-09	3.285835e+01	3.418692e+02
1.720000e-06	6.746335e-09	3.033907e-09	3.335218e+01	3.462093e+02
1.730000e-06	6.844948e-09	3.066621e-09	3.383969e+01	3.504875e+02
1.740000e-06	6.942256e-09	3.099176e-09	3.432075e+01	3.547029e+02
1.750000e-06	7.038270e-09	3.131146e-09	3.479542e+01	3.588550e+02
1.760000e-06	7.133072e-09	3.162595e-09	3.526409e+01	3.629429e+02
1.770000e-06	7.226749e-09	3.193279e-09	3.572720e+01	3.669658e+02
1.780000e-06	7.319308e-09	3.222023e-09	3.618479e+01	3.709231e+02
1.790000e-06	7.410612e-09	3.249473e-09	3.663617e+01	3.748141e+02
1.800000e-06	7.500495e-09	3.276441e-09	3.708052e+01	3.786380e+02
1.810000e-06	7.588939e-09	3.303218e-09	3.751776e+01	3.823942e+02
1.820000e-06	7.676038e-09	3.329341e-09	3.794836e+01	3.860820e+02
1.830000e-06	7.761888e-09	3.354046e-09	3.837277e+01	3.897007e+02
1.840000e-06	7.846530e-09	3.378738e-09	3.879122e+01	3.932497e+02
1.850000e-06	7.929875e-09	3.404369e-09	3.920325e+01	3.967284e+02
1.860000e-06	8.011779e-09	3.429268e-09	3.960816e+01	4.001361e+02
1.870000e-06	8.092169e-09	3.451553e-09	4.000558e+01	4.034722e+02
1.880000e-06	8.171050e-09	3.471936e-09	4.039555e+01	4.067361e+02
1.890000e-06	8.248462e-09	3.491835e-09	4.077825e+01	4.099273e+02
1.900000e-06	8.324326e-09	3.511225e-09	4.115330e+01	4.130451e+02
1.910000e-06	8.398511e-09	3.529946e-09	4.152005e+01	4.160891e+02
1.920000e-06	8.471032e-09	3.547973e-09	4.187857e+01	4.190586e+02
1.930000e-06	8.542012e-09	3.567191e-09	4.222947e+01	4.219531e+02
1.940000e-06	8.611539e-09	3.588552e-09	4.257319e+01	4.247721e+02
1.950000e-06	8.679603e-09	3.609485e-09	4.290968e+01	4.275152e+02
1.960000e-06	8.746059e-09	3.626910e-09	4.323822e+01	4.301817e+02
1.970000e-06	8.810855e-09	3.640209e-09	4.355855e+01	4.327713e+02
1.980000e-06	8.874107e-09	3.651885e-09	4.387125e+01	4.352834e+02
1.990000e-06	8.935923e-09	3.664430e-09	4.417685e+01	4.377177e+02
2.000000e-06	8.996353e-09	3.677415e-09	4.447559e+01	4.400737e+02
2.010000e-06	9.055217e-09	3.689938e-09	4.476660e+01	4.423509e+02
2.020000e-06	9.112328e-09	3.702893e-09	4.504894e+01	4.445489e+02
2.030000e-06	9.167760e-09	3.716491e-09	4.532298e+01	4.466674e+02
2.040000e-06	9.221574e-09	3.729718e-09	4.558902e+01	4.487060e+02
2.050000e-06	9.273591e-09	3.740757e-09	4.584617e+01	4.506644e+02
2.060000e-06	9.323637e-09	3.749012e-09	4.609358e+01	4.525420e+02
2.070000e-06	9.371861e-09	3.756137e-09	4.633199e+01	4.543387e+02
2.080000e-06	9.418500e-09	3.764069e-09	4.656256e+01	4.560541e+02
2.090000e-06	9.463656e-09	3.772356e-09	4.678579e+01	4.576879e+02
2.100000e-06	9.507257e-09	3.779419e-09	4.700134e+01	4.592398e+02
2.110000e-06	9.549060e-09	3.785621e-09	4.720800e+01	4.607095e+02
2.120000e-06	9.589105e-09	3.792100e-09	4.740597e+01	4.620968e+02
2.130000e-06	9.627575e-09	3.799590e-09	4.759615e+01	4.634014e+02
2.140000e-06	9.664494e-09	3.806259e-09	4.777867e+01	4.646231e+02
2.150000e-06	9.699746e-09	3.809098e-09	4.795294e+01	4.657616e+02
2.160000e-06	9.733162e-09	3.808717e-09	4.811814e+01	4.668168e+02
2.170000e-06	9.764848e-09	3.807901e-09	4.827478e+01	4.677885e+02
2.180000e-06	9.794953e-09	3.808700e-09	4.842361e+01	4.686764e+02
2.190000e-06	9.823475e-09	3.810573e-09	4.856462e+01	4.694805e+02
2.200000e-06	9.850187e-09	3.811915e-09	4.869667e+01	4.702005e+02
2.210000e-06	9.874929e-09	3.812853e-09	4.881898e+01	4.708365e+02
2.220000e-06	9.897897e-09	3.813753e-09	4.893253e+01	4.713881e+02
2.230000e-06	9.919262e-09	3.813636e-09	4.903815e+01	4.718554e+02
2.240000e-06	9.939034e-09	3.810460e-09	4.913590e+01	4.722383e+02
2.250000e-06	9.957046e-09	3.804544e-09	4.922494e+01	4.725367e+02
2.260000e-06	9.973173e-09	3.798415e-09	4.930467e+01	4.727505e+02
2.270000e-06	9.987439e-09	3.793028e-09	4.937519e+01	4.728797e+02
2.280000e-06	9.999791e-09	3.788253e-09	4.943625e+01	4.729243e+02
2.290000e-06	1.001008e-08	3.783139e-09	4.948711e+01	4.728843e+02
2.300000e-06	1.001843e-08	3.777264e-09	4.952838e+01	4.727596e+02
2.310000e-06	1.002507e-08	3.770346e-09	4.956121e+01	4.725503e+02
2.320000e-06	1.003007e-08	3.761571e-09	4.958593e+01	4.722565e+02
2.330000e-06	1.003333e-08	3.750778e-09	4.960203e+01	4.718782e+02
2.340000e-06	1.003470e-08	3.738989e-09	4.960879e+01	4.714154e+02
2.350000e-06	1.003431e-08	3.727418e-09	4.960688e+01	4.708682e+02
2.360000e-06	1.003234e-08	3.715217e-09	4.959712e+01	4.702368e+02
2.370000e-06	1.002883e-08	3.704417e-09	4.957977e+01	4.695213e+02
2.380000e-06	1.002359e-08	3.698123e-09	4.955390e+01	4.687217e+02
2.390000e-06	1.001653e-08	3.693742e-09	4.951897e+01	4.678383e+02
2.400000e-06	1.000785e-08	3.691342e-09	4.947606e+01	4.668711e+02
2.410000e-06	9.997642e-09	3.693783e-09	4.942560e+01	4.658204e+02
2.420000e-06	9.985705e-09	3.703411e-09	4.936658e+01	4.646863e+02
2.430000e-06	9.971846e-09	3.694780e-09	4.929806e+01	4.634690e+02
2.440000e-06	9.956019e-09	3.679908e-09	4.921982e+01	4.621689e+02
2.450000e-06	9.937949e-09	3.731441e-09	4.913048e+01	4.607860e+02
2.460000e-06	9.917352e-09	3.800587e-09	4.902865e+01	4.593207e+02
2.470000e-06	9.894743e-09	3.883245e-09	4.891688e+01	4.577731e+02
2.480000e-06	9.871169e-09	3.840051e-09	4.880033e+01	4.561437e+02
2.490000e-06	9.846799e-09	3.652870e-09	4.867985e+01	4.544326e+02
2.500000e-06	9.820757e-09	3.641109e-09	4.855110e+01	4.526402e+02
2.510000e-06	9.792988e-09	3.594608e-09	4.841382e+01	4.507668e+02
2.520000e-06	9.763965e-09	3.529246e-09	4.827033e+01	4.488128e+02
2.530000e-06	9.732925e-09	3.698567e-09	4.811688e+01	4.467784e+02
2.540000e-06	9.699683e-09	3.678322e-09	4.795254e+01	4.446641e+02
2.550000e-06	9.665022e-09	3.556458e-09	4.778118e+01	4.424702e+02
2.560000e-06	9.628610e-09	3.628503e-09	4.760116e+01	4.401971e+02
2.570000e-06	9.590237e-09	3.529701e-09	4.741146e+01	4.378453e+02
2.580000e-06	9.550345e-09	3.442026e-09	4.721424e+01	4.354151e+02
2.590000e-06	9.508788e-09	3.493323e-09	4.700879e+01	4.329070e+02
2.600000e-06	9.465613e-09	3.433292e-09	4.679534e+01	4.303215e+02
2.610000e-06	9.420855e-09	3.530849e-09	4.657407e+01	4.276589e+02
2.620000e-06	9.374287e-09	3.599361e-09	4.634385e+01	4.249198e+02
2.630000e-06	9.326022e-09	3.480281e-09	4.610523e+01	4.221047e+02
2.640000e-06	9.275925e-09	3.432823e-09	4.585757e+01	4.192141e+02
2.650000e-06	9.223944e-09	3.327421e-09	4.560058e+01	4.162484e+02
2.660000e-06	9.170167e-09	3.307511e-09	4.533472e+01	4.132083e+02
2.670000e-06	9.114483e-09	3.392040e-09	4.505944e+01	4.100943e+02
2.680000e-06	9.057069e-09	3.392831e-09	4.477559e+01	4.069068e+02
2.690000e-06	8.998057e-09	3.389812e-09	4.448385e+01	4.036466e+02
2.700000e-06	8.937440e-09	3.319603e-09	4.418418e+01	4.003141e+02
2.710000e-06	8.875167e-09	3.288024e-09	4.387632e+01	3.969100e+02
2.720000e-06	8.811208e-09	3.255474e-09	4.356012e+01	3.934349e+02
2.730000e-06	8.745740e-09	3.181612e-09	4.323646e+01	3.898894e+02
2.740000e-06	8.678737e-09	3.197114e-09	4.290521e+01	3.862741e+02
2.750000e-06	8.610117e-09	3.179816e-09	4.256597e+01	3.825898e+02
2.760000e-06	8.539882e-09	3.212193e-09	4.221875e+01	3.788370e+02
2.770000e-06	8.468022e-09	3.215962e-09	4.186349e+01	3.750164e+02
2.780000e-06	8.394715e-09	3.121231e-09	4.150108e+01	3.711287e+02
2.790000e-06	8.319885e-09	3.063993e-09	4.113114e+01	3.671746e+02
2.800000e-06	8.243395e-09	2.999948e-09	4.075299e+01	3.631548e+02
2.810000e-06	8.165289e-09	3.015115e-09	4.036685e+01	3.590701e+02
2.820000e-06	8.085638e-09	3.034010e-09	3.997308e+01	3.549211e+02
2.830000e-06	8.004652e-09	3.001754e-09	3.957270e+01	3.507087e+02
2.840000e-06	7.922358e-09	2.966347e-09	3.916586e+01	3.464335e+02
2.850000e-06	7.838730e-09	2.901761e-09	3.875243e+01	3.420963e+02
2.860000e-06	7.753699e-09	2.873541e-09	3.833206e+01	3.376979e+02
2.870000e-06	7.667191e-09	2.830866e-09	3.790438e+01	3.332392e+02
2.880000e-06	7.579344e-09	2.791948e-09	3.747009e+01	3.287208e+02
2.890000e-06	7.490221e-09	2.774533e-09	3.702949e+01	3.241436e+02
2.900000e-06	7.399873e-09	2.756224e-09	3.658283e+01	3.195085e+02
2.910000e-06	7.308294e-09	2.751796e-09	3.613008e+01	3.148162e+02
2.920000e-06	7.215405e-09	2.701169e-09	3.567086e+01	3.100675e+02
2.930000e-06	7.121208e-09	2.631325e-09	3.520518e+01	3.052635e+02
2.940000e-06	7.025699e-09	2.571324e-09	3.473301e+01	3.004048e+02
2.950000e-06	6.928960e-09	2.537798e-09	3.425475e+01	2.954924e+02
2.960000e-06	6.831032e-09	2.535774e-09	3.377062e+01	2.905272e+02
2.970000e-06	6.731937e-09	2.513380e-09	3.328072e+01	2.855100e+02
2.980000e-06	6.631631e-09	2.470280e-09	3.278483e+01	2.804418e+02
2.990000e-06	6.530015e-09	2.416416e-09	3.228247e+01	2.753234e+02
3.000000e-06	6.427088e-09	2.367099e-09	3.177363e+01	2.701557e+02
3.010000e-06	6.322904e-09	2.327987e-09	3.125857e+01	2.649398e+02
3.020000e-06	6.217620e-09	2.279423e-09	3.073807e+01	2.596765e+02
3.030000e-06	6.111319e-09	2.235323e-09	3.021255e+01	2.543668e+02
3.040000e-06	6.004017e-09	2.198811e-09	2.968207e+01	2.490116e+02
3.050000e-06	5.895698e-09	2.170201e-09	2.914657e+01	2.436119e+02
3.060000e-06	5.786315e-09	2.136636e-09	2.860581e+01	2.381686e+02
3.070000e-06	5.675851e-09	2.077917e-09	2.805971e+01	2.326827e+02
3.080000e-06	5.564284e-09	2.016924e-09	2.750815e+01	2.271553e+02
3.090000e-06	5.451671e-09	1.964990e-09	2.695142e+01	2.215873e+02
3.100000e-06	5.338042e-09	1.932371e-09	2.638967e+01	2.159796e+02
3.110000e-06	5.223376e-09	1.900786e-09	2.582279e+01	2.103334e+02
3.120000e-06	5.107684e-09	1.850703e-09	2.525084e+01	2.046495e+02
3.130000e-06	4.990963e-09	1.795766e-09	2.467380e+01	1.989292e+02
3.140000e-06	4.873254e-09	1.742523e-09	2.409188e+01	1.931732e+02
3.150000e-06	4.754583e-09	1.699503e-09	2.350520e+01	1.873828e+02
3.160000e-06	4.635018e-09	1.653907e-09	2.291410e+01	1.815588e+02
3.170000e-06	4.514684e-09	1.603881e-09	2.231920e+01	1.757025e+02
3.180000e-06	4.393646e-09	1.556820e-09	2.172082e+01	1.698147e+02
3.190000e-06	4.271943e-09	1.514350e-09	2.111916e+01	1.638966e+02
3.200000e-06	4.149567e-09	1.473467e-09	2.051416e+01	1.579493e+02
3.210000e-06	4.026503e-09	1.420745e-09	1.990576e+01	1.519738e+02
3.220000e-06	3.902705e-09	1.361132e-09	1.929374e+01	1.459711e+02
3.230000e-06	3.778194e-09	1.305849e-09	1.867819e+01	1.399423e+02
3.240000e-06	3.653063e-09	1.261342e-09	1.805958e+01	1.338886e+02
3.250000e-06	3.527320e-09	1.221070e-09	1.743794e+01	1.278110e+02
3.260000e-06	3.400929e-09	1.171884e-09	1.681309e+01	1.217106e+02
3.270000e-06	3.273857e-09	1.116491e-09	1.618488e+01	1.155885e+02
3.280000e-06	3.146149e-09	1.063405e-09	1.555353e+01	1.094458e+02
3.290000e-06	3.017900e-09	1.015661e-09	1.491950e+01	1.032836e+02
3.300000e-06	2.889165e-09	9.670863e-10	1.428307e+01	9.710294e+01
3.310000e-06	2.759979e-09	9.127204e-10	1.364441e+01	9.090500e+01
3.320000e-06	2.630357e-09	8.594762e-10	1.300359e+01	8.469087e+01
3.330000e-06	2.500290e-09	8.126561e-10	1.236057e+01	7.846167e+01
3.340000e-06	2.369791e-09	7.689123e-10	1.171542e+01	7.221850e+01
3.350000e-06	2.238862e-09	7.194892e-10	1.106814e+01	6.596249e+01
3.360000e-06	2.107490e-09	6.618194e-10	1.041868e+01	5.969476e+01
3.370000e-06	1.975692e-09	6.046383e-10	9.767104e+00	5.341643e+01
3.380000e-06	1.843483e-09	5.544598e-10	9.113494e+00	4.712863e+01
3.390000e-06	1.710892e-09	5.081803e-10	8.458000e+00	4.083249e+01
3.400000e-06	1.578007e-09	4.576249e-10	7.801053e+00	3.452912e+01
3.410000e-06	1.444867e-09	4.018845e-10	7.142848e+00	2.821967e+01
3.420000e-06	1.311484e-09	3.471553e-10	6.483436e+00	2.190526e+01
3.430000e-06	1.177867e-09	2.967470e-10	5.822870e+00	1.558702e+01
3.440000e-06	1.044052e-09	2.479832e-10	5.161328e+00	9.266082e+00
3.450000e-06	9.100871e-10	1.962139e-10	4.499041e+00	2.943585e+00
3.460000e-06	7.759849e-10	1.418307e-10	3.836077e+00	-3.379343e+00
3.470000e-06	6.417574e-10	8.995727e-11	3.172492e+00	-9.701567e+00
3.480000e-06	5.074124e-10	4.240101e-11	2.508327e+00	-1.602196e+01
3.490000e-06	3.729829e-10	-6.372977e-12	1.843744e+00	-2.233938e+01
3.500000e-06	2.385167e-10	-6.033753e-11	1.178980e+00	-2.865270e+01
3.510000e-06	1.040491e-10	-1.165069e-10	5.142085e-01	-3.496079e+01
3.520000e-06	-3.040904e-11	-1.686014e-10	-1.505158e-01	-4.126251e+01
3.530000e-06	-1.648320e-10	-2.154784e-10	-8.150661e-01	-4.755675e+01
3.540000e-06	-2.991792e-10	-2.632428e-10	-1.479242e+00	-5.384237e+01
3.550000e-06	-4.334199e-10	-3.145521e-10	-2.142891e+00	-6.011824e+01
3.560000e-06	-5.675292e-10	-3.670227e-10	-2.805890e+00	-6.638325e+01
3.570000e-06	-7.014902e-10	-4.183834e-10	-3.468157e+00	-7.263626e+01
3.580000e-06	-8.352828e-10	-4.685794e-10	-4.129591e+00	-7.887617e+01
3.590000e-06	-9.689152e-10	-5.201941e-10	-4.790232e+00	-8.510184e+01
3.600000e-06	-1.102372e-09	-5.734716e-10	-5.450005e+00	-9.131217e+01
3.610000e-06	-1.235611e-09	-6.263399e-10	-6.108703e+00	-9.750604e+01
3.620000e-06	-1.368626e-09	-6.761704e-10	-6.766289e+00	-1.036823e+02
3.630000e-06	-1.501397e-09	-7.242335e-10	-7.422673e+00	-1.098400e+02
3.640000e-06	-1.633901e-09	-7.754150e-10	-8.077735e+00	-1.159778e+02
3.650000e-06	-1.766113e-09	-8.304470e-10	-8.731358e+00	-1.220948e+02
3.660000e-06	-1.898021e-09	-8.862412e-10	-9.383475e+00	-1.281898e+02
3.670000e-06	-2.029593e-09	-9.394162e-10	-1.003393e+01	-1.342617e+02
3.680000e-06	-2.160789e-09	-9.901935e-10	-1.068252e+01	-1.403095e+02
3.690000e-06	-2.291598e-09	-1.041011e-09	-1.132921e+01	-1.463321e+02
3.700000e-06	-2.422010e-09	-1.093842e-09	-1.197393e+01	-1.523283e+02
3.710000e-06	-2.552029e-09	-1.147203e-09	-1.261671e+01	-1.582971e+02
3.720000e-06	-2.681663e-09	-1.198343e-09	-1.325758e+01	-1.642375e+02
3.730000e-06	-2.810898e-09	-1.249151e-09	-1.389648e+01	-1.701484e+02
3.740000e-06	-2.939742e-09	-1.301514e-09	-1.453345e+01	-1.760287e+02
3.750000e-06	-3.068176e-09	-1.353858e-09	-1.516840e+01	-1.818773e+02
3.760000e-06	-3.196117e-09	-1.404727e-09	-1.580091e+01	-1.876932e+02
3.770000e-06	-3.323495e-09	-1.454066e-09	-1.643063e+01	-1.934755e+02
3.780000e-06	-3.450237e-09	-1.504203e-09	-1.705720e+01	-1.992229e+02
3.790000e-06	-3.576291e-09	-1.557452e-09	-1.768038e+01	-2.049346e+02
3.800000e-06	-3.701695e-09	-1.611231e-09	-1.830034e+01	-2.106095e+02
3.810000e-06	-3.826467e-09	-1.661096e-09	-1.891718e+01	-2.162465e+02
3.820000e-06	-3.950546e-09	-1.707352e-09	-1.953059e+01	-2.218447e+02
3.830000e-06	-4.073838e-09	-1.753967e-09	-2.014011e+01	-2.274030e+02
3.840000e-06	-4.196305e-09	-1.802843e-09	-2.074555e+01	-2.329205e+02
3.850000e-06	-4.317988e-09	-1.851876e-09	-2.134712e+01	-2.383962e+02
3.860000e-06	-4.438930e-09	-1.899447e-09	-2.194502e+01	-2.438291e+02
3.870000e-06	-4.559116e-09	-1.946826e-09	-2.253919e+01	-2.492181e+02
3.880000e-06	-4.678449e-09	-1.996684e-09	-2.312914e+01	-2.545625e+02
3.890000e-06	-4.796827e-09	-2.047796e-09	-2.371436e+01	-2.598611e+02
3.900000e-06	-4.914229e-09	-2.097381e-09	-2.429477e+01	-2.651131e+02
3.910000e-06	-5.030656e-09	-2.145162e-09	-2.487034e+01	-2.703174e+02
3.920000e-06	-5.146044e-09	-2.191633e-09	-2.544079e+01	-2.754733e+02
3.930000e-06	-5.260320e-09	-2.239237e-09	-2.600574e+01	-2.805796e+02
3.940000e-06	-5.373445e-09	-2.288341e-09	-2.656499e+01	-2.856357e+02
3.950000e-06	-5.485439e-09	-2.334886e-09	-2.711866e+01	-2.906404e+02
3.960000e-06	-5.596353e-09	-2.377620e-09	-2.766699e+01	-2.955930e+02
3.970000e-06	-5.706179e-09	-2.420665e-09	-2.820994e+01	-3.004925e+02
3.980000e-06	-5.814968e-09	-2.468236e-09	-2.874776e+01	-3.053381e+02
3.990000e-06	-5.922842e-09	-2.519331e-09	-2.928106e+01	-3.101288e+02
4.000000e-06	-6.029805e-09	-2.568998e-09	-2.980986e+01	-3.148640e+02
4.010000e-06	-6.135815e-09	-2.614222e-09	-3.033394e+01	-3.195426e+02
4.020000e-06	-6.240856e-09	-2.657092e-09	-3.085323e+01	-3.241638e+02
4.030000e-06	-6.344846e-09	-2.701639e-09	-3.136733e+01	-3.287269e+02
4.040000e-06	-6.447640e-09	-2.747838e-09	-3.187551e+01	-3.332310e+02
4.050000e-06	-6.549185e-09	-2.792493e-09	-3.237752e+01	-3.376753e+02
4.060000e-06	-6.649514e-09	-2.835254e-09	-3.287352e+01	-3.420589e+02
4.070000e-06	-6.748659e-09	-2.879872e-09	-3.336366e+01	-3.463812e+02
4.080000e-06	-6.846697e-09	-2.927321e-09	-3.384833e+01	-3.506414e+02
4.090000e-06	-6.943680e-09	-2.974190e-09	-3.432779e+01	-3.548386e+02
4.100000e-06	-7.039576e-09	-3.015985e-09	-3.480187e+01	-3.589722e+02
4.110000e-06	-7.134275e-09	-3.052925e-09	-3.527003e+01	-3.630413e+02
4.120000e-06	-7.227666e-09	-3.090938e-09	-3.573173e+01	-3.670453e+02
4.130000e-06	-7.319730e-09	-3.133281e-09	-3.618687e+01	-3.709834e+02
4.140000e-06	-7.410469e-09	-3.176625e-09	-3.663546e+01	-3.748550e+02
4.150000e-06	-7.499908e-09	-3.216982e-09	-3.707762e+01	-3.786593e+02
4.160000e-06	-7.588077e-09	-3.255508e-09	-3.751350e+01	-3.823957e+02
4.170000e-06	-7.674916e-09	-3.295812e-09	-3.794281e+01	-3.860634e+02
4.180000e-06	-7.760332e-09	-3.337526e-09	-3.836508e+01	-3.896619e+02
4.190000e-06	-7.844329e-09	-3.377305e-09	-3.878033e+01	-3.931905e+02
4.200000e-06	-7.926967e-09	-3.413869e-09	-3.918887e+01	-3.966486e+02
4.210000e-06	-8.008280e-09	-3.449260e-09	-3.959086e+01	-4.000354e+02
4.220000e-06	-8.088255e-09	-3.486139e-09	-3.998623e+01	-4.033506e+02
4.230000e-06	-8.166735e-09	-3.523821e-09	-4.037421e+01	-4.065933e+02
4.240000e-06	-8.243542e-09	-3.559417e-09	-4.075393e+01	-4.097631e+02
4.250000e-06	-8.318684e-09	-3.592263e-09	-4.112541e+01	-4.128594e+02
4.260000e-06	-8.392260e-09	-3.624753e-09	-4.148914e+01	-4.158816e+02
4.270000e-06	-8.464357e-09	-3.659291e-09	-4.184557e+01	-4.188292e+02
4.280000e-06	-8.534925e-09	-3.694605e-09	-4.219444e+01	-4.217017e+02
4.290000e-06	-8.603828e-09	-3.727264e-09	-4.253507e+01	-4.244985e+02
4.300000e-06	-8.671111e-09	-3.756128e-09	-4.286770e+01	-4.272192e+02
4.310000e-06	-8.736912e-09	-3.783592e-09	-4.319300e+01	-4.298632e+02
4.320000e-06	-8.801286e-09	-3.811698e-09	-4.351124e+01	-4.324302e+02
4.330000e-06	-8.864175e-09	-3.839576e-09	-4.382215e+01	-4.349195e+02
4.340000e-06	-8.925386e-09	-3.866422e-09	-4.412476e+01	-4.373308e+02
4.350000e-06	-8.984893e-09	-3.892803e-09	-4.441894e+01	-4.396637e+02
4.360000e-06	-9.042880e-09	-3.919636e-09	-4.470561e+01	-4.419177e+02
4.370000e-06	-9.099410e-09	-3.946691e-09	-4.498508e+01	-4.440925e+02
4.380000e-06	-9.154375e-09	-3.972278e-09	-4.525681e+01	-4.461875e+02
4.390000e-06	-9.207523e-09	-3.995383e-09	-4.551955e+01	-4.482026e+02
4.400000e-06	-9.258748e-09	-4.015876e-09	-4.577279e+01	-4.501372e+02
4.410000e-06	-9.308114e-09	-4.035896e-09	-4.601684e+01	-4.519911e+02
4.420000e-06	-9.355578e-09	-4.057785e-09	-4.625149e+01	-4.537639e+02
4.430000e-06	-9.401291e-09	-4.080551e-09	-4.647748e+01	-4.554554e+02
4.440000e-06	-9.445535e-09	-4.101807e-09	-4.669621e+01	-4.570651e+02
4.450000e-06	-9.488388e-09	-4.120786e-09	-4.690806e+01	-4.585928e+02
4.460000e-06	-9.529806e-09	-4.138822e-09	-4.711281e+01	-4.600383e+02
4.470000e-06	-9.569710e-09	-4.156784e-09	-4.731008e+01	-4.614013e+02
4.480000e-06	-9.607947e-09	-4.173061e-09	-4.749912e+01	-4.626815e+02
4.490000e-06	-9.644362e-09	-4.187634e-09	-4.767914e+01	-4.638787e+02
4.500000e-06	-9.679050e-09	-4.202061e-09	-4.785063e+01	-4.649927e+02
4.510000e-06	-9.712149e-09	-4.217200e-09	-4.801426e+01	-4.660233e+02
4.520000e-06	-9.743612e-09	-4.232686e-09	-4.816980e+01	-4.669703e+02
4.530000e-06	-9.773241e-09	-4.247247e-09	-4.831627e+01	-4.678335e+02
4.540000e-06	-9.801020e-09	-4.259719e-09	-4.845360e+01	-4.686129e+02
4.550000e-06	-9.827115e-09	-4.270034e-09	-4.858261e+01	-4.693082e+02
4.560000e-06	-9.851550e-09	-4.279160e-09	-4.870341e+01	-4.699193e+02
4.570000e-06	-9.874243e-09	-4.287589e-09	-4.881559e+01	-4.704461e+02
4.580000e-06	-9.895051e-09	-4.296102e-09	-4.891846e+01	-4.708885e+02
4.590000e-06	-9.914087e-09	-4.303434e-09	-4.901257e+01	-4.712465e+02
4.600000e-06	-9.931497e-09	-4.309992e-09	-4.909863e+01	-4.715199e+02
4.610000e-06	-9.947213e-09	-4.317875e-09	-4.917633e+01	-4.717088e+02
4.620000e-06	-9.960964e-09	-4.326146e-09	-4.924430e+01	-4.718131e+02
4.630000e-06	-9.972631e-09	-4.333338e-09	-4.930198e+01	-4.718327e+02
4.640000e-06	-9.982448e-09	-4.338674e-09	-4.935051e+01	-4.717677e+02
4.650000e-06	-9.990574e-09	-4.342712e-09	-4.939068e+01	-4.716181e+02
4.660000e-06	-9.996937e-09	-4.345808e-09	-4.942213e+01	-4.713839e+02
4.670000e-06	-1.000141e-08	-4.347822e-09	-4.944424e+01	-4.710652e+02
4.680000e-06	-1.000414e-08	-4.349039e-09	-4.945774e+01	-4.706619e+02
4.690000e-06	-1.000527e-08	-4.349160e-09	-4.946332e+01	-4.701743e+02
