# Temperatura_=_20.0
# Concentracion g/m^3_=_10000.0
# C_Vs_to_Am_M_A/Vsm_=_116720831517.84952
# pendiente_HvsI_1/m_=_3716.3
# ordenada_HvsI_A/m_=_1297.0
# frecuencia_Hz_=_135323.52372538898
# Promedio de 25 ciclos

Tiempo_(s)	Campo_(V.s)	Magnetizacion_(V.s)	Campo_(kA/m)	Magnetizacion_(A/m)
0.000000e+00	-8.102277e-09	-3.426635e-09	-4.218064e+01	-4.028237e+02
1.000000e-08	-8.102127e-09	-3.422075e-09	-4.217985e+01	-4.027372e+02
2.000000e-08	-8.101639e-09	-3.417157e-09	-4.217731e+01	-4.026214e+02
3.000000e-08	-8.100733e-09	-3.416539e-09	-4.217258e+01	-4.024766e+02
4.000000e-08	-8.099219e-09	-3.416427e-09	-4.216467e+01	-4.023027e+02
5.000000e-08	-8.096915e-09	-3.414199e-09	-4.215262e+01	-4.020996e+02
6.000000e-08	-8.093778e-09	-3.407810e-09	-4.213622e+01	-4.018675e+02
7.000000e-08	-8.089950e-09	-3.387447e-09	-4.211622e+01	-4.016063e+02
8.000000e-08	-8.085589e-09	-3.357534e-09	-4.209349e+01	-4.013161e+02
9.000000e-08	-8.080620e-09	-3.401565e-09	-4.206760e+01	-4.009968e+02
1.000000e-07	-8.074796e-09	-3.505409e-09	-4.203719e+01	-4.006486e+02
1.100000e-07	-8.068126e-09	-3.476700e-09	-4.200238e+01	-4.002713e+02
1.200000e-07	-8.061029e-09	-3.295711e-09	-4.196543e+01	-3.998651e+02
1.300000e-07	-8.053790e-09	-3.271841e-09	-4.192777e+01	-3.994300e+02
1.400000e-07	-8.046194e-09	-3.419774e-09	-4.188823e+01	-3.989660e+02
1.500000e-07	-8.038045e-09	-3.450414e-09	-4.184578e+01	-3.984732e+02
1.600000e-07	-8.029439e-09	-3.245423e-09	-4.180099e+01	-3.979515e+02
1.700000e-07	-8.020385e-09	-3.307671e-09	-4.175384e+01	-3.974010e+02
1.800000e-07	-8.010478e-09	-3.504834e-09	-4.170218e+01	-3.968218e+02
1.900000e-07	-7.999555e-09	-3.431249e-09	-4.164524e+01	-3.962139e+02
2.000000e-07	-7.987955e-09	-3.236196e-09	-4.158485e+01	-3.955774e+02
2.100000e-07	-7.975855e-09	-3.339339e-09	-4.152188e+01	-3.949122e+02
2.200000e-07	-7.963081e-09	-3.457816e-09	-4.145533e+01	-3.942185e+02
2.300000e-07	-7.949618e-09	-3.315985e-09	-4.138519e+01	-3.934962e+02
2.400000e-07	-7.935677e-09	-3.274299e-09	-4.131259e+01	-3.927455e+02
2.500000e-07	-7.921129e-09	-3.441859e-09	-4.123684e+01	-3.919664e+02
2.600000e-07	-7.905617e-09	-3.434723e-09	-4.115603e+01	-3.911589e+02
2.700000e-07	-7.889171e-09	-3.262944e-09	-4.107039e+01	-3.903232e+02
2.800000e-07	-7.872066e-09	-3.315439e-09	-4.098135e+01	-3.894592e+02
2.900000e-07	-7.854433e-09	-3.416907e-09	-4.088953e+01	-3.885671e+02
3.000000e-07	-7.836382e-09	-3.329814e-09	-4.079552e+01	-3.876468e+02
3.100000e-07	-7.817925e-09	-3.273315e-09	-4.069940e+01	-3.866985e+02
3.200000e-07	-7.798914e-09	-3.401806e-09	-4.060039e+01	-3.857222e+02
3.300000e-07	-7.779313e-09	-3.322274e-09	-4.049831e+01	-3.847181e+02
3.400000e-07	-7.759307e-09	-3.227995e-09	-4.039415e+01	-3.836861e+02
3.500000e-07	-7.738947e-09	-3.321631e-09	-4.028814e+01	-3.826264e+02
3.600000e-07	-7.718128e-09	-3.345524e-09	-4.017971e+01	-3.815390e+02
3.700000e-07	-7.696830e-09	-3.180292e-09	-4.006879e+01	-3.804240e+02
3.800000e-07	-7.675053e-09	-3.220444e-09	-3.995538e+01	-3.792814e+02
3.900000e-07	-7.652681e-09	-3.335826e-09	-3.983888e+01	-3.781115e+02
4.000000e-07	-7.629682e-09	-3.266887e-09	-3.971913e+01	-3.769142e+02
4.100000e-07	-7.606137e-09	-3.177743e-09	-3.959652e+01	-3.756896e+02
4.200000e-07	-7.582119e-09	-3.209529e-09	-3.947145e+01	-3.744379e+02
4.300000e-07	-7.557721e-09	-3.186368e-09	-3.934438e+01	-3.731591e+02
4.400000e-07	-7.532934e-09	-3.177892e-09	-3.921531e+01	-3.718533e+02
4.500000e-07	-7.507520e-09	-3.216990e-09	-3.908298e+01	-3.705206e+02
4.600000e-07	-7.481253e-09	-3.172739e-09	-3.894620e+01	-3.691611e+02
4.700000e-07	-7.454174e-09	-3.110121e-09	-3.880520e+01	-3.677749e+02
4.800000e-07	-7.426475e-09	-3.143519e-09	-3.866098e+01	-3.663621e+02
4.900000e-07	-7.398329e-09	-3.151094e-09	-3.851443e+01	-3.649228e+02
5.000000e-07	-7.369831e-09	-3.096909e-09	-3.836604e+01	-3.634571e+02
5.100000e-07	-7.340918e-09	-3.080995e-09	-3.821549e+01	-3.619651e+02
5.200000e-07	-7.311462e-09	-3.076348e-09	-3.806212e+01	-3.604470e+02
5.300000e-07	-7.281465e-09	-3.075072e-09	-3.790593e+01	-3.589027e+02
5.400000e-07	-7.250988e-09	-3.079605e-09	-3.774723e+01	-3.573325e+02
5.500000e-07	-7.219989e-09	-3.048142e-09	-3.758581e+01	-3.557365e+02
5.600000e-07	-7.188439e-09	-2.992302e-09	-3.742154e+01	-3.541148e+02
5.700000e-07	-7.156456e-09	-2.994429e-09	-3.725501e+01	-3.524674e+02
5.800000e-07	-7.124157e-09	-3.001321e-09	-3.708683e+01	-3.507945e+02
5.900000e-07	-7.091538e-09	-2.991036e-09	-3.691699e+01	-3.490963e+02
6.000000e-07	-7.058447e-09	-2.965398e-09	-3.674469e+01	-3.473728e+02
6.100000e-07	-7.024680e-09	-2.937234e-09	-3.656886e+01	-3.456242e+02
6.200000e-07	-6.990114e-09	-2.911425e-09	-3.638885e+01	-3.438506e+02
6.300000e-07	-6.954800e-09	-2.918648e-09	-3.620493e+01	-3.420521e+02
6.400000e-07	-6.918924e-09	-2.901727e-09	-3.601808e+01	-3.402289e+02
6.500000e-07	-6.882646e-09	-2.869445e-09	-3.582917e+01	-3.383810e+02
6.600000e-07	-6.846016e-09	-2.844867e-09	-3.563844e+01	-3.365087e+02
6.700000e-07	-6.808971e-09	-2.840396e-09	-3.544553e+01	-3.346121e+02
6.800000e-07	-6.771410e-09	-2.830754e-09	-3.524993e+01	-3.326912e+02
6.900000e-07	-6.733333e-09	-2.819894e-09	-3.505168e+01	-3.307463e+02
7.000000e-07	-6.694791e-09	-2.784818e-09	-3.485101e+01	-3.287775e+02
7.100000e-07	-6.655782e-09	-2.754768e-09	-3.464789e+01	-3.267849e+02
7.200000e-07	-6.616283e-09	-2.746418e-09	-3.444222e+01	-3.247686e+02
7.300000e-07	-6.576364e-09	-2.743726e-09	-3.423438e+01	-3.227289e+02
7.400000e-07	-6.536151e-09	-2.718338e-09	-3.402501e+01	-3.206658e+02
7.500000e-07	-6.495678e-09	-2.686150e-09	-3.381427e+01	-3.185795e+02
7.600000e-07	-6.454830e-09	-2.659613e-09	-3.360159e+01	-3.164702e+02
7.700000e-07	-6.413412e-09	-2.649052e-09	-3.338594e+01	-3.143380e+02
7.800000e-07	-6.371279e-09	-2.644471e-09	-3.316657e+01	-3.121831e+02
7.900000e-07	-6.328421e-09	-2.626772e-09	-3.294340e+01	-3.100055e+02
8.000000e-07	-6.284924e-09	-2.598826e-09	-3.271688e+01	-3.078056e+02
8.100000e-07	-6.240931e-09	-2.578750e-09	-3.248780e+01	-3.055834e+02
8.200000e-07	-6.196573e-09	-2.567472e-09	-3.225683e+01	-3.033391e+02
8.300000e-07	-6.151877e-09	-2.545822e-09	-3.202411e+01	-3.010728e+02
8.400000e-07	-6.106792e-09	-2.515033e-09	-3.178937e+01	-2.987848e+02
8.500000e-07	-6.061286e-09	-2.485479e-09	-3.155244e+01	-2.964751e+02
8.600000e-07	-6.015351e-09	-2.473863e-09	-3.131326e+01	-2.941441e+02
8.700000e-07	-5.969012e-09	-2.467310e-09	-3.107199e+01	-2.917917e+02
8.800000e-07	-5.922292e-09	-2.453413e-09	-3.082873e+01	-2.894182e+02
8.900000e-07	-5.875184e-09	-2.423681e-09	-3.058346e+01	-2.870238e+02
9.000000e-07	-5.827689e-09	-2.395687e-09	-3.033616e+01	-2.846087e+02
9.100000e-07	-5.779817e-09	-2.371307e-09	-3.008690e+01	-2.821729e+02
9.200000e-07	-5.731567e-09	-2.355044e-09	-2.983568e+01	-2.797168e+02
9.300000e-07	-5.682904e-09	-2.333691e-09	-2.958232e+01	-2.772404e+02
9.400000e-07	-5.633753e-09	-2.309812e-09	-2.932644e+01	-2.747439e+02
9.500000e-07	-5.583996e-09	-2.283464e-09	-2.906741e+01	-2.722276e+02
9.600000e-07	-5.533593e-09	-2.266065e-09	-2.880499e+01	-2.696916e+02
9.700000e-07	-5.482587e-09	-2.248010e-09	-2.853942e+01	-2.671361e+02
9.800000e-07	-5.431032e-09	-2.225674e-09	-2.827098e+01	-2.645612e+02
9.900000e-07	-5.378979e-09	-2.196142e-09	-2.799997e+01	-2.619673e+02
1.000000e-06	-5.326487e-09	-2.172090e-09	-2.772669e+01	-2.593544e+02
1.010000e-06	-5.273609e-09	-2.152900e-09	-2.745140e+01	-2.567227e+02
1.020000e-06	-5.220371e-09	-2.133577e-09	-2.717423e+01	-2.540724e+02
1.030000e-06	-5.166774e-09	-2.105203e-09	-2.689520e+01	-2.514038e+02
1.040000e-06	-5.112823e-09	-2.075473e-09	-2.661434e+01	-2.487170e+02
1.050000e-06	-5.058511e-09	-2.052031e-09	-2.633157e+01	-2.460122e+02
1.060000e-06	-5.003836e-09	-2.036060e-09	-2.604691e+01	-2.432896e+02
1.070000e-06	-4.948787e-09	-2.017867e-09	-2.576030e+01	-2.405494e+02
1.080000e-06	-4.893367e-09	-1.992558e-09	-2.547175e+01	-2.377918e+02
1.090000e-06	-4.837605e-09	-1.962346e-09	-2.518142e+01	-2.350170e+02
1.100000e-06	-4.781552e-09	-1.933811e-09	-2.488959e+01	-2.322252e+02
1.110000e-06	-4.725274e-09	-1.908890e-09	-2.459658e+01	-2.294166e+02
1.120000e-06	-4.668778e-09	-1.884239e-09	-2.430245e+01	-2.265914e+02
1.130000e-06	-4.612040e-09	-1.859792e-09	-2.400705e+01	-2.237498e+02
1.140000e-06	-4.555022e-09	-1.835761e-09	-2.371021e+01	-2.208920e+02
1.150000e-06	-4.497633e-09	-1.814685e-09	-2.341145e+01	-2.180183e+02
1.160000e-06	-4.439820e-09	-1.791079e-09	-2.311046e+01	-2.151288e+02
1.170000e-06	-4.381551e-09	-1.763142e-09	-2.280709e+01	-2.122237e+02
1.180000e-06	-4.322806e-09	-1.731557e-09	-2.250120e+01	-2.093032e+02
1.190000e-06	-4.263614e-09	-1.704366e-09	-2.219302e+01	-2.063677e+02
1.200000e-06	-4.204000e-09	-1.682162e-09	-2.188265e+01	-2.034172e+02
1.210000e-06	-4.144035e-09	-1.661412e-09	-2.157043e+01	-2.004520e+02
1.220000e-06	-4.083805e-09	-1.633839e-09	-2.125684e+01	-1.974722e+02
1.230000e-06	-4.023347e-09	-1.602465e-09	-2.094206e+01	-1.944782e+02
1.240000e-06	-3.962672e-09	-1.570192e-09	-2.062617e+01	-1.914702e+02
1.250000e-06	-3.901801e-09	-1.543985e-09	-2.030925e+01	-1.884483e+02
1.260000e-06	-3.840720e-09	-1.517905e-09	-1.999126e+01	-1.854127e+02
1.270000e-06	-3.779410e-09	-1.490952e-09	-1.967208e+01	-1.823637e+02
1.280000e-06	-3.717851e-09	-1.462842e-09	-1.935157e+01	-1.793016e+02
1.290000e-06	-3.656043e-09	-1.437025e-09	-1.902978e+01	-1.762264e+02
1.300000e-06	-3.594000e-09	-1.411347e-09	-1.870676e+01	-1.731386e+02
1.310000e-06	-3.531726e-09	-1.384380e-09	-1.838255e+01	-1.700382e+02
1.320000e-06	-3.469216e-09	-1.354602e-09	-1.805710e+01	-1.669255e+02
1.330000e-06	-3.406444e-09	-1.326114e-09	-1.773029e+01	-1.638007e+02
1.340000e-06	-3.343398e-09	-1.300629e-09	-1.740207e+01	-1.606641e+02
1.350000e-06	-3.280101e-09	-1.276496e-09	-1.707255e+01	-1.575158e+02
1.360000e-06	-3.216586e-09	-1.247723e-09	-1.674188e+01	-1.543561e+02
1.370000e-06	-3.152872e-09	-1.215148e-09	-1.641015e+01	-1.511853e+02
1.380000e-06	-3.088956e-09	-1.184085e-09	-1.607738e+01	-1.480036e+02
1.390000e-06	-3.024872e-09	-1.156508e-09	-1.574375e+01	-1.448111e+02
1.400000e-06	-2.960673e-09	-1.130930e-09	-1.540951e+01	-1.416082e+02
1.410000e-06	-2.896342e-09	-1.103640e-09	-1.507457e+01	-1.383950e+02
1.420000e-06	-2.831867e-09	-1.074435e-09	-1.473890e+01	-1.351718e+02
1.430000e-06	-2.767263e-09	-1.044394e-09	-1.440255e+01	-1.319388e+02
1.440000e-06	-2.702521e-09	-1.014834e-09	-1.406548e+01	-1.286963e+02
1.450000e-06	-2.637629e-09	-9.840208e-10	-1.372763e+01	-1.254445e+02
1.460000e-06	-2.572552e-09	-9.525132e-10	-1.338882e+01	-1.221835e+02
1.470000e-06	-2.507256e-09	-9.210305e-10	-1.304890e+01	-1.189138e+02
1.480000e-06	-2.441726e-09	-8.917079e-10	-1.270776e+01	-1.156354e+02
1.490000e-06	-2.375931e-09	-8.650711e-10	-1.236524e+01	-1.123487e+02
1.500000e-06	-2.309869e-09	-8.383773e-10	-1.202135e+01	-1.090539e+02
1.510000e-06	-2.243559e-09	-8.068910e-10	-1.167615e+01	-1.057511e+02
1.520000e-06	-2.177007e-09	-7.739262e-10	-1.132966e+01	-1.024407e+02
1.530000e-06	-2.110257e-09	-7.437257e-10	-1.098215e+01	-9.912291e+01
1.540000e-06	-2.043322e-09	-7.172659e-10	-1.063368e+01	-9.579793e+01
1.550000e-06	-1.976194e-09	-6.900708e-10	-1.028420e+01	-9.246602e+01
1.560000e-06	-1.908897e-09	-6.604712e-10	-9.933874e+00	-8.912741e+01
1.570000e-06	-1.841432e-09	-6.281663e-10	-9.582681e+00	-8.578235e+01
1.580000e-06	-1.773809e-09	-5.968088e-10	-9.230647e+00	-8.243109e+01
1.590000e-06	-1.706066e-09	-5.687835e-10	-8.877974e+00	-7.907386e+01
1.600000e-06	-1.638214e-09	-5.412489e-10	-8.524709e+00	-7.571090e+01
1.610000e-06	-1.570248e-09	-5.113143e-10	-8.170831e+00	-7.234247e+01
1.620000e-06	-1.502188e-09	-4.814470e-10	-7.816452e+00	-6.896880e+01
1.630000e-06	-1.434040e-09	-4.528270e-10	-7.461627e+00	-6.559014e+01
1.640000e-06	-1.365790e-09	-4.248411e-10	-7.106297e+00	-6.220672e+01
1.650000e-06	-1.297454e-09	-3.951934e-10	-6.750530e+00	-5.881881e+01
1.660000e-06	-1.229059e-09	-3.631553e-10	-6.394446e+00	-5.542664e+01
1.670000e-06	-1.160623e-09	-3.322295e-10	-6.038133e+00	-5.203045e+01
1.680000e-06	-1.092159e-09	-3.054128e-10	-5.681712e+00	-4.863050e+01
1.690000e-06	-1.023661e-09	-2.814388e-10	-5.325126e+00	-4.522702e+01
1.700000e-06	-9.551207e-10	-2.558886e-10	-4.968312e+00	-4.182027e+01
1.710000e-06	-8.865348e-10	-2.265952e-10	-4.611268e+00	-3.841049e+01
1.720000e-06	-8.178965e-10	-1.966430e-10	-4.253962e+00	-3.499792e+01
1.730000e-06	-7.492148e-10	-1.676790e-10	-3.896429e+00	-3.158282e+01
1.740000e-06	-6.805064e-10	-1.394406e-10	-3.538745e+00	-2.816543e+01
1.750000e-06	-6.117597e-10	-1.104890e-10	-3.180852e+00	-2.474600e+01
1.760000e-06	-5.429583e-10	-8.117292e-11	-2.822679e+00	-2.132478e+01
1.770000e-06	-4.741127e-10	-5.393822e-11	-2.464275e+00	-1.790201e+01
1.780000e-06	-4.052356e-10	-2.847821e-11	-2.105718e+00	-1.447794e+01
1.790000e-06	-3.363419e-10	-1.860768e-12	-1.747065e+00	-1.105281e+01
1.800000e-06	-2.674329e-10	2.740289e-11	-1.388326e+00	-7.626883e+00
1.810000e-06	-1.985246e-10	5.676501e-11	-1.029604e+00	-4.200398e+00
1.820000e-06	-1.296200e-10	8.495428e-11	-6.708897e-01	-7.736041e-01
1.830000e-06	-6.071261e-11	1.114878e-10	-3.121642e-01	2.653251e+00
1.840000e-06	8.177786e-12	1.367956e-10	4.646494e-02	6.079919e+00
1.850000e-06	7.705416e-11	1.629953e-10	4.050455e-01	9.506153e+00
1.860000e-06	1.459218e-10	1.899557e-10	7.635969e-01	1.293170e+01
1.870000e-06	2.147914e-10	2.156257e-10	1.122149e+00	1.635633e+01
1.880000e-06	2.836657e-10	2.415019e-10	1.480720e+00	1.977977e+01
1.890000e-06	3.525131e-10	2.690331e-10	1.839151e+00	2.320179e+01
1.900000e-06	4.213469e-10	2.981096e-10	2.197522e+00	2.662213e+01
1.910000e-06	4.901777e-10	3.261673e-10	2.555866e+00	3.004056e+01
1.920000e-06	5.589815e-10	3.529745e-10	2.914052e+00	3.345682e+01
1.930000e-06	6.277412e-10	3.793978e-10	3.272011e+00	3.687066e+01
1.940000e-06	6.964471e-10	4.069421e-10	3.629690e+00	4.028185e+01
1.950000e-06	7.651067e-10	4.361876e-10	3.987110e+00	4.369012e+01
1.960000e-06	8.337281e-10	4.653122e-10	4.344320e+00	4.709524e+01
1.970000e-06	9.023034e-10	4.922722e-10	4.701314e+00	5.049696e+01
1.980000e-06	9.708210e-10	5.186252e-10	5.058013e+00	5.389504e+01
1.990000e-06	1.039276e-09	5.443644e-10	5.414386e+00	5.728922e+01
2.000000e-06	1.107682e-09	5.708197e-10	5.770522e+00	6.067926e+01
2.010000e-06	1.176044e-09	5.987326e-10	6.126432e+00	6.406493e+01
2.020000e-06	1.244347e-09	6.272183e-10	6.482030e+00	6.744596e+01
2.030000e-06	1.312596e-09	6.551553e-10	6.837327e+00	7.082212e+01
2.040000e-06	1.380783e-09	6.814443e-10	7.192301e+00	7.419317e+01
2.050000e-06	1.448892e-09	7.068727e-10	7.546882e+00	7.755885e+01
2.060000e-06	1.516920e-09	7.312115e-10	7.901031e+00	8.091894e+01
2.070000e-06	1.584842e-09	7.558588e-10	8.254642e+00	8.427317e+01
2.080000e-06	1.652643e-09	7.822844e-10	8.607602e+00	8.762132e+01
2.090000e-06	1.720329e-09	8.099223e-10	8.959954e+00	9.096313e+01
2.100000e-06	1.787873e-09	8.391209e-10	9.311596e+00	9.429838e+01
2.110000e-06	1.855250e-09	8.682370e-10	9.662365e+00	9.762681e+01
2.120000e-06	1.922450e-09	8.946006e-10	1.001220e+01	1.009482e+02
2.130000e-06	1.989436e-09	9.189006e-10	1.036091e+01	1.042623e+02
2.140000e-06	2.056225e-09	9.422115e-10	1.070860e+01	1.075688e+02
2.150000e-06	2.122825e-09	9.685833e-10	1.105530e+01	1.108676e+02
2.160000e-06	2.189207e-09	9.974915e-10	1.140086e+01	1.141583e+02
2.170000e-06	2.255380e-09	1.026343e-09	1.174532e+01	1.174408e+02
2.180000e-06	2.321339e-09	1.054203e-09	1.208866e+01	1.207149e+02
2.190000e-06	2.387059e-09	1.081187e-09	1.243075e+01	1.239802e+02
2.200000e-06	2.452524e-09	1.106703e-09	1.277152e+01	1.272365e+02
2.210000e-06	2.517750e-09	1.130772e-09	1.311106e+01	1.304836e+02
2.220000e-06	2.582770e-09	1.155182e-09	1.344951e+01	1.337214e+02
2.230000e-06	2.647604e-09	1.182293e-09	1.378699e+01	1.369494e+02
2.240000e-06	2.712262e-09	1.211064e-09	1.412356e+01	1.401676e+02
2.250000e-06	2.776749e-09	1.239304e-09	1.445924e+01	1.433756e+02
2.260000e-06	2.841088e-09	1.265586e-09	1.479416e+01	1.465732e+02
2.270000e-06	2.905284e-09	1.288824e-09	1.512836e+01	1.497603e+02
2.280000e-06	2.969316e-09	1.310214e-09	1.546174e+01	1.529365e+02
2.290000e-06	3.033196e-09	1.331830e-09	1.579434e+01	1.561017e+02
2.300000e-06	3.096935e-09	1.355789e-09	1.612617e+01	1.592556e+02
2.310000e-06	3.160496e-09	1.382540e-09	1.645704e+01	1.623980e+02
2.320000e-06	3.223849e-09	1.409821e-09	1.678685e+01	1.655286e+02
2.330000e-06	3.286999e-09	1.435964e-09	1.711561e+01	1.686473e+02
2.340000e-06	3.349916e-09	1.460212e-09	1.744315e+01	1.717538e+02
2.350000e-06	3.412582e-09	1.483476e-09	1.776936e+01	1.748479e+02
2.360000e-06	3.475018e-09	1.506743e-09	1.809439e+01	1.779293e+02
2.370000e-06	3.537211e-09	1.530482e-09	1.841816e+01	1.809979e+02
2.380000e-06	3.599140e-09	1.555204e-09	1.874055e+01	1.840534e+02
2.390000e-06	3.660802e-09	1.579898e-09	1.906155e+01	1.870956e+02
2.400000e-06	3.722202e-09	1.604512e-09	1.938118e+01	1.901243e+02
2.410000e-06	3.783358e-09	1.627818e-09	1.969956e+01	1.931392e+02
2.420000e-06	3.844285e-09	1.650441e-09	2.001674e+01	1.961402e+02
2.430000e-06	3.904998e-09	1.673487e-09	2.033279e+01	1.991269e+02
2.440000e-06	3.965512e-09	1.698077e-09	2.064782e+01	2.020993e+02
2.450000e-06	4.025848e-09	1.723787e-09	2.096195e+01	2.050571e+02
2.460000e-06	4.085992e-09	1.748063e-09	2.127505e+01	2.080001e+02
2.470000e-06	4.145888e-09	1.770437e-09	2.158686e+01	2.109280e+02
2.480000e-06	4.205466e-09	1.791865e-09	2.189700e+01	2.138407e+02
2.490000e-06	4.264627e-09	1.813125e-09	2.220495e+01	2.167379e+02
2.500000e-06	4.323305e-09	1.835657e-09	2.251040e+01	2.196194e+02
2.510000e-06	4.381483e-09	1.858941e-09	2.281322e+01	2.224851e+02
2.520000e-06	4.439160e-09	1.882172e-09	2.311344e+01	2.253347e+02
2.530000e-06	4.496398e-09	1.906821e-09	2.341138e+01	2.281680e+02
2.540000e-06	4.553282e-09	1.932017e-09	2.370748e+01	2.309848e+02
2.550000e-06	4.609874e-09	1.954743e-09	2.400207e+01	2.337849e+02
2.560000e-06	4.666237e-09	1.976652e-09	2.429548e+01	2.365681e+02
2.570000e-06	4.722374e-09	1.999579e-09	2.458774e+01	2.393342e+02
2.580000e-06	4.778228e-09	2.022877e-09	2.487854e+01	2.420830e+02
2.590000e-06	4.833781e-09	2.045436e-09	2.516773e+01	2.448143e+02
2.600000e-06	4.889022e-09	2.066382e-09	2.545529e+01	2.475279e+02
2.610000e-06	4.943946e-09	2.086794e-09	2.574120e+01	2.502236e+02
2.620000e-06	4.998542e-09	2.107295e-09	2.602542e+01	2.529012e+02
2.630000e-06	5.052791e-09	2.128548e-09	2.630784e+01	2.555606e+02
2.640000e-06	5.106678e-09	2.150688e-09	2.658833e+01	2.582014e+02
2.650000e-06	5.160182e-09	2.172521e-09	2.686683e+01	2.608236e+02
2.660000e-06	5.213278e-09	2.194255e-09	2.714322e+01	2.634269e+02
2.670000e-06	5.265968e-09	2.216070e-09	2.741750e+01	2.660112e+02
2.680000e-06	5.318273e-09	2.238143e-09	2.768978e+01	2.685763e+02
2.690000e-06	5.370132e-09	2.258599e-09	2.795976e+01	2.711219e+02
2.700000e-06	5.421482e-09	2.277030e-09	2.822705e+01	2.736480e+02
2.710000e-06	5.472284e-09	2.294822e-09	2.849148e+01	2.761543e+02
2.720000e-06	5.522467e-09	2.313208e-09	2.875270e+01	2.786405e+02
2.730000e-06	5.572050e-09	2.332909e-09	2.901075e+01	2.811067e+02
2.740000e-06	5.621132e-09	2.352660e-09	2.926621e+01	2.835525e+02
2.750000e-06	5.669816e-09	2.372816e-09	2.951963e+01	2.859779e+02
2.760000e-06	5.718179e-09	2.391756e-09	2.977139e+01	2.883825e+02
2.770000e-06	5.766221e-09	2.411950e-09	3.002149e+01	2.907663e+02
2.780000e-06	5.813903e-09	2.431509e-09	3.026968e+01	2.931291e+02
2.790000e-06	5.861159e-09	2.448455e-09	3.051564e+01	2.954707e+02
2.800000e-06	5.907967e-09	2.466230e-09	3.075932e+01	2.977909e+02
2.810000e-06	5.954369e-09	2.486122e-09	3.100086e+01	3.000896e+02
2.820000e-06	6.000375e-09	2.506086e-09	3.124033e+01	3.023666e+02
2.830000e-06	6.045976e-09	2.523004e-09	3.147772e+01	3.046218e+02
2.840000e-06	6.091176e-09	2.538452e-09	3.171301e+01	3.068549e+02
2.850000e-06	6.136021e-09	2.555586e-09	3.194647e+01	3.090659e+02
2.860000e-06	6.180573e-09	2.576183e-09	3.217841e+01	3.112545e+02
2.870000e-06	6.224851e-09	2.598386e-09	3.240892e+01	3.134205e+02
2.880000e-06	6.268815e-09	2.616818e-09	3.263779e+01	3.155640e+02
2.890000e-06	6.312311e-09	2.629839e-09	3.286421e+01	3.176846e+02
2.900000e-06	6.355157e-09	2.643543e-09	3.308720e+01	3.197823e+02
2.910000e-06	6.397261e-09	2.661649e-09	3.330630e+01	3.218568e+02
2.920000e-06	6.438658e-09	2.681689e-09	3.352173e+01	3.239080e+02
2.930000e-06	6.479508e-09	2.698612e-09	3.373436e+01	3.259359e+02
2.940000e-06	6.519984e-09	2.713722e-09	3.394507e+01	3.279402e+02
2.950000e-06	6.560143e-09	2.731208e-09	3.415413e+01	3.299207e+02
2.960000e-06	6.599939e-09	2.751568e-09	3.436128e+01	3.318775e+02
2.970000e-06	6.639308e-09	2.769219e-09	3.456621e+01	3.338102e+02
2.980000e-06	6.678219e-09	2.780272e-09	3.476875e+01	3.357188e+02
2.990000e-06	6.716659e-09	2.790313e-09	3.496885e+01	3.376031e+02
3.000000e-06	6.754613e-09	2.804472e-09	3.516644e+01	3.394630e+02
3.010000e-06	6.792092e-09	2.821862e-09	3.536154e+01	3.412984e+02
3.020000e-06	6.829121e-09	2.840165e-09	3.555430e+01	3.431091e+02
3.030000e-06	6.865773e-09	2.855496e-09	3.574510e+01	3.448950e+02
3.040000e-06	6.902111e-09	2.868309e-09	3.593426e+01	3.466559e+02
3.050000e-06	6.938090e-09	2.883025e-09	3.612156e+01	3.483918e+02
3.060000e-06	6.973551e-09	2.900147e-09	3.630612e+01	3.501025e+02
3.070000e-06	7.008296e-09	2.916021e-09	3.648695e+01	3.517879e+02
3.080000e-06	7.042254e-09	2.928161e-09	3.666368e+01	3.534478e+02
3.090000e-06	7.075505e-09	2.940543e-09	3.683671e+01	3.550822e+02
3.100000e-06	7.108226e-09	2.955024e-09	3.700701e+01	3.566910e+02
3.110000e-06	7.140595e-09	2.969982e-09	3.717550e+01	3.582739e+02
3.120000e-06	7.172612e-09	2.982641e-09	3.734216e+01	3.598309e+02
3.130000e-06	7.204182e-09	2.991683e-09	3.750649e+01	3.613620e+02
3.140000e-06	7.235253e-09	3.001237e-09	3.766820e+01	3.628669e+02
3.150000e-06	7.265812e-09	3.014383e-09	3.782727e+01	3.643455e+02
3.160000e-06	7.295861e-09	3.029666e-09	3.798368e+01	3.657978e+02
3.170000e-06	7.325397e-09	3.043216e-09	3.813739e+01	3.672237e+02
3.180000e-06	7.354438e-09	3.053649e-09	3.828854e+01	3.686230e+02
3.190000e-06	7.383089e-09	3.064507e-09	3.843766e+01	3.699957e+02
3.200000e-06	7.411423e-09	3.076298e-09	3.858515e+01	3.713416e+02
3.210000e-06	7.439344e-09	3.087189e-09	3.873048e+01	3.726607e+02
3.220000e-06	7.466663e-09	3.095566e-09	3.887266e+01	3.739528e+02
3.230000e-06	7.493188e-09	3.104272e-09	3.901069e+01	3.752179e+02
3.240000e-06	7.518857e-09	3.115894e-09	3.914422e+01	3.764559e+02
3.250000e-06	7.543818e-09	3.130392e-09	3.927410e+01	3.776666e+02
3.260000e-06	7.568295e-09	3.144247e-09	3.940154e+01	3.788501e+02
3.270000e-06	7.592364e-09	3.154353e-09	3.952687e+01	3.800061e+02
3.280000e-06	7.615935e-09	3.161648e-09	3.964960e+01	3.811347e+02
3.290000e-06	7.638956e-09	3.169218e-09	3.976943e+01	3.822357e+02
3.300000e-06	7.661456e-09	3.178810e-09	3.988655e+01	3.833091e+02
3.310000e-06	7.683444e-09	3.187621e-09	4.000099e+01	3.843548e+02
3.320000e-06	7.704888e-09	3.194432e-09	4.011261e+01	3.853727e+02
3.330000e-06	7.725811e-09	3.203074e-09	4.022151e+01	3.863627e+02
3.340000e-06	7.746346e-09	3.214510e-09	4.032841e+01	3.873248e+02
3.350000e-06	7.766539e-09	3.225574e-09	4.043353e+01	3.882588e+02
3.360000e-06	7.786287e-09	3.233260e-09	4.053630e+01	3.891648e+02
3.370000e-06	7.805449e-09	3.236539e-09	4.063601e+01	3.900427e+02
3.380000e-06	7.823976e-09	3.241573e-09	4.073240e+01	3.908924e+02
3.390000e-06	7.841931e-09	3.252758e-09	4.082584e+01	3.917138e+02
3.400000e-06	7.859429e-09	3.265381e-09	4.091692e+01	3.925069e+02
3.410000e-06	7.876485e-09	3.272771e-09	4.100568e+01	3.932716e+02
3.420000e-06	7.892917e-09	3.275863e-09	4.109115e+01	3.940079e+02
3.430000e-06	7.908590e-09	3.279418e-09	4.117268e+01	3.947157e+02
3.440000e-06	7.923552e-09	3.285071e-09	4.125051e+01	3.953949e+02
3.450000e-06	7.937906e-09	3.293254e-09	4.132519e+01	3.960456e+02
3.460000e-06	7.951672e-09	3.302249e-09	4.139684e+01	3.966676e+02
3.470000e-06	7.964843e-09	3.308405e-09	4.146535e+01	3.972610e+02
3.480000e-06	7.977474e-09	3.313411e-09	4.153107e+01	3.978256e+02
3.490000e-06	7.989557e-09	3.318777e-09	4.159399e+01	3.983615e+02
3.500000e-06	8.000954e-09	3.322772e-09	4.165331e+01	3.988686e+02
3.510000e-06	8.011489e-09	3.324438e-09	4.170809e+01	3.993468e+02
3.520000e-06	8.021138e-09	3.326765e-09	4.175824e+01	3.997961e+02
3.530000e-06	8.030088e-09	3.332607e-09	4.180479e+01	4.002166e+02
3.540000e-06	8.038584e-09	3.340813e-09	4.184902e+01	4.006081e+02
3.550000e-06	8.046690e-09	3.347895e-09	4.189122e+01	4.009707e+02
3.560000e-06	8.054294e-09	3.351427e-09	4.193079e+01	4.013042e+02
3.570000e-06	8.061331e-09	3.352508e-09	4.196738e+01	4.016088e+02
3.580000e-06	8.067800e-09	3.354268e-09	4.200102e+01	4.018843e+02
3.590000e-06	8.073685e-09	3.357237e-09	4.203161e+01	4.021307e+02
3.600000e-06	8.078977e-09	3.359570e-09	4.205911e+01	4.023481e+02
3.610000e-06	8.083770e-09	3.360450e-09	4.208405e+01	4.025364e+02
3.620000e-06	8.088188e-09	3.359834e-09	4.210705e+01	4.026956e+02
3.630000e-06	8.092192e-09	3.359757e-09	4.212791e+01	4.028256e+02
3.640000e-06	8.095569e-09	3.361338e-09	4.214549e+01	4.029266e+02
3.650000e-06	8.098117e-09	3.363499e-09	4.215872e+01	4.029984e+02
3.660000e-06	8.099806e-09	3.364954e-09	4.216748e+01	4.030411e+02
3.670000e-06	8.100817e-09	3.366919e-09	4.217271e+01	4.030546e+02
3.680000e-06	8.101371e-09	3.368957e-09	4.217556e+01	4.030390e+02
3.690000e-06	8.101512e-09	3.370352e-09	4.217628e+01	4.029942e+02
3.700000e-06	8.101153e-09	3.371074e-09	4.217440e+01	4.029204e+02
3.710000e-06	8.100226e-09	3.368630e-09	4.216955e+01	4.028173e+02
3.720000e-06	8.098772e-09	3.363260e-09	4.216195e+01	4.026852e+02
3.730000e-06	8.096809e-09	3.359519e-09	4.215173e+01	4.025239e+02
3.740000e-06	8.094287e-09	3.360438e-09	4.213859e+01	4.023336e+02
3.750000e-06	8.091252e-09	3.364722e-09	4.212277e+01	4.021141e+02
3.760000e-06	8.087849e-09	3.391201e-09	4.210503e+01	4.018656e+02
3.770000e-06	8.084123e-09	3.423427e-09	4.208562e+01	4.015881e+02
3.780000e-06	8.079753e-09	3.336128e-09	4.206281e+01	4.012814e+02
3.790000e-06	8.074198e-09	3.184304e-09	4.203379e+01	4.009458e+02
3.800000e-06	8.067370e-09	3.289056e-09	4.199817e+01	4.005812e+02
3.810000e-06	8.059888e-09	3.461364e-09	4.195922e+01	4.001876e+02
3.820000e-06	8.052312e-09	3.435249e-09	4.191980e+01	3.997651e+02
3.830000e-06	8.044525e-09	3.266045e-09	4.187926e+01	3.993137e+02
3.840000e-06	8.036076e-09	3.291206e-09	4.183523e+01	3.988334e+02
3.850000e-06	8.026946e-09	3.485400e-09	4.178764e+01	3.983243e+02
3.860000e-06	8.017543e-09	3.318918e-09	4.173868e+01	3.977864e+02
3.870000e-06	8.007808e-09	3.124589e-09	4.168799e+01	3.972197e+02
3.880000e-06	7.997188e-09	3.325198e-09	4.163265e+01	3.966243e+02
3.890000e-06	7.985745e-09	3.540954e-09	4.157302e+01	3.960003e+02
3.900000e-06	7.974006e-09	3.285934e-09	4.151193e+01	3.953476e+02
3.910000e-06	7.961829e-09	3.134387e-09	4.144852e+01	3.946663e+02
3.920000e-06	7.948605e-09	3.417928e-09	4.137959e+01	3.939565e+02
3.930000e-06	7.934418e-09	3.471838e-09	4.130568e+01	3.932182e+02
3.940000e-06	7.919715e-09	3.134966e-09	4.122913e+01	3.924514e+02
3.950000e-06	7.904412e-09	3.161992e-09	4.114942e+01	3.916563e+02
3.960000e-06	7.888405e-09	3.468623e-09	4.106602e+01	3.908329e+02
3.970000e-06	7.871992e-09	3.370759e-09	4.098057e+01	3.899812e+02
3.980000e-06	7.855212e-09	3.126995e-09	4.089321e+01	3.891013e+02
3.990000e-06	7.837798e-09	3.260197e-09	4.080251e+01	3.881933e+02
4.000000e-06	7.819823e-09	3.365998e-09	4.070891e+01	3.872573e+02
4.010000e-06	7.801453e-09	3.139799e-09	4.061327e+01	3.862932e+02
4.020000e-06	7.782584e-09	3.190496e-09	4.051500e+01	3.853012e+02
4.030000e-06	7.763179e-09	3.389831e-09	4.041395e+01	3.842813e+02
4.040000e-06	7.743424e-09	3.239759e-09	4.031112e+01	3.832337e+02
4.050000e-06	7.723176e-09	3.092564e-09	4.020570e+01	3.821583e+02
4.060000e-06	7.702053e-09	3.290152e-09	4.009568e+01	3.810553e+02
4.070000e-06	7.680081e-09	3.289829e-09	3.998124e+01	3.799248e+02
4.080000e-06	7.657477e-09	3.098112e-09	3.986352e+01	3.787668e+02
4.090000e-06	7.634276e-09	3.156266e-09	3.974270e+01	3.775814e+02
4.100000e-06	7.610565e-09	3.257708e-09	3.961925e+01	3.763687e+02
4.110000e-06	7.586424e-09	3.153835e-09	3.949354e+01	3.751288e+02
4.120000e-06	7.561760e-09	3.162203e-09	3.936512e+01	3.738618e+02
4.130000e-06	7.536547e-09	3.205138e-09	3.923384e+01	3.725678e+02
4.140000e-06	7.510861e-09	3.105569e-09	3.910010e+01	3.712468e+02
4.150000e-06	7.484638e-09	3.084057e-09	3.896355e+01	3.698989e+02
4.160000e-06	7.457826e-09	3.158835e-09	3.882394e+01	3.685244e+02
4.170000e-06	7.430580e-09	3.123842e-09	3.868207e+01	3.671232e+02
4.180000e-06	7.402999e-09	3.095185e-09	3.853846e+01	3.656954e+02
4.190000e-06	7.375004e-09	3.113790e-09	3.839269e+01	3.642412e+02
4.200000e-06	7.346450e-09	3.064985e-09	3.824400e+01	3.627607e+02
4.210000e-06	7.317144e-09	3.052037e-09	3.809136e+01	3.612539e+02
4.220000e-06	7.286987e-09	3.067036e-09	3.793429e+01	3.597210e+02
4.230000e-06	7.256105e-09	3.021789e-09	3.777346e+01	3.581621e+02
4.240000e-06	7.224721e-09	3.008760e-09	3.761004e+01	3.565774e+02
4.250000e-06	7.192955e-09	3.039764e-09	3.744465e+01	3.549668e+02
4.260000e-06	7.160785e-09	3.005480e-09	3.727717e+01	3.533306e+02
4.270000e-06	7.128131e-09	2.992304e-09	3.710717e+01	3.516688e+02
4.280000e-06	7.094982e-09	2.991160e-09	3.693458e+01	3.499816e+02
4.290000e-06	7.061415e-09	2.948614e-09	3.675981e+01	3.482691e+02
4.300000e-06	7.027393e-09	2.929095e-09	3.658268e+01	3.465314e+02
4.310000e-06	6.992862e-09	2.949577e-09	3.640291e+01	3.447687e+02
4.320000e-06	6.957864e-09	2.918644e-09	3.622069e+01	3.429810e+02
4.330000e-06	6.922493e-09	2.898644e-09	3.603653e+01	3.411686e+02
4.340000e-06	6.886804e-09	2.895350e-09	3.585072e+01	3.393315e+02
4.350000e-06	6.850694e-09	2.874949e-09	3.566271e+01	3.374698e+02
4.360000e-06	6.813925e-09	2.855198e-09	3.547124e+01	3.355838e+02
4.370000e-06	6.776325e-09	2.847858e-09	3.527544e+01	3.336734e+02
4.380000e-06	6.737946e-09	2.822939e-09	3.507559e+01	3.317390e+02
4.390000e-06	6.699012e-09	2.813866e-09	3.487287e+01	3.297806e+02
4.400000e-06	6.659686e-09	2.802362e-09	3.466811e+01	3.277983e+02
4.410000e-06	6.620012e-09	2.775733e-09	3.446154e+01	3.257924e+02
4.420000e-06	6.579995e-09	2.755249e-09	3.425320e+01	3.237628e+02
4.430000e-06	6.539574e-09	2.743394e-09	3.404274e+01	3.217099e+02
4.440000e-06	6.498690e-09	2.725706e-09	3.382987e+01	3.196337e+02
4.450000e-06	6.457371e-09	2.715628e-09	3.361472e+01	3.175344e+02
4.460000e-06	6.415629e-09	2.701767e-09	3.339737e+01	3.154122e+02
4.470000e-06	6.373435e-09	2.679442e-09	3.317768e+01	3.132671e+02
4.480000e-06	6.330772e-09	2.661849e-09	3.295555e+01	3.110994e+02
4.490000e-06	6.287686e-09	2.646752e-09	3.273124e+01	3.089092e+02
4.500000e-06	6.244274e-09	2.628131e-09	3.250522e+01	3.066967e+02
4.510000e-06	6.200563e-09	2.606126e-09	3.227764e+01	3.044620e+02
4.520000e-06	6.156488e-09	2.591043e-09	3.204818e+01	3.022053e+02
4.530000e-06	6.111971e-09	2.580892e-09	3.181642e+01	2.999267e+02
4.540000e-06	6.066968e-09	2.568369e-09	3.158211e+01	2.976265e+02
4.550000e-06	6.021479e-09	2.544993e-09	3.134526e+01	2.953047e+02
4.560000e-06	5.975562e-09	2.523673e-09	3.110619e+01	2.929616e+02
4.570000e-06	5.929303e-09	2.500957e-09	3.086535e+01	2.905973e+02
4.580000e-06	5.882718e-09	2.482697e-09	3.062282e+01	2.882120e+02
4.590000e-06	5.835761e-09	2.465805e-09	3.037836e+01	2.858059e+02
4.600000e-06	5.788342e-09	2.451252e-09	3.013148e+01	2.833791e+02
4.610000e-06	5.740363e-09	2.429536e-09	2.988170e+01	2.809318e+02
4.620000e-06	5.691847e-09	2.406284e-09	2.962912e+01	2.784642e+02
4.630000e-06	5.642845e-09	2.384686e-09	2.937398e+01	2.759765e+02
4.640000e-06	5.593401e-09	2.370356e-09	2.911653e+01	2.734688e+02
4.650000e-06	5.543547e-09	2.348108e-09	2.885696e+01	2.709413e+02
4.660000e-06	5.493284e-09	2.321370e-09	2.859528e+01	2.683943e+02
4.670000e-06	5.442615e-09	2.298492e-09	2.833150e+01	2.658279e+02
4.680000e-06	5.391549e-09	2.283268e-09	2.806564e+01	2.632422e+02
4.690000e-06	5.340096e-09	2.264096e-09	2.779775e+01	2.606375e+02
4.700000e-06	5.288235e-09	2.239393e-09	2.752772e+01	2.580140e+02
4.710000e-06	5.235924e-09	2.212704e-09	2.725536e+01	2.553718e+02
4.720000e-06	5.183098e-09	2.192244e-09	2.698035e+01	2.527111e+02
4.730000e-06	5.129674e-09	2.175963e-09	2.670225e+01	2.500322e+02
4.740000e-06	5.075663e-09	2.158886e-09	2.642109e+01	2.473352e+02
4.750000e-06	5.021120e-09	2.134979e-09	2.613712e+01	2.446203e+02
4.760000e-06	4.966145e-09	2.108540e-09	2.585087e+01	2.418878e+02
4.770000e-06	4.910832e-09	2.084707e-09	2.556289e+01	2.391377e+02
4.780000e-06	4.855247e-09	2.065392e-09	2.527351e+01	2.363704e+02
4.790000e-06	4.799415e-09	2.047491e-09	2.498283e+01	2.335860e+02
4.800000e-06	4.743311e-09	2.025698e-09	2.469074e+01	2.307847e+02
4.810000e-06	4.686894e-09	2.001741e-09	2.439703e+01	2.279667e+02
4.820000e-06	4.630151e-09	1.977632e-09	2.410163e+01	2.251322e+02
4.830000e-06	4.573086e-09	1.954848e-09	2.380454e+01	2.222815e+02
4.840000e-06	4.515711e-09	1.928423e-09	2.350584e+01	2.194147e+02
4.850000e-06	4.458046e-09	1.900596e-09	2.320561e+01	2.165320e+02
4.860000e-06	4.400080e-09	1.874837e-09	2.290383e+01	2.136336e+02
4.870000e-06	4.341816e-09	1.854213e-09	2.260049e+01	2.107199e+02
4.880000e-06	4.283242e-09	1.834737e-09	2.229555e+01	2.077909e+02
4.890000e-06	4.224370e-09	1.814516e-09	2.198904e+01	2.048468e+02
4.900000e-06	4.165234e-09	1.789037e-09	2.168115e+01	2.018880e+02
4.910000e-06	4.105855e-09	1.761915e-09	2.137200e+01	1.989146e+02
4.920000e-06	4.046261e-09	1.735671e-09	2.106173e+01	1.959268e+02
4.930000e-06	3.986445e-09	1.712285e-09	2.075029e+01	1.929248e+02
4.940000e-06	3.926380e-09	1.687369e-09	2.043757e+01	1.899089e+02
4.950000e-06	3.866038e-09	1.662200e-09	2.012344e+01	1.868792e+02
4.960000e-06	3.805374e-09	1.639549e-09	1.980762e+01	1.838361e+02
4.970000e-06	3.744346e-09	1.620856e-09	1.948988e+01	1.807796e+02
4.980000e-06	3.682937e-09	1.600575e-09	1.917017e+01	1.777101e+02
4.990000e-06	3.621137e-09	1.577337e-09	1.884840e+01	1.746278e+02
5.000000e-06	3.558972e-09	1.551114e-09	1.852474e+01	1.715328e+02
5.010000e-06	3.496479e-09	1.527451e-09	1.819938e+01	1.684254e+02
5.020000e-06	3.433662e-09	1.505522e-09	1.787234e+01	1.653058e+02
5.030000e-06	3.370582e-09	1.483381e-09	1.754391e+01	1.621743e+02
5.040000e-06	3.307287e-09	1.457114e-09	1.721437e+01	1.590311e+02
5.050000e-06	3.243797e-09	1.429808e-09	1.688381e+01	1.558764e+02
5.060000e-06	3.180114e-09	1.406088e-09	1.655224e+01	1.527104e+02
5.070000e-06	3.116237e-09	1.384242e-09	1.621968e+01	1.495334e+02
5.080000e-06	3.052194e-09	1.361319e-09	1.588629e+01	1.463455e+02
5.090000e-06	2.988000e-09	1.336959e-09	1.555210e+01	1.431471e+02
5.100000e-06	2.923619e-09	1.311517e-09	1.521693e+01	1.399384e+02
5.110000e-06	2.859043e-09	1.285606e-09	1.488074e+01	1.367195e+02
5.120000e-06	2.794268e-09	1.258312e-09	1.454351e+01	1.334907e+02
5.130000e-06	2.729287e-09	1.229311e-09	1.420522e+01	1.302523e+02
5.140000e-06	2.664111e-09	1.203238e-09	1.386590e+01	1.270045e+02
5.150000e-06	2.598748e-09	1.179703e-09	1.352558e+01	1.237475e+02
5.160000e-06	2.533195e-09	1.157874e-09	1.318428e+01	1.204816e+02
5.170000e-06	2.467448e-09	1.133604e-09	1.284197e+01	1.172069e+02
5.180000e-06	2.401516e-09	1.107427e-09	1.249871e+01	1.139238e+02
5.190000e-06	2.335403e-09	1.079314e-09	1.215451e+01	1.106325e+02
5.200000e-06	2.269118e-09	1.054475e-09	1.180942e+01	1.073331e+02
5.210000e-06	2.202672e-09	1.030099e-09	1.146347e+01	1.040260e+02
5.220000e-06	2.136094e-09	1.002340e-09	1.111683e+01	1.007114e+02
5.230000e-06	2.069416e-09	9.707913e-10	1.076969e+01	9.738948e+01
5.240000e-06	2.002636e-09	9.369973e-10	1.042204e+01	9.406055e+01
5.250000e-06	1.935742e-09	9.063196e-10	1.007381e+01	9.072481e+01
5.260000e-06	1.868734e-09	8.801151e-10	9.724979e+00	8.738252e+01
5.270000e-06	1.801627e-09	8.530722e-10	9.375644e+00	8.403392e+01
5.280000e-06	1.734420e-09	8.237423e-10	9.025757e+00	8.067924e+01
5.290000e-06	1.667113e-09	7.952277e-10	8.675329e+00	7.731874e+01
5.300000e-06	1.599710e-09	7.674843e-10	8.324405e+00	7.395265e+01
5.310000e-06	1.532201e-09	7.382775e-10	7.972955e+00	7.058121e+01
5.320000e-06	1.464612e-09	7.053635e-10	7.621104e+00	6.720468e+01
5.330000e-06	1.396946e-09	6.699224e-10	7.268850e+00	6.382329e+01
5.340000e-06	1.329180e-09	6.386325e-10	6.916064e+00	6.043729e+01
5.350000e-06	1.261311e-09	6.107953e-10	6.562749e+00	5.704693e+01
5.360000e-06	1.193375e-09	5.831690e-10	6.209086e+00	5.365244e+01
5.370000e-06	1.125386e-09	5.543396e-10	5.855137e+00	5.025409e+01
5.380000e-06	1.057339e-09	5.244132e-10	5.500890e+00	4.685210e+01
5.390000e-06	9.892197e-10	4.942548e-10	5.146278e+00	4.344673e+01
5.400000e-06	9.210275e-10	4.644046e-10	4.791284e+00	4.003822e+01
5.410000e-06	8.527366e-10	4.330650e-10	4.435782e+00	3.662682e+01
5.420000e-06	7.843678e-10	3.989116e-10	4.079877e+00	3.321277e+01
5.430000e-06	7.159521e-10	3.651613e-10	3.723716e+00	2.979634e+01
5.440000e-06	6.474857e-10	3.324530e-10	3.367289e+00	2.637775e+01
5.450000e-06	5.789546e-10	3.012122e-10	3.010532e+00	2.295725e+01
5.460000e-06	5.103429e-10	2.711446e-10	2.653327e+00	1.953511e+01
5.470000e-06	4.416942e-10	2.429131e-10	2.295932e+00	1.611155e+01
5.480000e-06	3.730102e-10	2.149007e-10	1.938382e+00	1.268684e+01
5.490000e-06	3.042863e-10	1.843882e-10	1.580613e+00	9.261209e+00
5.500000e-06	2.355541e-10	1.514227e-10	1.222808e+00	5.834916e+00
5.510000e-06	1.668272e-10	1.181310e-10	8.650249e-01	2.408206e+00
5.520000e-06	9.811218e-11	8.524968e-11	5.072813e-01	-1.018673e+00
5.530000e-06	2.941747e-11	5.298369e-11	1.496427e-01	-4.445473e+00
5.540000e-06	-3.927168e-11	2.145133e-11	-2.079693e-01	-7.871947e+00
5.550000e-06	-1.079606e-10	-8.481038e-12	-5.655706e-01	-1.129785e+01
5.560000e-06	-1.766467e-10	-3.783790e-11	-9.231350e-01	-1.472293e+01
5.570000e-06	-2.453438e-10	-6.803960e-11	-1.280753e+00	-1.814693e+01
5.580000e-06	-3.140328e-10	-1.003748e-10	-1.638324e+00	-2.156963e+01
5.590000e-06	-3.826953e-10	-1.329246e-10	-1.995761e+00	-2.499075e+01
5.600000e-06	-4.513289e-10	-1.652427e-10	-2.353069e+00	-2.841007e+01
5.610000e-06	-5.199244e-10	-1.975975e-10	-2.710178e+00	-3.182732e+01
5.620000e-06	-5.884572e-10	-2.308205e-10	-3.066968e+00	-3.524227e+01
5.630000e-06	-6.569187e-10	-2.648612e-10	-3.423395e+00	-3.865467e+01
5.640000e-06	-7.253213e-10	-2.982861e-10	-3.779510e+00	-4.206426e+01
5.650000e-06	-7.936481e-10	-3.299088e-10	-4.135235e+00	-4.547081e+01
5.660000e-06	-8.618917e-10	-3.596362e-10	-4.490512e+00	-4.887407e+01
5.670000e-06	-9.300570e-10	-3.882417e-10	-4.845362e+00	-5.227379e+01
5.680000e-06	-9.981382e-10	-4.164456e-10	-5.199761e+00	-5.566972e+01
5.690000e-06	-1.066147e-09	-4.463366e-10	-5.553793e+00	-5.906162e+01
5.700000e-06	-1.134093e-09	-4.784975e-10	-5.907500e+00	-6.244925e+01
5.710000e-06	-1.201971e-09	-5.115803e-10	-6.260860e+00	-6.583235e+01
5.720000e-06	-1.269775e-09	-5.435732e-10	-6.613848e+00	-6.921069e+01
5.730000e-06	-1.337505e-09	-5.752701e-10	-6.966452e+00	-7.258402e+01
5.740000e-06	-1.405171e-09	-6.074775e-10	-7.318709e+00	-7.595210e+01
5.750000e-06	-1.472758e-09	-6.397724e-10	-7.670563e+00	-7.931468e+01
5.760000e-06	-1.540249e-09	-6.692435e-10	-8.021932e+00	-8.267152e+01
5.770000e-06	-1.607641e-09	-6.971251e-10	-8.372782e+00	-8.602237e+01
5.780000e-06	-1.674932e-09	-7.261565e-10	-8.723103e+00	-8.936700e+01
5.790000e-06	-1.742112e-09	-7.578743e-10	-9.072834e+00	-9.270517e+01
5.800000e-06	-1.809171e-09	-7.907982e-10	-9.421945e+00	-9.603662e+01
5.810000e-06	-1.876118e-09	-8.234990e-10	-9.770477e+00	-9.936113e+01
5.820000e-06	-1.942947e-09	-8.569554e-10	-1.011837e+01	-1.026784e+02
5.830000e-06	-2.009663e-09	-8.902559e-10	-1.046568e+01	-1.059883e+02
5.840000e-06	-2.076262e-09	-9.216192e-10	-1.081240e+01	-1.092905e+02
5.850000e-06	-2.142726e-09	-9.503720e-10	-1.115843e+01	-1.125849e+02
5.860000e-06	-2.209061e-09	-9.785562e-10	-1.150377e+01	-1.158710e+02
5.870000e-06	-2.275263e-09	-1.009118e-09	-1.184842e+01	-1.191488e+02
5.880000e-06	-2.341318e-09	-1.042151e-09	-1.219230e+01	-1.224179e+02
5.890000e-06	-2.407192e-09	-1.074679e-09	-1.253524e+01	-1.256782e+02
5.900000e-06	-2.472890e-09	-1.105238e-09	-1.287726e+01	-1.289295e+02
5.910000e-06	-2.538424e-09	-1.135429e-09	-1.321844e+01	-1.321713e+02
5.920000e-06	-2.603770e-09	-1.166036e-09	-1.355862e+01	-1.354037e+02
5.930000e-06	-2.668910e-09	-1.197361e-09	-1.389774e+01	-1.386262e+02
5.940000e-06	-2.733848e-09	-1.228693e-09	-1.423581e+01	-1.418387e+02
5.950000e-06	-2.798602e-09	-1.259017e-09	-1.457292e+01	-1.450409e+02
5.960000e-06	-2.863171e-09	-1.288275e-09	-1.490909e+01	-1.482326e+02
5.970000e-06	-2.927537e-09	-1.316135e-09	-1.524420e+01	-1.514136e+02
5.980000e-06	-2.991724e-09	-1.343900e-09	-1.557835e+01	-1.545837e+02
5.990000e-06	-3.055752e-09	-1.372133e-09	-1.591167e+01	-1.577426e+02
6.000000e-06	-3.119608e-09	-1.401421e-09	-1.624409e+01	-1.608900e+02
6.010000e-06	-3.183293e-09	-1.431965e-09	-1.657562e+01	-1.640259e+02
6.020000e-06	-3.246816e-09	-1.462524e-09	-1.690632e+01	-1.671498e+02
6.030000e-06	-3.310165e-09	-1.491877e-09	-1.723612e+01	-1.702617e+02
6.040000e-06	-3.373308e-09	-1.519965e-09	-1.756484e+01	-1.733612e+02
6.050000e-06	-3.436208e-09	-1.547862e-09	-1.789230e+01	-1.764482e+02
6.060000e-06	-3.498833e-09	-1.576892e-09	-1.821834e+01	-1.795225e+02
6.070000e-06	-3.561148e-09	-1.603679e-09	-1.854274e+01	-1.825837e+02
6.080000e-06	-3.623106e-09	-1.627320e-09	-1.886525e+01	-1.856318e+02
6.090000e-06	-3.684673e-09	-1.650932e-09	-1.918575e+01	-1.886664e+02
6.100000e-06	-3.745833e-09	-1.675708e-09	-1.950416e+01	-1.916874e+02
6.110000e-06	-3.806605e-09	-1.703380e-09	-1.982052e+01	-1.946945e+02
6.120000e-06	-3.867031e-09	-1.733647e-09	-2.013505e+01	-1.976875e+02
6.130000e-06	-3.927155e-09	-1.763731e-09	-2.044799e+01	-2.006662e+02
6.140000e-06	-3.987029e-09	-1.792036e-09	-2.075964e+01	-2.036304e+02
6.150000e-06	-4.046694e-09	-1.818650e-09	-2.107023e+01	-2.065799e+02
6.160000e-06	-4.106151e-09	-1.843215e-09	-2.137977e+01	-2.095144e+02
6.170000e-06	-4.165373e-09	-1.865390e-09	-2.168808e+01	-2.124338e+02
6.180000e-06	-4.224334e-09	-1.887207e-09	-2.199503e+01	-2.153378e+02
6.190000e-06	-4.283008e-09	-1.911530e-09	-2.230049e+01	-2.182263e+02
6.200000e-06	-4.341389e-09	-1.940469e-09	-2.260440e+01	-2.210989e+02
6.210000e-06	-4.399455e-09	-1.971119e-09	-2.290667e+01	-2.239556e+02
6.220000e-06	-4.457203e-09	-1.998460e-09	-2.320729e+01	-2.267960e+02
6.230000e-06	-4.514628e-09	-2.022830e-09	-2.350627e+01	-2.296201e+02
6.240000e-06	-4.571724e-09	-2.047957e-09	-2.380353e+01	-2.324275e+02
6.250000e-06	-4.628512e-09	-2.076069e-09	-2.409913e+01	-2.352182e+02
6.260000e-06	-4.684961e-09	-2.102552e-09	-2.439297e+01	-2.379918e+02
6.270000e-06	-4.741086e-09	-2.125796e-09	-2.468512e+01	-2.407482e+02
6.280000e-06	-4.796946e-09	-2.146058e-09	-2.497590e+01	-2.434872e+02
6.290000e-06	-4.852569e-09	-2.167157e-09	-2.526546e+01	-2.462085e+02
6.300000e-06	-4.907955e-09	-2.188754e-09	-2.555377e+01	-2.489121e+02
6.310000e-06	-4.963040e-09	-2.209576e-09	-2.584054e+01	-2.515977e+02
6.320000e-06	-5.017740e-09	-2.232622e-09	-2.612534e+01	-2.542650e+02
6.330000e-06	-5.071943e-09	-2.259903e-09	-2.640754e+01	-2.569140e+02
6.340000e-06	-5.125562e-09	-2.289953e-09	-2.668665e+01	-2.595444e+02
6.350000e-06	-5.178593e-09	-2.318168e-09	-2.696268e+01	-2.621560e+02
6.360000e-06	-5.231089e-09	-2.342172e-09	-2.723594e+01	-2.647486e+02
6.370000e-06	-5.283125e-09	-2.360415e-09	-2.750680e+01	-2.673222e+02
6.380000e-06	-5.334760e-09	-2.376099e-09	-2.777556e+01	-2.698763e+02
6.390000e-06	-5.386024e-09	-2.394824e-09	-2.804240e+01	-2.724110e+02
6.400000e-06	-5.436901e-09	-2.418939e-09	-2.830723e+01	-2.749259e+02
6.410000e-06	-5.487373e-09	-2.445991e-09	-2.856995e+01	-2.774210e+02
6.420000e-06	-5.537456e-09	-2.470196e-09	-2.883066e+01	-2.798960e+02
6.430000e-06	-5.587121e-09	-2.491646e-09	-2.908921e+01	-2.823507e+02
6.440000e-06	-5.636310e-09	-2.511943e-09	-2.934530e+01	-2.847850e+02
6.450000e-06	-5.684974e-09	-2.531604e-09	-2.959861e+01	-2.871988e+02
6.460000e-06	-5.733030e-09	-2.551996e-09	-2.984872e+01	-2.895917e+02
6.470000e-06	-5.780465e-09	-2.572953e-09	-3.009559e+01	-2.919637e+02
6.480000e-06	-5.827352e-09	-2.594755e-09	-3.033963e+01	-2.943146e+02
6.490000e-06	-5.873792e-09	-2.616522e-09	-3.058135e+01	-2.966442e+02
6.500000e-06	-5.919879e-09	-2.637614e-09	-3.082124e+01	-2.989523e+02
6.510000e-06	-5.965671e-09	-2.656834e-09	-3.105964e+01	-3.012389e+02
6.520000e-06	-6.011171e-09	-2.674969e-09	-3.129650e+01	-3.035036e+02
6.530000e-06	-6.056313e-09	-2.693787e-09	-3.153148e+01	-3.057464e+02
6.540000e-06	-6.101028e-09	-2.714363e-09	-3.176424e+01	-3.079671e+02
6.550000e-06	-6.145314e-09	-2.734539e-09	-3.199477e+01	-3.101655e+02
6.560000e-06	-6.189233e-09	-2.752162e-09	-3.222340e+01	-3.123414e+02
6.570000e-06	-6.232838e-09	-2.768470e-09	-3.245038e+01	-3.144948e+02
6.580000e-06	-6.276138e-09	-2.785121e-09	-3.267579e+01	-3.166254e+02
6.590000e-06	-6.319093e-09	-2.802063e-09	-3.289941e+01	-3.187331e+02
6.600000e-06	-6.361632e-09	-2.820456e-09	-3.312083e+01	-3.208178e+02
6.610000e-06	-6.403726e-09	-2.840585e-09	-3.333995e+01	-3.228792e+02
6.620000e-06	-6.445390e-09	-2.862133e-09	-3.355683e+01	-3.249174e+02
6.630000e-06	-6.486624e-09	-2.881612e-09	-3.377147e+01	-3.269320e+02
6.640000e-06	-6.527403e-09	-2.897607e-09	-3.398374e+01	-3.289229e+02
6.650000e-06	-6.567733e-09	-2.911397e-09	-3.419368e+01	-3.308901e+02
6.660000e-06	-6.607661e-09	-2.925828e-09	-3.440154e+01	-3.328333e+02
6.670000e-06	-6.647240e-09	-2.943426e-09	-3.460758e+01	-3.347525e+02
6.680000e-06	-6.686477e-09	-2.960608e-09	-3.481184e+01	-3.366475e+02
6.690000e-06	-6.725313e-09	-2.975031e-09	-3.501403e+01	-3.385181e+02
6.700000e-06	-6.763606e-09	-2.989108e-09	-3.521338e+01	-3.403642e+02
6.710000e-06	-6.801186e-09	-3.004179e-09	-3.540902e+01	-3.421857e+02
6.720000e-06	-6.838027e-09	-3.019457e-09	-3.560080e+01	-3.439825e+02
6.730000e-06	-6.874246e-09	-3.033910e-09	-3.578930e+01	-3.457543e+02
6.740000e-06	-6.909988e-09	-3.046975e-09	-3.597536e+01	-3.475012e+02
6.750000e-06	-6.945365e-09	-3.060245e-09	-3.615953e+01	-3.492229e+02
6.760000e-06	-6.980364e-09	-3.075537e-09	-3.634171e+01	-3.509194e+02
6.770000e-06	-7.014899e-09	-3.091541e-09	-3.652148e+01	-3.525905e+02
6.780000e-06	-7.048938e-09	-3.105219e-09	-3.669867e+01	-3.542361e+02
6.790000e-06	-7.082498e-09	-3.114785e-09	-3.687337e+01	-3.558561e+02
6.800000e-06	-7.115574e-09	-3.123413e-09	-3.704556e+01	-3.574503e+02
6.810000e-06	-7.148142e-09	-3.135861e-09	-3.721513e+01	-3.590187e+02
6.820000e-06	-7.180240e-09	-3.152727e-09	-3.738223e+01	-3.605611e+02
6.830000e-06	-7.211950e-09	-3.169587e-09	-3.754728e+01	-3.620775e+02
6.840000e-06	-7.243291e-09	-3.180869e-09	-3.771042e+01	-3.635676e+02
6.850000e-06	-7.274142e-09	-3.187287e-09	-3.787099e+01	-3.650315e+02
6.860000e-06	-7.304303e-09	-3.192460e-09	-3.802797e+01	-3.664689e+02
6.870000e-06	-7.333647e-09	-3.200031e-09	-3.818069e+01	-3.678799e+02
6.880000e-06	-7.362196e-09	-3.210117e-09	-3.832926e+01	-3.692642e+02
6.890000e-06	-7.390162e-09	-3.222025e-09	-3.847481e+01	-3.706218e+02
6.900000e-06	-7.417756e-09	-3.235028e-09	-3.861844e+01	-3.719527e+02
6.910000e-06	-7.444991e-09	-3.246897e-09	-3.876022e+01	-3.732566e+02
6.920000e-06	-7.471757e-09	-3.255809e-09	-3.889955e+01	-3.745335e+02
6.930000e-06	-7.497998e-09	-3.260698e-09	-3.903612e+01	-3.757834e+02
6.940000e-06	-7.523706e-09	-3.264618e-09	-3.916992e+01	-3.770060e+02
6.950000e-06	-7.548876e-09	-3.271833e-09	-3.930093e+01	-3.782014e+02
6.960000e-06	-7.573507e-09	-3.282630e-09	-3.942915e+01	-3.793695e+02
6.970000e-06	-7.597627e-09	-3.295399e-09	-3.955471e+01	-3.805101e+02
6.980000e-06	-7.621336e-09	-3.307371e-09	-3.967813e+01	-3.816232e+02
6.990000e-06	-7.644702e-09	-3.314662e-09	-3.979975e+01	-3.827086e+02
7.000000e-06	-7.667594e-09	-3.318355e-09	-3.991888e+01	-3.837664e+02
7.010000e-06	-7.689788e-09	-3.319902e-09	-4.003437e+01	-3.847965e+02
7.020000e-06	-7.711152e-09	-3.323761e-09	-4.014553e+01	-3.857987e+02
7.030000e-06	-7.731690e-09	-3.331365e-09	-4.025243e+01	-3.867730e+02
7.040000e-06	-7.751621e-09	-3.340735e-09	-4.035617e+01	-3.877194e+02
7.050000e-06	-7.771167e-09	-3.349427e-09	-4.045792e+01	-3.886377e+02
7.060000e-06	-7.790327e-09	-3.356554e-09	-4.055766e+01	-3.895278e+02
7.070000e-06	-7.809001e-09	-3.363421e-09	-4.065486e+01	-3.903899e+02
7.080000e-06	-7.827141e-09	-3.369833e-09	-4.074925e+01	-3.912236e+02
7.090000e-06	-7.844761e-09	-3.374522e-09	-4.084095e+01	-3.920291e+02
7.100000e-06	-7.861867e-09	-3.377298e-09	-4.092998e+01	-3.928063e+02
7.110000e-06	-7.878433e-09	-3.379706e-09	-4.101621e+01	-3.935550e+02
7.120000e-06	-7.894485e-09	-3.384000e-09	-4.109975e+01	-3.942752e+02
7.130000e-06	-7.910137e-09	-3.389383e-09	-4.118120e+01	-3.949670e+02
7.140000e-06	-7.925376e-09	-3.393456e-09	-4.126052e+01	-3.956302e+02
7.150000e-06	-7.939960e-09	-3.397867e-09	-4.133643e+01	-3.962647e+02
7.160000e-06	-7.953646e-09	-3.403921e-09	-4.140764e+01	-3.968706e+02
7.170000e-06	-7.966414e-09	-3.409644e-09	-4.147404e+01	-3.974478e+02
7.180000e-06	-7.978452e-09	-3.412269e-09	-4.153664e+01	-3.979963e+02
7.190000e-06	-7.989934e-09	-3.413056e-09	-4.159637e+01	-3.985160e+02
7.200000e-06	-8.000875e-09	-3.413960e-09	-4.165330e+01	-3.990068e+02
7.210000e-06	-8.011237e-09	-3.415670e-09	-4.170723e+01	-3.994688e+02
7.220000e-06	-8.021050e-09	-3.417217e-09	-4.175833e+01	-3.999019e+02
7.230000e-06	-8.030364e-09	-3.419169e-09	-4.180682e+01	-4.003061e+02
7.240000e-06	-8.039110e-09	-3.422242e-09	-4.185234e+01	-4.006813e+02
7.250000e-06	-8.047278e-09	-3.425783e-09	-4.189482e+01	-4.010275e+02
7.260000e-06	-8.054996e-09	-3.428372e-09	-4.193497e+01	-4.013448e+02
7.270000e-06	-8.062339e-09	-3.430698e-09	-4.197316e+01	-4.016330e+02
7.280000e-06	-8.069178e-09	-3.431588e-09	-4.200874e+01	-4.018921e+02
7.290000e-06	-8.075260e-09	-3.430066e-09	-4.204034e+01	-4.021222e+02
7.300000e-06	-8.080465e-09	-3.428156e-09	-4.206739e+01	-4.023232e+02
7.310000e-06	-8.084874e-09	-3.428467e-09	-4.209030e+01	-4.024952e+02
7.320000e-06	-8.088724e-09	-3.431012e-09	-4.211030e+01	-4.026380e+02
7.330000e-06	-8.092183e-09	-3.432847e-09	-4.212828e+01	-4.027516e+02
7.340000e-06	-8.095220e-09	-3.432482e-09	-4.214406e+01	-4.028362e+02
7.350000e-06	-8.097708e-09	-3.431524e-09	-4.215700e+01	-4.028916e+02
7.360000e-06	-8.099647e-09	-3.430245e-09	-4.216708e+01	-4.029179e+02
7.370000e-06	-8.101124e-09	-3.429439e-09	-4.217473e+01	-4.029150e+02
7.380000e-06	-8.102009e-09	-3.428672e-09	-4.217928e+01	-4.028830e+02
