# Temperatura_=_20.0
# Concentracion g/m^3_=_10000.0
# C_Vs_to_Am_M_A/Vsm_=_116720831517.84952
# pendiente_HvsI_1/m_=_3716.3
# ordenada_HvsI_A/m_=_1297.0
# frecuencia_Hz_=_114837.28190916892
# Promedio de 26 ciclos

Tiempo_(s)	Campo_(V.s)	Magnetizacion_(V.s)	Campo_(kA/m)	Magnetizacion_(A/m)
0.000000e+00	-5.678455e-09	-2.431613e-09	-2.729733e+01	-2.855416e+02
1.000000e-08	-5.678436e-09	-2.431741e-09	-2.729724e+01	-2.855130e+02
2.000000e-08	-5.678240e-09	-2.433913e-09	-2.729630e+01	-2.854696e+02
3.000000e-08	-5.677889e-09	-2.437641e-09	-2.729461e+01	-2.854114e+02
4.000000e-08	-5.677371e-09	-2.434635e-09	-2.729212e+01	-2.853382e+02
5.000000e-08	-5.676653e-09	-2.423028e-09	-2.728867e+01	-2.852502e+02
6.000000e-08	-5.675645e-09	-2.422490e-09	-2.728382e+01	-2.851474e+02
7.000000e-08	-5.674211e-09	-2.441403e-09	-2.727693e+01	-2.850297e+02
8.000000e-08	-5.672200e-09	-2.457533e-09	-2.726726e+01	-2.848971e+02
9.000000e-08	-5.669587e-09	-2.453109e-09	-2.725470e+01	-2.847497e+02
1.000000e-07	-5.666488e-09	-2.439809e-09	-2.723980e+01	-2.845875e+02
1.100000e-07	-5.663042e-09	-2.421296e-09	-2.722324e+01	-2.844104e+02
1.200000e-07	-5.659352e-09	-2.401941e-09	-2.720550e+01	-2.842186e+02
1.300000e-07	-5.655406e-09	-2.386248e-09	-2.718653e+01	-2.840119e+02
1.400000e-07	-5.651227e-09	-2.383539e-09	-2.716644e+01	-2.837904e+02
1.500000e-07	-5.646880e-09	-2.423058e-09	-2.714554e+01	-2.835542e+02
1.600000e-07	-5.642345e-09	-2.449634e-09	-2.712374e+01	-2.833032e+02
1.700000e-07	-5.637582e-09	-2.428964e-09	-2.710085e+01	-2.830374e+02
1.800000e-07	-5.632568e-09	-2.417976e-09	-2.707674e+01	-2.827569e+02
1.900000e-07	-5.627309e-09	-2.414950e-09	-2.705146e+01	-2.824616e+02
2.000000e-07	-5.621775e-09	-2.407675e-09	-2.702486e+01	-2.821516e+02
2.100000e-07	-5.615923e-09	-2.393564e-09	-2.699673e+01	-2.818270e+02
2.200000e-07	-5.609775e-09	-2.395521e-09	-2.696717e+01	-2.814877e+02
2.300000e-07	-5.603348e-09	-2.417612e-09	-2.693628e+01	-2.811337e+02
2.400000e-07	-5.596618e-09	-2.423400e-09	-2.690393e+01	-2.807650e+02
2.500000e-07	-5.589574e-09	-2.408313e-09	-2.687006e+01	-2.803817e+02
2.600000e-07	-5.582203e-09	-2.390527e-09	-2.683463e+01	-2.799839e+02
2.700000e-07	-5.574551e-09	-2.390258e-09	-2.679785e+01	-2.795714e+02
2.800000e-07	-5.566653e-09	-2.385759e-09	-2.675988e+01	-2.791444e+02
2.900000e-07	-5.558516e-09	-2.379770e-09	-2.672076e+01	-2.787028e+02
3.000000e-07	-5.550185e-09	-2.386691e-09	-2.668071e+01	-2.782468e+02
3.100000e-07	-5.541682e-09	-2.397643e-09	-2.663984e+01	-2.777762e+02
3.200000e-07	-5.533008e-09	-2.391974e-09	-2.659814e+01	-2.772911e+02
3.300000e-07	-5.524089e-09	-2.368842e-09	-2.655527e+01	-2.767917e+02
3.400000e-07	-5.514836e-09	-2.353171e-09	-2.651079e+01	-2.762778e+02
3.500000e-07	-5.505160e-09	-2.348679e-09	-2.646427e+01	-2.757495e+02
3.600000e-07	-5.495005e-09	-2.350582e-09	-2.641546e+01	-2.752068e+02
3.700000e-07	-5.484360e-09	-2.352734e-09	-2.636429e+01	-2.746498e+02
3.800000e-07	-5.473233e-09	-2.352350e-09	-2.631080e+01	-2.740785e+02
3.900000e-07	-5.461684e-09	-2.342109e-09	-2.625527e+01	-2.734929e+02
4.000000e-07	-5.449789e-09	-2.327897e-09	-2.619809e+01	-2.728931e+02
4.100000e-07	-5.437621e-09	-2.321085e-09	-2.613960e+01	-2.722791e+02
4.200000e-07	-5.425206e-09	-2.312622e-09	-2.607992e+01	-2.716509e+02
4.300000e-07	-5.412532e-09	-2.300599e-09	-2.601899e+01	-2.710085e+02
4.400000e-07	-5.399565e-09	-2.295380e-09	-2.595666e+01	-2.703520e+02
4.500000e-07	-5.386306e-09	-2.300596e-09	-2.589292e+01	-2.696815e+02
4.600000e-07	-5.372749e-09	-2.298171e-09	-2.582775e+01	-2.689968e+02
4.700000e-07	-5.358880e-09	-2.284971e-09	-2.576108e+01	-2.682982e+02
4.800000e-07	-5.344738e-09	-2.271611e-09	-2.569310e+01	-2.675856e+02
4.900000e-07	-5.330324e-09	-2.260649e-09	-2.562381e+01	-2.668591e+02
5.000000e-07	-5.315595e-09	-2.251520e-09	-2.555300e+01	-2.661186e+02
5.100000e-07	-5.300485e-09	-2.245038e-09	-2.548036e+01	-2.653643e+02
5.200000e-07	-5.284934e-09	-2.242186e-09	-2.540561e+01	-2.645962e+02
5.300000e-07	-5.268960e-09	-2.236020e-09	-2.532882e+01	-2.638143e+02
5.400000e-07	-5.252585e-09	-2.230626e-09	-2.525010e+01	-2.630186e+02
5.500000e-07	-5.235828e-09	-2.226385e-09	-2.516955e+01	-2.622093e+02
5.600000e-07	-5.218747e-09	-2.218336e-09	-2.508744e+01	-2.613863e+02
5.700000e-07	-5.201387e-09	-2.206984e-09	-2.500399e+01	-2.605496e+02
5.800000e-07	-5.183798e-09	-2.196816e-09	-2.491943e+01	-2.596995e+02
5.900000e-07	-5.166022e-09	-2.189552e-09	-2.483398e+01	-2.588357e+02
6.000000e-07	-5.148063e-09	-2.179652e-09	-2.474765e+01	-2.579585e+02
6.100000e-07	-5.129914e-09	-2.172419e-09	-2.466040e+01	-2.570679e+02
6.200000e-07	-5.111570e-09	-2.168171e-09	-2.457222e+01	-2.561638e+02
6.300000e-07	-5.092993e-09	-2.163988e-09	-2.448292e+01	-2.552465e+02
6.400000e-07	-5.074134e-09	-2.158983e-09	-2.439226e+01	-2.543158e+02
6.500000e-07	-5.054938e-09	-2.150937e-09	-2.429998e+01	-2.533719e+02
6.600000e-07	-5.035428e-09	-2.139566e-09	-2.420619e+01	-2.524147e+02
6.700000e-07	-5.015643e-09	-2.127018e-09	-2.411108e+01	-2.514445e+02
6.800000e-07	-4.995612e-09	-2.118352e-09	-2.401479e+01	-2.504611e+02
6.900000e-07	-4.975412e-09	-2.109916e-09	-2.391768e+01	-2.494647e+02
7.000000e-07	-4.955091e-09	-2.100295e-09	-2.382000e+01	-2.484553e+02
7.100000e-07	-4.934656e-09	-2.092773e-09	-2.372176e+01	-2.474329e+02
7.200000e-07	-4.914092e-09	-2.088586e-09	-2.362290e+01	-2.463977e+02
7.300000e-07	-4.893360e-09	-2.084282e-09	-2.352324e+01	-2.453496e+02
7.400000e-07	-4.872395e-09	-2.076644e-09	-2.342246e+01	-2.442887e+02
7.500000e-07	-4.851180e-09	-2.067004e-09	-2.332048e+01	-2.432152e+02
7.600000e-07	-4.829695e-09	-2.057069e-09	-2.321720e+01	-2.421289e+02
7.700000e-07	-4.807927e-09	-2.051064e-09	-2.311255e+01	-2.410300e+02
7.800000e-07	-4.785899e-09	-2.047615e-09	-2.300666e+01	-2.399186e+02
7.900000e-07	-4.763628e-09	-2.041705e-09	-2.289960e+01	-2.387947e+02
8.000000e-07	-4.741135e-09	-2.031047e-09	-2.279147e+01	-2.376584e+02
8.100000e-07	-4.718426e-09	-2.019360e-09	-2.268230e+01	-2.365096e+02
8.200000e-07	-4.695499e-09	-2.010437e-09	-2.257209e+01	-2.353486e+02
8.300000e-07	-4.672310e-09	-2.002713e-09	-2.246062e+01	-2.341752e+02
8.400000e-07	-4.648848e-09	-1.994448e-09	-2.234783e+01	-2.329897e+02
8.500000e-07	-4.625160e-09	-1.984463e-09	-2.223396e+01	-2.317921e+02
8.600000e-07	-4.601252e-09	-1.974822e-09	-2.211903e+01	-2.305823e+02
8.700000e-07	-4.577144e-09	-1.966657e-09	-2.200314e+01	-2.293606e+02
8.800000e-07	-4.552869e-09	-1.958583e-09	-2.188644e+01	-2.281269e+02
8.900000e-07	-4.528441e-09	-1.948063e-09	-2.176901e+01	-2.268813e+02
9.000000e-07	-4.503855e-09	-1.936831e-09	-2.165082e+01	-2.256240e+02
9.100000e-07	-4.479074e-09	-1.927658e-09	-2.153170e+01	-2.243548e+02
9.200000e-07	-4.454044e-09	-1.918872e-09	-2.141137e+01	-2.230740e+02
9.300000e-07	-4.428736e-09	-1.908493e-09	-2.128972e+01	-2.217815e+02
9.400000e-07	-4.403085e-09	-1.895723e-09	-2.116641e+01	-2.204775e+02
9.500000e-07	-4.377049e-09	-1.883516e-09	-2.104124e+01	-2.191620e+02
9.600000e-07	-4.350634e-09	-1.873134e-09	-2.091427e+01	-2.178351e+02
9.700000e-07	-4.323847e-09	-1.865120e-09	-2.078549e+01	-2.164969e+02
9.800000e-07	-4.296678e-09	-1.857927e-09	-2.065489e+01	-2.151473e+02
9.900000e-07	-4.269147e-09	-1.847518e-09	-2.052254e+01	-2.137866e+02
1.000000e-06	-4.241371e-09	-1.834325e-09	-2.038902e+01	-2.124147e+02
1.010000e-06	-4.213403e-09	-1.820721e-09	-2.025457e+01	-2.110318e+02
1.020000e-06	-4.185253e-09	-1.807965e-09	-2.011925e+01	-2.096378e+02
1.030000e-06	-4.156964e-09	-1.795383e-09	-1.998326e+01	-2.082330e+02
1.040000e-06	-4.128565e-09	-1.784397e-09	-1.984674e+01	-2.068173e+02
1.050000e-06	-4.100057e-09	-1.775606e-09	-1.970970e+01	-2.053908e+02
1.060000e-06	-4.071414e-09	-1.766024e-09	-1.957201e+01	-2.039536e+02
1.070000e-06	-4.042612e-09	-1.753511e-09	-1.943355e+01	-2.025058e+02
1.080000e-06	-4.013595e-09	-1.739418e-09	-1.929406e+01	-2.010475e+02
1.090000e-06	-3.984336e-09	-1.726977e-09	-1.915341e+01	-1.995786e+02
1.100000e-06	-3.954852e-09	-1.716554e-09	-1.901167e+01	-1.980994e+02
1.110000e-06	-3.925158e-09	-1.706095e-09	-1.886893e+01	-1.966099e+02
1.120000e-06	-3.895260e-09	-1.694002e-09	-1.872520e+01	-1.951101e+02
1.130000e-06	-3.865175e-09	-1.680518e-09	-1.858058e+01	-1.936001e+02
1.140000e-06	-3.834927e-09	-1.666855e-09	-1.843517e+01	-1.920801e+02
1.150000e-06	-3.804536e-09	-1.654080e-09	-1.828908e+01	-1.905500e+02
1.160000e-06	-3.773988e-09	-1.641638e-09	-1.814223e+01	-1.890101e+02
1.170000e-06	-3.743272e-09	-1.629071e-09	-1.799457e+01	-1.874602e+02
1.180000e-06	-3.712404e-09	-1.617906e-09	-1.784618e+01	-1.859007e+02
1.190000e-06	-3.681352e-09	-1.607772e-09	-1.769691e+01	-1.843314e+02
1.200000e-06	-3.650092e-09	-1.595344e-09	-1.754664e+01	-1.827525e+02
1.210000e-06	-3.618617e-09	-1.579318e-09	-1.739533e+01	-1.811641e+02
1.220000e-06	-3.586943e-09	-1.561542e-09	-1.724307e+01	-1.795663e+02
1.230000e-06	-3.555084e-09	-1.544904e-09	-1.708992e+01	-1.779591e+02
1.240000e-06	-3.523066e-09	-1.532524e-09	-1.693600e+01	-1.763426e+02
1.250000e-06	-3.490944e-09	-1.524115e-09	-1.678159e+01	-1.747170e+02
1.260000e-06	-3.458721e-09	-1.515324e-09	-1.662668e+01	-1.730822e+02
1.270000e-06	-3.426386e-09	-1.503361e-09	-1.647124e+01	-1.714385e+02
1.280000e-06	-3.393946e-09	-1.488967e-09	-1.631530e+01	-1.697858e+02
1.290000e-06	-3.361406e-09	-1.475393e-09	-1.615887e+01	-1.681242e+02
1.300000e-06	-3.328740e-09	-1.464170e-09	-1.600184e+01	-1.664539e+02
1.310000e-06	-3.295913e-09	-1.452684e-09	-1.584404e+01	-1.647749e+02
1.320000e-06	-3.262924e-09	-1.440073e-09	-1.568545e+01	-1.630874e+02
1.330000e-06	-3.229734e-09	-1.427447e-09	-1.552590e+01	-1.613913e+02
1.340000e-06	-3.196281e-09	-1.415974e-09	-1.536509e+01	-1.596869e+02
1.350000e-06	-3.162574e-09	-1.405537e-09	-1.520306e+01	-1.579741e+02
1.360000e-06	-3.128624e-09	-1.393801e-09	-1.503985e+01	-1.562531e+02
1.370000e-06	-3.094424e-09	-1.380719e-09	-1.487545e+01	-1.545239e+02
1.380000e-06	-3.059932e-09	-1.367876e-09	-1.470963e+01	-1.527867e+02
1.390000e-06	-3.025140e-09	-1.355874e-09	-1.454239e+01	-1.510415e+02
1.400000e-06	-2.990114e-09	-1.344127e-09	-1.437401e+01	-1.492885e+02
1.410000e-06	-2.954819e-09	-1.330656e-09	-1.420434e+01	-1.475277e+02
1.420000e-06	-2.919283e-09	-1.315916e-09	-1.403351e+01	-1.457592e+02
1.430000e-06	-2.883578e-09	-1.301888e-09	-1.386187e+01	-1.439831e+02
1.440000e-06	-2.847710e-09	-1.288643e-09	-1.368945e+01	-1.421994e+02
1.450000e-06	-2.811701e-09	-1.276115e-09	-1.351635e+01	-1.404084e+02
1.460000e-06	-2.775563e-09	-1.264351e-09	-1.334263e+01	-1.386101e+02
1.470000e-06	-2.739327e-09	-1.251933e-09	-1.316843e+01	-1.368046e+02
1.480000e-06	-2.703028e-09	-1.237556e-09	-1.299394e+01	-1.349919e+02
1.490000e-06	-2.666668e-09	-1.221841e-09	-1.281915e+01	-1.331722e+02
1.500000e-06	-2.630259e-09	-1.205989e-09	-1.264412e+01	-1.313455e+02
1.510000e-06	-2.593799e-09	-1.191341e-09	-1.246885e+01	-1.295120e+02
1.520000e-06	-2.557268e-09	-1.177530e-09	-1.229324e+01	-1.276718e+02
1.530000e-06	-2.520656e-09	-1.163312e-09	-1.211724e+01	-1.258249e+02
1.540000e-06	-2.483953e-09	-1.149298e-09	-1.194080e+01	-1.239714e+02
1.550000e-06	-2.447129e-09	-1.135609e-09	-1.176379e+01	-1.221115e+02
1.560000e-06	-2.410167e-09	-1.121285e-09	-1.158610e+01	-1.202452e+02
1.570000e-06	-2.373073e-09	-1.105903e-09	-1.140779e+01	-1.183727e+02
1.580000e-06	-2.335849e-09	-1.089591e-09	-1.122884e+01	-1.164940e+02
1.590000e-06	-2.298501e-09	-1.072221e-09	-1.104930e+01	-1.146092e+02
1.600000e-06	-2.261008e-09	-1.054893e-09	-1.086907e+01	-1.127184e+02
1.610000e-06	-2.223371e-09	-1.038823e-09	-1.068814e+01	-1.108218e+02
1.620000e-06	-2.185618e-09	-1.023628e-09	-1.050666e+01	-1.089194e+02
1.630000e-06	-2.147740e-09	-1.008718e-09	-1.032457e+01	-1.070113e+02
1.640000e-06	-2.109736e-09	-9.922376e-10	-1.014188e+01	-1.050976e+02
1.650000e-06	-2.071628e-09	-9.740769e-10	-9.958688e+00	-1.031785e+02
1.660000e-06	-2.033432e-09	-9.589668e-10	-9.775073e+00	-1.012540e+02
1.670000e-06	-1.995141e-09	-9.481746e-10	-9.591003e+00	-9.932419e+01
1.680000e-06	-1.956755e-09	-9.356084e-10	-9.406473e+00	-9.738922e+01
1.690000e-06	-1.918296e-09	-9.173969e-10	-9.221595e+00	-9.544918e+01
1.700000e-06	-1.879763e-09	-8.952742e-10	-9.036359e+00	-9.350416e+01
1.710000e-06	-1.841153e-09	-8.729696e-10	-8.850752e+00	-9.155426e+01
1.720000e-06	-1.802461e-09	-8.516486e-10	-8.664754e+00	-8.959960e+01
1.730000e-06	-1.763672e-09	-8.305420e-10	-8.478289e+00	-8.764026e+01
1.740000e-06	-1.724778e-09	-8.111835e-10	-8.291320e+00	-8.567635e+01
1.750000e-06	-1.685770e-09	-7.951338e-10	-8.103799e+00	-8.370798e+01
1.760000e-06	-1.646674e-09	-7.831928e-10	-7.915857e+00	-8.173525e+01
1.770000e-06	-1.607493e-09	-7.702476e-10	-7.727508e+00	-7.975825e+01
1.780000e-06	-1.568216e-09	-7.503578e-10	-7.538698e+00	-7.777710e+01
1.790000e-06	-1.528897e-09	-7.267600e-10	-7.349684e+00	-7.579189e+01
1.800000e-06	-1.489520e-09	-7.053128e-10	-7.160390e+00	-7.380273e+01
1.810000e-06	-1.450035e-09	-6.876127e-10	-6.970582e+00	-7.180972e+01
1.820000e-06	-1.410461e-09	-6.714258e-10	-6.780340e+00	-6.981297e+01
1.830000e-06	-1.370780e-09	-6.547492e-10	-6.589590e+00	-6.781258e+01
1.840000e-06	-1.331035e-09	-6.370788e-10	-6.398528e+00	-6.580865e+01
1.850000e-06	-1.291251e-09	-6.199158e-10	-6.207278e+00	-6.380129e+01
1.860000e-06	-1.251395e-09	-6.021449e-10	-6.015684e+00	-6.179060e+01
1.870000e-06	-1.211479e-09	-5.807323e-10	-5.823801e+00	-5.977669e+01
1.880000e-06	-1.171500e-09	-5.573165e-10	-5.631616e+00	-5.775967e+01
1.890000e-06	-1.131461e-09	-5.351176e-10	-5.439140e+00	-5.573963e+01
1.900000e-06	-1.091376e-09	-5.160952e-10	-5.246443e+00	-5.371668e+01
1.910000e-06	-1.051251e-09	-5.000421e-10	-5.053555e+00	-5.169093e+01
1.920000e-06	-1.011087e-09	-4.851037e-10	-4.860483e+00	-4.966249e+01
1.930000e-06	-9.708875e-10	-4.680941e-10	-4.667235e+00	-4.763145e+01
1.940000e-06	-9.306580e-10	-4.473577e-10	-4.473845e+00	-4.559793e+01
1.950000e-06	-8.904105e-10	-4.264109e-10	-4.280368e+00	-4.356203e+01
1.960000e-06	-8.501452e-10	-4.081788e-10	-4.086806e+00	-4.152386e+01
1.970000e-06	-8.098570e-10	-3.923152e-10	-3.893133e+00	-3.948352e+01
1.980000e-06	-7.695447e-10	-3.778482e-10	-3.699345e+00	-3.744112e+01
1.990000e-06	-7.292140e-10	-3.613968e-10	-3.505468e+00	-3.539677e+01
2.000000e-06	-6.888654e-10	-3.407186e-10	-3.311505e+00	-3.335056e+01
2.010000e-06	-6.484951e-10	-3.189937e-10	-3.117437e+00	-3.130262e+01
2.020000e-06	-6.081115e-10	-2.989286e-10	-2.923306e+00	-2.925304e+01
2.030000e-06	-5.677171e-10	-2.813034e-10	-2.729123e+00	-2.720193e+01
2.040000e-06	-5.273183e-10	-2.667173e-10	-2.534919e+00	-2.514940e+01
2.050000e-06	-4.869130e-10	-2.542719e-10	-2.340684e+00	-2.309556e+01
2.060000e-06	-4.464957e-10	-2.397954e-10	-2.146390e+00	-2.104051e+01
2.070000e-06	-4.060607e-10	-2.188682e-10	-1.952012e+00	-1.898436e+01
2.080000e-06	-3.656063e-10	-1.927831e-10	-1.757541e+00	-1.692721e+01
2.090000e-06	-3.251463e-10	-1.694875e-10	-1.563042e+00	-1.486918e+01
2.100000e-06	-2.846842e-10	-1.535140e-10	-1.368534e+00	-1.281037e+01
2.110000e-06	-2.442141e-10	-1.407082e-10	-1.173987e+00	-1.075089e+01
2.120000e-06	-2.037358e-10	-1.271552e-10	-9.794005e-01	-8.690846e+00
2.130000e-06	-1.632684e-10	-1.118648e-10	-7.848665e-01	-6.630342e+00
2.140000e-06	-1.228005e-10	-9.500882e-11	-5.903299e-01	-4.569489e+00
2.150000e-06	-8.231241e-11	-7.632430e-11	-3.956965e-01	-2.508392e+00
2.160000e-06	-4.182167e-11	-5.566293e-11	-2.010503e-01	-4.471607e-01
2.170000e-06	-1.339148e-12	-3.484725e-11	-6.443633e-03	1.614099e+00
2.180000e-06	3.913690e-11	-1.562516e-11	1.881319e-01	3.675280e+00
2.190000e-06	7.960780e-11	-4.656434e-13	3.826828e-01	5.736274e+00
2.200000e-06	1.200706e-10	1.195498e-11	5.771946e-01	7.796974e+00
2.210000e-06	1.605268e-10	2.764720e-11	7.716749e-01	9.857273e+00
2.220000e-06	2.009829e-10	4.874883e-11	9.661544e-01	1.191706e+01
2.230000e-06	2.414407e-10	7.252662e-11	1.160642e+00	1.397624e+01
2.240000e-06	2.818991e-10	9.398840e-11	1.355133e+00	1.603469e+01
2.250000e-06	3.223547e-10	1.124502e-10	1.549611e+00	1.809231e+01
2.260000e-06	3.627898e-10	1.313789e-10	1.743989e+00	2.014900e+01
2.270000e-06	4.032133e-10	1.523081e-10	1.938312e+00	2.220464e+01
2.280000e-06	4.436325e-10	1.734719e-10	2.132615e+00	2.425913e+01
2.290000e-06	4.840414e-10	1.925148e-10	2.326867e+00	2.631236e+01
2.300000e-06	5.244420e-10	2.110049e-10	2.521080e+00	2.836422e+01
2.310000e-06	5.648255e-10	2.311708e-10	2.715211e+00	3.041461e+01
2.320000e-06	6.051932e-10	2.533909e-10	2.909265e+00	3.246343e+01
2.330000e-06	6.455405e-10	2.771017e-10	3.103222e+00	3.451056e+01
2.340000e-06	6.858747e-10	3.004040e-10	3.297116e+00	3.655589e+01
2.350000e-06	7.261959e-10	3.210870e-10	3.490947e+00	3.859933e+01
2.360000e-06	7.665062e-10	3.390029e-10	3.684726e+00	4.064076e+01
2.370000e-06	8.068017e-10	3.567817e-10	3.878434e+00	4.268008e+01
2.380000e-06	8.470697e-10	3.752255e-10	4.072009e+00	4.471719e+01
2.390000e-06	8.873105e-10	3.926993e-10	4.265454e+00	4.675197e+01
2.400000e-06	9.275157e-10	4.113559e-10	4.458727e+00	4.878432e+01
2.410000e-06	9.676984e-10	4.339897e-10	4.651893e+00	5.081413e+01
2.420000e-06	1.007868e-09	4.598509e-10	4.844994e+00	5.284131e+01
2.430000e-06	1.047996e-09	4.852194e-10	5.037895e+00	5.486573e+01
2.440000e-06	1.088077e-09	5.058299e-10	5.230572e+00	5.688731e+01
2.450000e-06	1.128120e-09	5.222806e-10	5.423067e+00	5.890592e+01
2.460000e-06	1.168105e-09	5.376439e-10	5.615283e+00	6.092148e+01
2.470000e-06	1.208044e-09	5.537333e-10	5.807277e+00	6.293387e+01
2.480000e-06	1.247924e-09	5.716958e-10	5.998986e+00	6.494298e+01
2.490000e-06	1.287702e-09	5.913773e-10	6.190205e+00	6.694872e+01
2.500000e-06	1.327389e-09	6.120382e-10	6.380991e+00	6.895098e+01
2.510000e-06	1.366998e-09	6.333240e-10	6.571399e+00	7.094965e+01
2.520000e-06	1.406520e-09	6.542351e-10	6.761384e+00	7.294463e+01
2.530000e-06	1.445955e-09	6.739904e-10	6.950955e+00	7.493582e+01
2.540000e-06	1.485308e-09	6.907718e-10	7.140131e+00	7.692311e+01
2.550000e-06	1.524584e-09	7.049066e-10	7.328942e+00	7.890640e+01
2.560000e-06	1.563786e-09	7.206839e-10	7.517390e+00	8.088558e+01
2.570000e-06	1.602907e-09	7.400047e-10	7.705452e+00	8.286056e+01
2.580000e-06	1.641931e-09	7.608288e-10	7.893046e+00	8.483123e+01
2.590000e-06	1.680874e-09	7.793268e-10	8.080252e+00	8.679749e+01
2.600000e-06	1.719741e-09	7.951356e-10	8.267095e+00	8.875923e+01
2.610000e-06	1.758502e-09	8.104815e-10	8.453423e+00	9.071636e+01
2.620000e-06	1.797180e-09	8.274482e-10	8.639357e+00	9.266876e+01
2.630000e-06	1.835780e-09	8.463640e-10	8.824912e+00	9.461635e+01
2.640000e-06	1.874280e-09	8.652777e-10	9.009989e+00	9.655901e+01
2.650000e-06	1.912706e-09	8.842192e-10	9.194711e+00	9.849665e+01
2.660000e-06	1.951063e-09	9.027489e-10	9.379098e+00	1.004292e+02
2.670000e-06	1.989326e-09	9.188394e-10	9.563034e+00	1.023565e+02
2.680000e-06	2.027495e-09	9.318960e-10	9.746521e+00	1.042784e+02
2.690000e-06	2.065576e-09	9.442698e-10	9.929581e+00	1.061950e+02
2.700000e-06	2.103561e-09	9.604315e-10	1.011219e+01	1.081060e+02
2.710000e-06	2.141445e-09	9.815684e-10	1.029430e+01	1.100114e+02
2.720000e-06	2.179202e-09	1.002953e-09	1.047580e+01	1.119110e+02
2.730000e-06	2.216828e-09	1.019957e-09	1.065668e+01	1.138049e+02
2.740000e-06	2.254321e-09	1.033542e-09	1.083691e+01	1.156928e+02
2.750000e-06	2.291673e-09	1.046358e-09	1.101647e+01	1.175747e+02
2.760000e-06	2.328886e-09	1.059308e-09	1.119536e+01	1.194505e+02
2.770000e-06	2.365960e-09	1.074668e-09	1.137358e+01	1.213201e+02
2.780000e-06	2.402901e-09	1.093201e-09	1.155116e+01	1.231833e+02
2.790000e-06	2.439734e-09	1.112594e-09	1.172822e+01	1.250402e+02
2.800000e-06	2.476478e-09	1.130150e-09	1.190486e+01	1.268905e+02
2.810000e-06	2.513122e-09	1.144885e-09	1.208101e+01	1.287343e+02
2.820000e-06	2.549684e-09	1.159229e-09	1.225678e+01	1.305713e+02
2.830000e-06	2.586183e-09	1.175417e-09	1.243223e+01	1.324016e+02
2.840000e-06	2.622623e-09	1.194049e-09	1.260741e+01	1.342249e+02
2.850000e-06	2.659008e-09	1.213877e-09	1.278231e+01	1.360413e+02
2.860000e-06	2.695323e-09	1.232477e-09	1.295689e+01	1.378506e+02
2.870000e-06	2.731564e-09	1.249232e-09	1.313110e+01	1.396527e+02
2.880000e-06	2.767710e-09	1.263537e-09	1.330486e+01	1.414476e+02
2.890000e-06	2.803764e-09	1.274846e-09	1.347818e+01	1.432351e+02
2.900000e-06	2.839716e-09	1.285811e-09	1.365101e+01	1.450151e+02
2.910000e-06	2.875510e-09	1.299879e-09	1.382308e+01	1.467876e+02
2.920000e-06	2.911087e-09	1.318487e-09	1.399410e+01	1.485525e+02
2.930000e-06	2.946431e-09	1.338144e-09	1.416401e+01	1.503096e+02
2.940000e-06	2.981545e-09	1.353729e-09	1.433281e+01	1.520589e+02
2.950000e-06	3.016421e-09	1.365328e-09	1.450046e+01	1.538003e+02
2.960000e-06	3.051043e-09	1.375818e-09	1.466690e+01	1.555337e+02
2.970000e-06	3.085378e-09	1.388696e-09	1.483195e+01	1.572590e+02
2.980000e-06	3.119417e-09	1.404968e-09	1.499558e+01	1.589761e+02
2.990000e-06	3.153158e-09	1.421760e-09	1.515778e+01	1.606849e+02
3.000000e-06	3.186644e-09	1.437809e-09	1.531875e+01	1.623854e+02
3.010000e-06	3.219909e-09	1.453754e-09	1.547866e+01	1.640774e+02
3.020000e-06	3.252955e-09	1.468762e-09	1.563752e+01	1.657609e+02
3.030000e-06	3.285823e-09	1.481531e-09	1.579553e+01	1.674357e+02
3.040000e-06	3.318546e-09	1.492462e-09	1.595283e+01	1.691019e+02
3.050000e-06	3.351139e-09	1.503911e-09	1.610951e+01	1.707592e+02
3.060000e-06	3.383639e-09	1.518466e-09	1.626574e+01	1.724077e+02
3.070000e-06	3.416061e-09	1.535976e-09	1.642160e+01	1.740472e+02
3.080000e-06	3.448387e-09	1.552816e-09	1.657700e+01	1.756776e+02
3.090000e-06	3.480615e-09	1.566316e-09	1.673192e+01	1.772989e+02
3.100000e-06	3.512735e-09	1.579412e-09	1.688633e+01	1.789109e+02
3.110000e-06	3.544704e-09	1.595069e-09	1.704001e+01	1.805137e+02
3.120000e-06	3.576482e-09	1.611095e-09	1.719277e+01	1.821070e+02
3.130000e-06	3.608051e-09	1.624266e-09	1.734453e+01	1.836909e+02
3.140000e-06	3.639417e-09	1.634345e-09	1.749532e+01	1.852652e+02
3.150000e-06	3.670574e-09	1.645396e-09	1.764509e+01	1.868299e+02
3.160000e-06	3.701511e-09	1.659920e-09	1.779381e+01	1.883848e+02
3.170000e-06	3.732249e-09	1.674644e-09	1.794158e+01	1.899300e+02
3.180000e-06	3.762811e-09	1.686821e-09	1.808849e+01	1.914652e+02
3.190000e-06	3.793233e-09	1.698444e-09	1.823473e+01	1.929905e+02
3.200000e-06	3.823535e-09	1.713567e-09	1.838040e+01	1.945057e+02
3.210000e-06	3.853704e-09	1.731899e-09	1.852543e+01	1.960109e+02
3.220000e-06	3.883689e-09	1.746821e-09	1.866957e+01	1.975058e+02
3.230000e-06	3.913466e-09	1.754875e-09	1.881272e+01	1.989904e+02
3.240000e-06	3.943045e-09	1.761403e-09	1.895491e+01	2.004647e+02
3.250000e-06	3.972393e-09	1.772070e-09	1.909599e+01	2.019286e+02
3.260000e-06	4.001498e-09	1.784611e-09	1.923590e+01	2.033819e+02
3.270000e-06	4.030403e-09	1.796060e-09	1.937485e+01	2.048246e+02
3.280000e-06	4.059142e-09	1.808737e-09	1.951301e+01	2.062567e+02
3.290000e-06	4.087736e-09	1.825048e-09	1.965046e+01	2.076781e+02
3.300000e-06	4.116216e-09	1.842659e-09	1.978737e+01	2.090886e+02
3.310000e-06	4.144598e-09	1.854452e-09	1.992381e+01	2.104883e+02
3.320000e-06	4.172872e-09	1.857877e-09	2.005972e+01	2.118770e+02
3.330000e-06	4.201007e-09	1.858700e-09	2.019497e+01	2.132547e+02
3.340000e-06	4.228975e-09	1.863908e-09	2.032942e+01	2.146213e+02
3.350000e-06	4.256727e-09	1.876350e-09	2.046283e+01	2.159767e+02
3.360000e-06	4.284178e-09	1.893691e-09	2.059479e+01	2.173209e+02
3.370000e-06	4.311258e-09	1.910355e-09	2.072497e+01	2.186537e+02
3.380000e-06	4.337928e-09	1.922097e-09	2.085318e+01	2.199752e+02
3.390000e-06	4.364180e-09	1.930505e-09	2.097938e+01	2.212852e+02
3.400000e-06	4.390043e-09	1.938586e-09	2.110370e+01	2.225837e+02
3.410000e-06	4.415557e-09	1.945765e-09	2.122636e+01	2.238707e+02
3.420000e-06	4.440765e-09	1.951918e-09	2.134754e+01	2.251459e+02
3.430000e-06	4.465725e-09	1.959812e-09	2.146752e+01	2.264095e+02
3.440000e-06	4.490476e-09	1.971929e-09	2.158650e+01	2.276613e+02
3.450000e-06	4.515050e-09	1.987062e-09	2.170463e+01	2.289012e+02
3.460000e-06	4.539475e-09	2.001927e-09	2.182205e+01	2.301292e+02
3.470000e-06	4.563741e-09	2.013175e-09	2.193870e+01	2.313452e+02
3.480000e-06	4.587827e-09	2.019832e-09	2.205449e+01	2.325492e+02
3.490000e-06	4.611715e-09	2.025220e-09	2.216932e+01	2.337411e+02
3.500000e-06	4.635368e-09	2.032965e-09	2.228303e+01	2.349208e+02
3.510000e-06	4.658752e-09	2.043335e-09	2.239544e+01	2.360883e+02
3.520000e-06	4.681865e-09	2.054024e-09	2.250655e+01	2.372435e+02
3.530000e-06	4.704740e-09	2.065063e-09	2.261651e+01	2.383863e+02
3.540000e-06	4.727412e-09	2.078304e-09	2.272550e+01	2.395168e+02
3.550000e-06	4.749887e-09	2.090630e-09	2.283354e+01	2.406347e+02
3.560000e-06	4.772162e-09	2.098303e-09	2.294062e+01	2.417402e+02
3.570000e-06	4.794222e-09	2.103253e-09	2.304667e+01	2.428330e+02
3.580000e-06	4.816018e-09	2.110881e-09	2.315144e+01	2.439133e+02
3.590000e-06	4.837533e-09	2.122748e-09	2.325487e+01	2.449808e+02
3.600000e-06	4.858777e-09	2.134453e-09	2.335699e+01	2.460356e+02
3.610000e-06	4.879771e-09	2.142665e-09	2.345791e+01	2.470775e+02
3.620000e-06	4.900562e-09	2.148589e-09	2.355786e+01	2.481066e+02
3.630000e-06	4.921183e-09	2.156543e-09	2.365699e+01	2.491228e+02
3.640000e-06	4.941665e-09	2.168031e-09	2.375545e+01	2.501261e+02
3.650000e-06	4.962018e-09	2.181385e-09	2.385329e+01	2.511163e+02
3.660000e-06	4.982236e-09	2.193682e-09	2.395048e+01	2.520934e+02
3.670000e-06	5.002291e-09	2.203984e-09	2.404689e+01	2.530574e+02
3.680000e-06	5.022120e-09	2.214785e-09	2.414221e+01	2.540083e+02
3.690000e-06	5.041647e-09	2.224859e-09	2.423608e+01	2.549459e+02
3.700000e-06	5.060859e-09	2.232087e-09	2.432844e+01	2.558702e+02
3.710000e-06	5.079758e-09	2.237465e-09	2.441929e+01	2.567813e+02
3.720000e-06	5.098323e-09	2.244056e-09	2.450853e+01	2.576789e+02
3.730000e-06	5.116617e-09	2.255251e-09	2.459647e+01	2.585632e+02
3.740000e-06	5.134690e-09	2.269333e-09	2.468335e+01	2.594340e+02
3.750000e-06	5.152537e-09	2.280863e-09	2.476915e+01	2.602913e+02
3.760000e-06	5.170197e-09	2.288603e-09	2.485404e+01	2.611350e+02
3.770000e-06	5.187674e-09	2.295663e-09	2.493806e+01	2.619651e+02
3.780000e-06	5.204959e-09	2.303227e-09	2.502115e+01	2.627817e+02
3.790000e-06	5.222018e-09	2.310380e-09	2.510315e+01	2.635845e+02
3.800000e-06	5.238734e-09	2.315399e-09	2.518351e+01	2.643736e+02
3.810000e-06	5.255088e-09	2.319955e-09	2.526213e+01	2.651490e+02
3.820000e-06	5.271085e-09	2.329177e-09	2.533903e+01	2.659105e+02
3.830000e-06	5.286666e-09	2.341686e-09	2.541393e+01	2.666582e+02
3.840000e-06	5.301850e-09	2.351109e-09	2.548692e+01	2.673920e+02
3.850000e-06	5.316732e-09	2.355193e-09	2.555846e+01	2.681119e+02
3.860000e-06	5.331341e-09	2.357768e-09	2.562869e+01	2.688179e+02
3.870000e-06	5.345676e-09	2.363229e-09	2.569760e+01	2.695098e+02
3.880000e-06	5.359735e-09	2.371197e-09	2.576519e+01	2.701878e+02
3.890000e-06	5.373496e-09	2.377563e-09	2.583134e+01	2.708516e+02
3.900000e-06	5.386943e-09	2.381187e-09	2.589598e+01	2.715014e+02
3.910000e-06	5.400092e-09	2.384722e-09	2.595919e+01	2.721370e+02
3.920000e-06	5.412971e-09	2.390427e-09	2.602110e+01	2.727585e+02
3.930000e-06	5.425596e-09	2.398928e-09	2.608179e+01	2.733658e+02
3.940000e-06	5.437997e-09	2.406539e-09	2.614140e+01	2.739588e+02
3.950000e-06	5.450159e-09	2.410904e-09	2.619987e+01	2.745376e+02
3.960000e-06	5.462017e-09	2.414838e-09	2.625687e+01	2.751021e+02
3.970000e-06	5.473503e-09	2.420000e-09	2.631209e+01	2.756522e+02
3.980000e-06	5.484581e-09	2.425219e-09	2.636534e+01	2.761881e+02
3.990000e-06	5.495201e-09	2.427781e-09	2.641640e+01	2.767095e+02
4.000000e-06	5.505313e-09	2.427752e-09	2.646501e+01	2.772165e+02
4.010000e-06	5.514944e-09	2.429000e-09	2.651130e+01	2.777091e+02
4.020000e-06	5.524185e-09	2.433050e-09	2.655572e+01	2.781873e+02
4.030000e-06	5.533112e-09	2.437933e-09	2.659864e+01	2.786510e+02
4.040000e-06	5.541800e-09	2.441417e-09	2.664040e+01	2.791001e+02
4.050000e-06	5.550320e-09	2.443165e-09	2.668136e+01	2.795348e+02
4.060000e-06	5.558677e-09	2.444661e-09	2.672154e+01	2.799549e+02
4.070000e-06	5.566836e-09	2.447175e-09	2.676076e+01	2.803604e+02
4.080000e-06	5.574766e-09	2.449378e-09	2.679888e+01	2.807513e+02
4.090000e-06	5.582420e-09	2.449827e-09	2.683567e+01	2.811276e+02
4.100000e-06	5.589759e-09	2.449530e-09	2.687095e+01	2.814893e+02
4.110000e-06	5.596798e-09	2.450563e-09	2.690479e+01	2.818363e+02
4.120000e-06	5.603542e-09	2.454034e-09	2.693721e+01	2.821686e+02
4.130000e-06	5.610016e-09	2.457953e-09	2.696833e+01	2.824863e+02
4.140000e-06	5.616247e-09	2.460302e-09	2.699829e+01	2.827892e+02
4.150000e-06	5.622211e-09	2.462692e-09	2.702696e+01	2.830775e+02
4.160000e-06	5.627875e-09	2.466048e-09	2.705419e+01	2.833510e+02
4.170000e-06	5.633231e-09	2.470002e-09	2.707993e+01	2.836097e+02
4.180000e-06	5.638286e-09	2.473667e-09	2.710423e+01	2.838537e+02
4.190000e-06	5.643080e-09	2.475065e-09	2.712728e+01	2.840829e+02
4.200000e-06	5.647680e-09	2.474486e-09	2.714939e+01	2.842973e+02
4.210000e-06	5.652129e-09	2.474377e-09	2.717078e+01	2.844970e+02
4.220000e-06	5.656425e-09	2.475251e-09	2.719143e+01	2.846818e+02
4.230000e-06	5.660523e-09	2.476089e-09	2.721113e+01	2.848518e+02
4.240000e-06	5.664372e-09	2.477482e-09	2.722963e+01	2.850069e+02
4.250000e-06	5.667885e-09	2.479813e-09	2.724652e+01	2.851473e+02
4.260000e-06	5.670956e-09	2.482111e-09	2.726128e+01	2.852728e+02
4.270000e-06	5.673566e-09	2.483120e-09	2.727383e+01	2.853834e+02
4.280000e-06	5.675697e-09	2.482631e-09	2.728407e+01	2.854792e+02
4.290000e-06	5.677365e-09	2.481591e-09	2.729209e+01	2.855601e+02
4.300000e-06	5.678646e-09	2.480650e-09	2.729825e+01	2.856262e+02
4.310000e-06	5.679596e-09	2.480410e-09	2.730281e+01	2.856774e+02
4.320000e-06	5.680293e-09	2.481668e-09	2.730617e+01	2.857137e+02
4.330000e-06	5.680807e-09	2.484472e-09	2.730864e+01	2.857351e+02
4.340000e-06	5.681156e-09	2.487075e-09	2.731031e+01	2.857417e+02
4.350000e-06	5.681311e-09	2.486745e-09	2.731106e+01	2.857334e+02
4.360000e-06	5.681233e-09	2.483845e-09	2.731068e+01	2.857102e+02
4.370000e-06	5.680888e-09	2.482734e-09	2.730902e+01	2.856722e+02
4.380000e-06	5.680231e-09	2.485911e-09	2.730587e+01	2.856192e+02
4.390000e-06	5.679261e-09	2.493743e-09	2.730121e+01	2.855514e+02
4.400000e-06	5.678026e-09	2.498797e-09	2.729527e+01	2.854688e+02
4.410000e-06	5.676541e-09	2.484404e-09	2.728813e+01	2.853713e+02
4.420000e-06	5.674763e-09	2.459837e-09	2.727958e+01	2.852589e+02
4.430000e-06	5.672638e-09	2.443098e-09	2.726937e+01	2.851317e+02
4.440000e-06	5.670120e-09	2.444097e-09	2.725726e+01	2.849896e+02
4.450000e-06	5.667251e-09	2.462795e-09	2.724347e+01	2.848327e+02
4.460000e-06	5.664162e-09	2.486718e-09	2.722862e+01	2.846610e+02
4.470000e-06	5.660921e-09	2.504562e-09	2.721304e+01	2.844745e+02
4.480000e-06	5.657523e-09	2.501875e-09	2.719671e+01	2.842731e+02
4.490000e-06	5.653994e-09	2.470592e-09	2.717974e+01	2.840570e+02
4.500000e-06	5.650338e-09	2.428720e-09	2.716217e+01	2.838261e+02
4.510000e-06	5.646483e-09	2.425656e-09	2.714363e+01	2.835804e+02
4.520000e-06	5.642344e-09	2.438602e-09	2.712374e+01	2.833199e+02
4.530000e-06	5.637859e-09	2.440952e-09	2.710218e+01	2.830447e+02
4.540000e-06	5.632960e-09	2.441344e-09	2.707863e+01	2.827547e+02
4.550000e-06	5.627580e-09	2.455670e-09	2.705277e+01	2.824501e+02
4.560000e-06	5.621699e-09	2.463006e-09	2.702449e+01	2.821307e+02
4.570000e-06	5.615350e-09	2.428476e-09	2.699397e+01	2.817966e+02
4.580000e-06	5.608622e-09	2.398653e-09	2.696163e+01	2.814479e+02
4.590000e-06	5.601588e-09	2.398913e-09	2.692782e+01	2.810845e+02
4.600000e-06	5.594295e-09	2.419545e-09	2.689276e+01	2.807065e+02
4.610000e-06	5.586793e-09	2.420680e-09	2.685669e+01	2.803139e+02
4.620000e-06	5.579100e-09	2.413744e-09	2.681971e+01	2.799067e+02
4.630000e-06	5.571197e-09	2.413906e-09	2.678173e+01	2.794849e+02
4.640000e-06	5.563067e-09	2.395157e-09	2.674264e+01	2.790486e+02
4.650000e-06	5.554675e-09	2.365916e-09	2.670230e+01	2.785977e+02
4.660000e-06	5.545998e-09	2.351975e-09	2.666059e+01	2.781324e+02
4.670000e-06	5.537034e-09	2.368995e-09	2.661749e+01	2.776525e+02
4.680000e-06	5.527781e-09	2.376839e-09	2.657301e+01	2.771582e+02
4.690000e-06	5.518268e-09	2.362180e-09	2.652728e+01	2.766495e+02
4.700000e-06	5.508529e-09	2.350059e-09	2.648047e+01	2.761264e+02
4.710000e-06	5.498513e-09	2.345637e-09	2.643232e+01	2.755889e+02
4.720000e-06	5.488171e-09	2.331617e-09	2.638260e+01	2.750371e+02
4.730000e-06	5.477534e-09	2.310093e-09	2.633147e+01	2.744709e+02
4.740000e-06	5.466605e-09	2.312153e-09	2.627893e+01	2.738905e+02
4.750000e-06	5.455372e-09	2.323510e-09	2.622493e+01	2.732958e+02
4.760000e-06	5.443865e-09	2.321088e-09	2.616962e+01	2.726868e+02
4.770000e-06	5.432107e-09	2.306815e-09	2.611309e+01	2.720637e+02
4.780000e-06	5.420053e-09	2.294751e-09	2.605515e+01	2.714264e+02
4.790000e-06	5.407602e-09	2.280182e-09	2.599529e+01	2.707750e+02
4.800000e-06	5.394711e-09	2.264825e-09	2.593333e+01	2.701095e+02
4.810000e-06	5.381398e-09	2.266478e-09	2.586933e+01	2.694300e+02
4.820000e-06	5.367621e-09	2.272510e-09	2.580310e+01	2.687364e+02
4.830000e-06	5.353349e-09	2.266571e-09	2.573449e+01	2.680288e+02
4.840000e-06	5.338652e-09	2.250253e-09	2.566384e+01	2.673073e+02
4.850000e-06	5.323625e-09	2.240202e-09	2.559160e+01	2.665718e+02
4.860000e-06	5.308347e-09	2.227604e-09	2.551816e+01	2.658225e+02
4.870000e-06	5.292883e-09	2.211985e-09	2.544382e+01	2.650593e+02
4.880000e-06	5.277269e-09	2.207930e-09	2.536876e+01	2.642824e+02
4.890000e-06	5.261485e-09	2.208137e-09	2.529289e+01	2.634917e+02
4.900000e-06	5.245493e-09	2.203749e-09	2.521601e+01	2.626873e+02
4.910000e-06	5.229248e-09	2.193556e-09	2.513792e+01	2.618692e+02
4.920000e-06	5.212712e-09	2.183667e-09	2.505842e+01	2.610374e+02
4.930000e-06	5.195862e-09	2.168467e-09	2.497742e+01	2.601921e+02
4.940000e-06	5.178724e-09	2.156958e-09	2.489504e+01	2.593332e+02
4.950000e-06	5.161337e-09	2.156059e-09	2.481146e+01	2.584609e+02
4.960000e-06	5.143739e-09	2.155230e-09	2.472686e+01	2.575751e+02
4.970000e-06	5.125949e-09	2.152092e-09	2.464134e+01	2.566758e+02
4.980000e-06	5.107926e-09	2.145723e-09	2.455470e+01	2.557632e+02
4.990000e-06	5.089610e-09	2.135644e-09	2.446665e+01	2.548373e+02
5.000000e-06	5.071007e-09	2.118410e-09	2.437722e+01	2.538982e+02
5.010000e-06	5.052124e-09	2.102900e-09	2.428645e+01	2.529458e+02
5.020000e-06	5.032980e-09	2.092970e-09	2.419442e+01	2.519803e+02
5.030000e-06	5.013668e-09	2.086195e-09	2.410158e+01	2.510016e+02
5.040000e-06	4.994219e-09	2.084491e-09	2.400809e+01	2.500099e+02
5.050000e-06	4.974633e-09	2.082705e-09	2.391394e+01	2.490051e+02
5.060000e-06	4.954931e-09	2.075535e-09	2.381923e+01	2.479874e+02
5.070000e-06	4.935075e-09	2.062998e-09	2.372378e+01	2.469568e+02
5.080000e-06	4.914975e-09	2.051394e-09	2.362715e+01	2.459134e+02
5.090000e-06	4.894533e-09	2.040194e-09	2.352888e+01	2.448571e+02
5.100000e-06	4.873682e-09	2.029972e-09	2.342865e+01	2.437881e+02
5.110000e-06	4.852404e-09	2.021636e-09	2.332636e+01	2.427064e+02
5.120000e-06	4.830681e-09	2.014075e-09	2.322193e+01	2.416120e+02
5.130000e-06	4.808536e-09	2.007902e-09	2.311548e+01	2.405051e+02
5.140000e-06	4.786030e-09	1.999772e-09	2.300729e+01	2.393857e+02
5.150000e-06	4.763191e-09	1.987760e-09	2.289750e+01	2.382538e+02
5.160000e-06	4.740067e-09	1.973329e-09	2.278634e+01	2.371095e+02
5.170000e-06	4.716753e-09	1.961356e-09	2.267426e+01	2.359529e+02
5.180000e-06	4.693298e-09	1.951781e-09	2.256151e+01	2.347840e+02
5.190000e-06	4.669714e-09	1.943472e-09	2.244814e+01	2.336028e+02
5.200000e-06	4.645991e-09	1.933579e-09	2.233410e+01	2.324095e+02
5.210000e-06	4.622104e-09	1.920620e-09	2.221927e+01	2.312042e+02
5.220000e-06	4.598038e-09	1.908400e-09	2.210358e+01	2.299867e+02
5.230000e-06	4.573737e-09	1.896809e-09	2.198676e+01	2.287573e+02
5.240000e-06	4.549145e-09	1.885611e-09	2.186854e+01	2.275160e+02
5.250000e-06	4.524276e-09	1.874176e-09	2.174899e+01	2.262629e+02
5.260000e-06	4.499185e-09	1.864212e-09	2.162837e+01	2.249980e+02
5.270000e-06	4.473886e-09	1.854511e-09	2.150676e+01	2.237213e+02
5.280000e-06	4.448375e-09	1.842309e-09	2.138412e+01	2.224330e+02
5.290000e-06	4.422653e-09	1.827618e-09	2.126047e+01	2.211332e+02
5.300000e-06	4.396701e-09	1.811860e-09	2.113572e+01	2.198218e+02
5.310000e-06	4.370520e-09	1.798259e-09	2.100986e+01	2.184990e+02
5.320000e-06	4.344101e-09	1.787272e-09	2.088286e+01	2.171648e+02
5.330000e-06	4.317428e-09	1.779018e-09	2.075464e+01	2.158193e+02
5.340000e-06	4.290514e-09	1.770799e-09	2.062526e+01	2.144626e+02
5.350000e-06	4.263393e-09	1.759855e-09	2.049488e+01	2.130947e+02
5.360000e-06	4.236110e-09	1.745906e-09	2.036373e+01	2.117158e+02
5.370000e-06	4.208691e-09	1.730657e-09	2.023192e+01	2.103258e+02
5.380000e-06	4.181167e-09	1.715879e-09	2.009960e+01	2.089248e+02
5.390000e-06	4.153541e-09	1.701662e-09	1.996680e+01	2.075130e+02
5.400000e-06	4.125781e-09	1.690108e-09	1.983335e+01	2.060904e+02
5.410000e-06	4.097875e-09	1.680069e-09	1.969921e+01	2.046571e+02
5.420000e-06	4.069773e-09	1.669727e-09	1.956412e+01	2.032131e+02
5.430000e-06	4.041429e-09	1.657795e-09	1.942786e+01	2.017585e+02
5.440000e-06	4.012801e-09	1.644044e-09	1.929024e+01	2.002934e+02
5.450000e-06	3.983837e-09	1.629854e-09	1.915101e+01	1.988179e+02
5.460000e-06	3.954516e-09	1.616089e-09	1.901006e+01	1.973321e+02
5.470000e-06	3.924834e-09	1.603728e-09	1.886737e+01	1.958360e+02
5.480000e-06	3.894810e-09	1.591847e-09	1.872304e+01	1.943297e+02
5.490000e-06	3.864439e-09	1.581208e-09	1.857704e+01	1.928132e+02
5.500000e-06	3.833766e-09	1.570516e-09	1.842959e+01	1.912868e+02
5.510000e-06	3.802853e-09	1.557985e-09	1.828099e+01	1.897504e+02
5.520000e-06	3.771743e-09	1.543748e-09	1.813144e+01	1.882041e+02
5.530000e-06	3.740476e-09	1.528055e-09	1.798113e+01	1.866480e+02
5.540000e-06	3.709064e-09	1.513158e-09	1.783013e+01	1.850822e+02
5.550000e-06	3.677523e-09	1.500772e-09	1.767850e+01	1.835068e+02
5.560000e-06	3.645866e-09	1.490463e-09	1.752632e+01	1.819218e+02
5.570000e-06	3.614086e-09	1.479925e-09	1.737355e+01	1.803273e+02
5.580000e-06	3.582157e-09	1.468573e-09	1.722006e+01	1.787235e+02
5.590000e-06	3.550064e-09	1.456673e-09	1.706578e+01	1.771104e+02
5.600000e-06	3.517804e-09	1.444509e-09	1.691071e+01	1.754880e+02
5.610000e-06	3.485352e-09	1.432453e-09	1.675470e+01	1.738565e+02
5.620000e-06	3.452727e-09	1.420431e-09	1.659787e+01	1.722160e+02
5.630000e-06	3.419925e-09	1.408390e-09	1.644018e+01	1.705665e+02
5.640000e-06	3.386926e-09	1.396014e-09	1.628155e+01	1.689081e+02
5.650000e-06	3.353750e-09	1.384119e-09	1.612207e+01	1.672410e+02
5.660000e-06	3.320440e-09	1.371582e-09	1.596194e+01	1.655651e+02
5.670000e-06	3.286999e-09	1.358273e-09	1.580119e+01	1.638806e+02
5.680000e-06	3.253402e-09	1.346689e-09	1.563968e+01	1.621876e+02
5.690000e-06	3.219655e-09	1.337653e-09	1.547745e+01	1.604861e+02
5.700000e-06	3.185743e-09	1.329770e-09	1.531443e+01	1.587763e+02
5.710000e-06	3.151652e-09	1.320359e-09	1.515055e+01	1.570582e+02
5.720000e-06	3.117385e-09	1.307644e-09	1.498582e+01	1.553320e+02
5.730000e-06	3.082928e-09	1.291948e-09	1.482018e+01	1.535977e+02
5.740000e-06	3.048273e-09	1.275875e-09	1.465359e+01	1.518554e+02
5.750000e-06	3.013454e-09	1.261139e-09	1.448621e+01	1.501051e+02
5.760000e-06	2.978507e-09	1.248429e-09	1.431821e+01	1.483471e+02
5.770000e-06	2.943434e-09	1.237271e-09	1.414961e+01	1.465813e+02
5.780000e-06	2.908232e-09	1.226884e-09	1.398039e+01	1.448080e+02
5.790000e-06	2.872916e-09	1.216512e-09	1.381062e+01	1.430270e+02
5.800000e-06	2.837515e-09	1.204351e-09	1.364044e+01	1.412387e+02
5.810000e-06	2.802044e-09	1.188533e-09	1.346992e+01	1.394430e+02
5.820000e-06	2.766509e-09	1.169236e-09	1.329910e+01	1.376400e+02
5.830000e-06	2.730907e-09	1.150028e-09	1.312795e+01	1.358299e+02
5.840000e-06	2.695237e-09	1.134135e-09	1.295648e+01	1.340127e+02
5.850000e-06	2.659501e-09	1.122425e-09	1.278469e+01	1.321885e+02
5.860000e-06	2.623684e-09	1.112197e-09	1.261251e+01	1.303574e+02
5.870000e-06	2.587766e-09	1.100316e-09	1.243985e+01	1.285196e+02
5.880000e-06	2.551723e-09	1.086363e-09	1.226658e+01	1.266751e+02
5.890000e-06	2.515537e-09	1.070617e-09	1.209263e+01	1.248240e+02
5.900000e-06	2.479211e-09	1.053704e-09	1.191801e+01	1.229664e+02
5.910000e-06	2.442710e-09	1.035679e-09	1.174254e+01	1.211024e+02
5.920000e-06	2.406009e-09	1.017712e-09	1.156611e+01	1.192321e+02
5.930000e-06	2.369092e-09	1.003200e-09	1.138865e+01	1.173555e+02
5.940000e-06	2.331914e-09	9.910219e-10	1.120992e+01	1.154729e+02
5.950000e-06	2.294499e-09	9.766309e-10	1.103006e+01	1.135843e+02
5.960000e-06	2.256890e-09	9.588047e-10	1.084927e+01	1.116898e+02
5.970000e-06	2.219066e-09	9.393094e-10	1.066745e+01	1.097894e+02
5.980000e-06	2.181007e-09	9.220004e-10	1.048449e+01	1.078834e+02
5.990000e-06	2.142730e-09	9.080831e-10	1.030048e+01	1.059717e+02
6.000000e-06	2.104305e-09	8.952670e-10	1.011577e+01	1.040545e+02
6.010000e-06	2.065761e-09	8.798226e-10	9.930481e+00	1.021319e+02
6.020000e-06	2.027039e-09	8.618193e-10	9.744339e+00	1.002040e+02
6.030000e-06	1.988137e-09	8.447723e-10	9.557329e+00	9.827087e+01
6.040000e-06	1.949123e-09	8.281545e-10	9.369785e+00	9.633263e+01
6.050000e-06	1.910033e-09	8.109261e-10	9.181870e+00	9.438938e+01
6.060000e-06	1.870861e-09	7.930183e-10	8.993566e+00	9.244122e+01
6.070000e-06	1.831604e-09	7.774584e-10	8.804851e+00	9.048826e+01
6.080000e-06	1.792277e-09	7.657195e-10	8.615798e+00	8.853058e+01
6.090000e-06	1.752902e-09	7.534094e-10	8.426514e+00	8.656830e+01
6.100000e-06	1.713479e-09	7.374298e-10	8.237002e+00	8.460152e+01
6.110000e-06	1.674008e-09	7.190514e-10	8.047259e+00	8.263033e+01
6.120000e-06	1.634484e-09	7.012756e-10	7.857259e+00	8.065485e+01
6.130000e-06	1.594922e-09	6.851141e-10	7.667075e+00	7.867518e+01
6.140000e-06	1.555346e-09	6.705410e-10	7.476826e+00	7.669141e+01
6.150000e-06	1.515736e-09	6.556244e-10	7.286415e+00	7.470365e+01
6.160000e-06	1.476094e-09	6.389395e-10	7.095849e+00	7.271201e+01
6.170000e-06	1.436429e-09	6.217184e-10	6.905174e+00	7.071658e+01
6.180000e-06	1.396720e-09	6.041759e-10	6.714283e+00	6.871748e+01
6.190000e-06	1.356961e-09	5.874502e-10	6.523156e+00	6.671481e+01
6.200000e-06	1.317155e-09	5.725820e-10	6.331801e+00	6.470866e+01
6.210000e-06	1.277308e-09	5.581033e-10	6.140249e+00	6.269915e+01
6.220000e-06	1.237410e-09	5.418677e-10	5.948451e+00	6.068638e+01
6.230000e-06	1.197458e-09	5.236483e-10	5.756397e+00	5.867046e+01
6.240000e-06	1.157455e-09	5.050456e-10	5.564093e+00	5.665148e+01
6.250000e-06	1.117406e-09	4.874773e-10	5.371572e+00	5.462956e+01
6.260000e-06	1.077305e-09	4.708882e-10	5.178797e+00	5.260480e+01
6.270000e-06	1.037147e-09	4.542653e-10	4.985751e+00	5.057731e+01
6.280000e-06	9.969561e-10	4.371251e-10	4.792547e+00	4.854718e+01
6.290000e-06	9.567007e-10	4.200250e-10	4.599033e+00	4.651454e+01
6.300000e-06	9.163662e-10	4.043778e-10	4.405138e+00	4.447947e+01
6.310000e-06	8.759912e-10	3.897365e-10	4.211049e+00	4.244210e+01
6.320000e-06	8.355715e-10	3.752053e-10	4.016744e+00	4.040252e+01
6.330000e-06	7.950916e-10	3.602547e-10	3.822150e+00	3.836084e+01
6.340000e-06	7.545740e-10	3.442547e-10	3.627375e+00	3.631716e+01
6.350000e-06	7.140219e-10	3.272176e-10	3.432434e+00	3.427161e+01
6.360000e-06	6.734362e-10	3.082426e-10	3.237331e+00	3.222427e+01
6.370000e-06	6.328139e-10	2.873568e-10	3.042053e+00	3.017525e+01
6.380000e-06	5.921543e-10	2.674114e-10	2.846595e+00	2.812468e+01
6.390000e-06	5.514531e-10	2.515819e-10	2.650937e+00	2.607264e+01
6.400000e-06	5.107047e-10	2.397694e-10	2.455053e+00	2.401925e+01
6.410000e-06	4.699285e-10	2.280768e-10	2.259034e+00	2.196461e+01
6.420000e-06	4.291329e-10	2.121317e-10	2.062923e+00	1.990883e+01
6.430000e-06	3.883203e-10	1.914377e-10	1.866729e+00	1.785202e+01
6.440000e-06	3.474850e-10	1.684674e-10	1.670427e+00	1.579429e+01
6.450000e-06	3.066319e-10	1.457682e-10	1.474039e+00	1.373574e+01
6.460000e-06	2.657595e-10	1.248348e-10	1.277558e+00	1.167648e+01
6.470000e-06	2.248497e-10	1.060337e-10	1.080897e+00	9.616611e+00
6.480000e-06	1.839234e-10	9.016894e-11	8.841578e-01	7.556250e+00
6.490000e-06	1.429932e-10	7.697800e-11	6.873994e-01	5.495501e+00
6.500000e-06	1.020507e-10	6.432461e-11	4.905816e-01	3.434469e+00
6.510000e-06	6.110182e-11	4.804087e-11	2.937329e-01	1.373264e+00
6.520000e-06	2.016462e-11	2.564058e-11	9.694053e-02	-6.880080e-01
6.530000e-06	-2.075948e-11	8.823916e-13	-9.978882e-02	-2.749240e+00
6.540000e-06	-6.167959e-11	-2.086561e-11	-2.964989e-01	-4.810323e+00
6.550000e-06	-1.025998e-10	-3.731081e-11	-4.932097e-01	-6.871152e+00
6.560000e-06	-1.435149e-10	-5.114460e-11	-6.898956e-01	-8.931618e+00
6.570000e-06	-1.844114e-10	-6.737424e-11	-8.864920e-01	-1.099161e+01
6.580000e-06	-2.252863e-10	-8.703653e-11	-1.082985e+00	-1.305103e+01
6.590000e-06	-2.661390e-10	-1.074468e-10	-1.279371e+00	-1.510977e+01
6.600000e-06	-3.069915e-10	-1.275993e-10	-1.475756e+00	-1.716771e+01
6.610000e-06	-3.478237e-10	-1.478041e-10	-1.672044e+00	-1.922476e+01
6.620000e-06	-3.886262e-10	-1.680115e-10	-1.868188e+00	-2.128080e+01
6.630000e-06	-4.294038e-10	-1.879611e-10	-2.064213e+00	-2.333572e+01
6.640000e-06	-4.701576e-10	-2.068193e-10	-2.260124e+00	-2.538943e+01
6.650000e-06	-5.109041e-10	-2.248097e-10	-2.455999e+00	-2.744181e+01
6.660000e-06	-5.516163e-10	-2.426488e-10	-2.651710e+00	-2.949275e+01
6.670000e-06	-5.922749e-10	-2.610753e-10	-2.847163e+00	-3.154216e+01
6.680000e-06	-6.328756e-10	-2.798347e-10	-3.042337e+00	-3.358992e+01
6.690000e-06	-6.734380e-10	-2.980421e-10	-3.237328e+00	-3.563592e+01
6.700000e-06	-7.139689e-10	-3.168616e-10	-3.432167e+00	-3.768007e+01
6.710000e-06	-7.544308e-10	-3.385404e-10	-3.626675e+00	-3.972224e+01
6.720000e-06	-7.948329e-10	-3.614309e-10	-3.820895e+00	-4.176235e+01
6.730000e-06	-8.352027e-10	-3.808685e-10	-4.014960e+00	-4.380027e+01
6.740000e-06	-8.755461e-10	-3.949494e-10	-4.208897e+00	-4.583591e+01
6.750000e-06	-9.158405e-10	-4.084097e-10	-4.402600e+00	-4.786916e+01
6.760000e-06	-9.560692e-10	-4.273884e-10	-4.595986e+00	-4.989991e+01
6.770000e-06	-9.962500e-10	-4.499940e-10	-4.789142e+00	-5.192806e+01
6.780000e-06	-1.036382e-09	-4.705259e-10	-4.982063e+00	-5.395350e+01
6.790000e-06	-1.076464e-09	-4.871519e-10	-5.174745e+00	-5.597612e+01
6.800000e-06	-1.116504e-09	-5.033601e-10	-5.367223e+00	-5.799583e+01
6.810000e-06	-1.156490e-09	-5.218348e-10	-5.559442e+00	-6.001251e+01
6.820000e-06	-1.196397e-09	-5.421571e-10	-5.751282e+00	-6.202606e+01
6.830000e-06	-1.236232e-09	-5.617083e-10	-5.942778e+00	-6.403638e+01
6.840000e-06	-1.276032e-09	-5.784826e-10	-6.134103e+00	-6.604336e+01
6.850000e-06	-1.315790e-09	-5.944059e-10	-6.325226e+00	-6.804689e+01
6.860000e-06	-1.355511e-09	-6.121064e-10	-6.516172e+00	-7.004688e+01
6.870000e-06	-1.395221e-09	-6.313101e-10	-6.707068e+00	-7.204321e+01
6.880000e-06	-1.434891e-09	-6.478245e-10	-6.897768e+00	-7.403579e+01
6.890000e-06	-1.474509e-09	-6.612862e-10	-7.088219e+00	-7.602451e+01
6.900000e-06	-1.514096e-09	-6.761894e-10	-7.278518e+00	-7.800926e+01
6.910000e-06	-1.553647e-09	-6.954495e-10	-7.468650e+00	-7.998995e+01
6.920000e-06	-1.593169e-09	-7.161926e-10	-7.658640e+00	-8.196646e+01
6.930000e-06	-1.632666e-09	-7.334334e-10	-7.848505e+00	-8.393871e+01
6.940000e-06	-1.672126e-09	-7.460750e-10	-8.038200e+00	-8.590658e+01
6.950000e-06	-1.711559e-09	-7.572949e-10	-8.227762e+00	-8.786997e+01
6.960000e-06	-1.750946e-09	-7.726052e-10	-8.417100e+00	-8.982878e+01
6.970000e-06	-1.790264e-09	-7.919693e-10	-8.606109e+00	-9.178291e+01
6.980000e-06	-1.829510e-09	-8.105200e-10	-8.794774e+00	-9.373226e+01
6.990000e-06	-1.868678e-09	-8.259800e-10	-8.983057e+00	-9.567672e+01
7.000000e-06	-1.907762e-09	-8.411183e-10	-9.170944e+00	-9.761619e+01
7.010000e-06	-1.946752e-09	-8.587775e-10	-9.358373e+00	-9.955057e+01
7.020000e-06	-1.985621e-09	-8.754057e-10	-9.545227e+00	-1.014798e+02
7.030000e-06	-2.024366e-09	-8.874175e-10	-9.731479e+00	-1.034037e+02
7.040000e-06	-2.062979e-09	-8.986153e-10	-9.917096e+00	-1.053222e+02
7.050000e-06	-2.101424e-09	-9.156538e-10	-1.010191e+01	-1.072352e+02
7.060000e-06	-2.139709e-09	-9.375943e-10	-1.028595e+01	-1.091427e+02
7.070000e-06	-2.177818e-09	-9.573804e-10	-1.046915e+01	-1.110444e+02
7.080000e-06	-2.215709e-09	-9.718141e-10	-1.065130e+01	-1.129404e+02
7.090000e-06	-2.253381e-09	-9.837523e-10	-1.083239e+01	-1.148305e+02
7.100000e-06	-2.290815e-09	-9.987665e-10	-1.101235e+01	-1.167146e+02
7.110000e-06	-2.327987e-09	-1.017213e-09	-1.119104e+01	-1.185926e+02
7.120000e-06	-2.364931e-09	-1.034747e-09	-1.136863e+01	-1.204644e+02
7.130000e-06	-2.401690e-09	-1.049879e-09	-1.154534e+01	-1.223300e+02
7.140000e-06	-2.438234e-09	-1.064510e-09	-1.172101e+01	-1.241892e+02
7.150000e-06	-2.474577e-09	-1.081018e-09	-1.189572e+01	-1.260419e+02
7.160000e-06	-2.510760e-09	-1.099775e-09	-1.206966e+01	-1.278880e+02
7.170000e-06	-2.546809e-09	-1.117906e-09	-1.224295e+01	-1.297275e+02
7.180000e-06	-2.582737e-09	-1.133384e-09	-1.241566e+01	-1.315602e+02
7.190000e-06	-2.618555e-09	-1.148105e-09	-1.258785e+01	-1.333861e+02
7.200000e-06	-2.654282e-09	-1.164251e-09	-1.275959e+01	-1.352050e+02
7.210000e-06	-2.689928e-09	-1.180759e-09	-1.293095e+01	-1.370169e+02
7.220000e-06	-2.725518e-09	-1.195866e-09	-1.310204e+01	-1.388216e+02
7.230000e-06	-2.761054e-09	-1.211375e-09	-1.327287e+01	-1.406191e+02
7.240000e-06	-2.796532e-09	-1.229243e-09	-1.344342e+01	-1.424092e+02
7.250000e-06	-2.831935e-09	-1.248646e-09	-1.361360e+01	-1.441920e+02
7.260000e-06	-2.867252e-09	-1.266575e-09	-1.378338e+01	-1.459672e+02
7.270000e-06	-2.902471e-09	-1.281422e-09	-1.395268e+01	-1.477349e+02
7.280000e-06	-2.937567e-09	-1.295014e-09	-1.412140e+01	-1.494948e+02
7.290000e-06	-2.972521e-09	-1.309148e-09	-1.428943e+01	-1.512469e+02
7.300000e-06	-3.007320e-09	-1.324499e-09	-1.445671e+01	-1.529912e+02
7.310000e-06	-3.041952e-09	-1.340212e-09	-1.462319e+01	-1.547275e+02
7.320000e-06	-3.076386e-09	-1.355936e-09	-1.478872e+01	-1.564557e+02
7.330000e-06	-3.110622e-09	-1.371755e-09	-1.495330e+01	-1.581758e+02
7.340000e-06	-3.144682e-09	-1.387567e-09	-1.511703e+01	-1.598876e+02
7.350000e-06	-3.178578e-09	-1.402604e-09	-1.527998e+01	-1.615912e+02
7.360000e-06	-3.212331e-09	-1.415046e-09	-1.544223e+01	-1.632862e+02
7.370000e-06	-3.245948e-09	-1.427141e-09	-1.560384e+01	-1.649728e+02
7.380000e-06	-3.279432e-09	-1.441391e-09	-1.576480e+01	-1.666508e+02
7.390000e-06	-3.312792e-09	-1.456224e-09	-1.592517e+01	-1.683201e+02
7.400000e-06	-3.345984e-09	-1.469400e-09	-1.608473e+01	-1.699807e+02
7.410000e-06	-3.378972e-09	-1.480907e-09	-1.624331e+01	-1.716323e+02
7.420000e-06	-3.411775e-09	-1.493500e-09	-1.640100e+01	-1.732751e+02
7.430000e-06	-3.444373e-09	-1.509107e-09	-1.655770e+01	-1.749088e+02
7.440000e-06	-3.476750e-09	-1.525492e-09	-1.671334e+01	-1.765334e+02
7.450000e-06	-3.508926e-09	-1.539645e-09	-1.686802e+01	-1.781488e+02
7.460000e-06	-3.540908e-09	-1.551417e-09	-1.702176e+01	-1.797549e+02
7.470000e-06	-3.572744e-09	-1.562750e-09	-1.717480e+01	-1.813517e+02
7.480000e-06	-3.604485e-09	-1.574293e-09	-1.732739e+01	-1.829390e+02
7.490000e-06	-3.636132e-09	-1.584429e-09	-1.747952e+01	-1.845167e+02
7.500000e-06	-3.667682e-09	-1.593857e-09	-1.763119e+01	-1.860849e+02
7.510000e-06	-3.699115e-09	-1.605018e-09	-1.778229e+01	-1.876434e+02
7.520000e-06	-3.730409e-09	-1.618437e-09	-1.793273e+01	-1.891921e+02
7.530000e-06	-3.761559e-09	-1.632972e-09	-1.808247e+01	-1.907309e+02
7.540000e-06	-3.792515e-09	-1.646630e-09	-1.823128e+01	-1.922598e+02
7.550000e-06	-3.823238e-09	-1.657474e-09	-1.837897e+01	-1.937787e+02
7.560000e-06	-3.853711e-09	-1.667457e-09	-1.852546e+01	-1.952875e+02
7.570000e-06	-3.883873e-09	-1.679460e-09	-1.867045e+01	-1.967861e+02
7.580000e-06	-3.913688e-09	-1.693217e-09	-1.881378e+01	-1.982745e+02
7.590000e-06	-3.943150e-09	-1.707285e-09	-1.895541e+01	-1.997525e+02
7.600000e-06	-3.972244e-09	-1.718911e-09	-1.909527e+01	-2.012201e+02
7.610000e-06	-4.000982e-09	-1.726802e-09	-1.923342e+01	-2.026773e+02
7.620000e-06	-4.029419e-09	-1.733918e-09	-1.937012e+01	-2.041239e+02
7.630000e-06	-4.057604e-09	-1.743617e-09	-1.950561e+01	-2.055598e+02
7.640000e-06	-4.085561e-09	-1.755140e-09	-1.964001e+01	-2.069851e+02
7.650000e-06	-4.113355e-09	-1.766371e-09	-1.977362e+01	-2.083995e+02
7.660000e-06	-4.141030e-09	-1.777840e-09	-1.990665e+01	-2.098031e+02
7.670000e-06	-4.168599e-09	-1.791050e-09	-2.003918e+01	-2.111958e+02
7.680000e-06	-4.196079e-09	-1.804814e-09	-2.017129e+01	-2.125775e+02
7.690000e-06	-4.223450e-09	-1.815919e-09	-2.030286e+01	-2.139481e+02
7.700000e-06	-4.250663e-09	-1.823186e-09	-2.043368e+01	-2.153075e+02
7.710000e-06	-4.277679e-09	-1.829910e-09	-2.056355e+01	-2.166558e+02
7.720000e-06	-4.304491e-09	-1.840660e-09	-2.069244e+01	-2.179927e+02
7.730000e-06	-4.331059e-09	-1.854268e-09	-2.082016e+01	-2.193183e+02
7.740000e-06	-4.357356e-09	-1.865878e-09	-2.094657e+01	-2.206325e+02
7.750000e-06	-4.383425e-09	-1.874361e-09	-2.107189e+01	-2.219352e+02
7.760000e-06	-4.409263e-09	-1.883165e-09	-2.119610e+01	-2.232263e+02
7.770000e-06	-4.434881e-09	-1.894211e-09	-2.131925e+01	-2.245058e+02
7.780000e-06	-4.460290e-09	-1.904944e-09	-2.144139e+01	-2.257736e+02
7.790000e-06	-4.485482e-09	-1.914711e-09	-2.156249e+01	-2.270296e+02
7.800000e-06	-4.510426e-09	-1.926178e-09	-2.168241e+01	-2.282738e+02
7.810000e-06	-4.535078e-09	-1.938959e-09	-2.180091e+01	-2.295062e+02
7.820000e-06	-4.559482e-09	-1.950786e-09	-2.191823e+01	-2.307265e+02
7.830000e-06	-4.583675e-09	-1.960371e-09	-2.203453e+01	-2.319349e+02
7.840000e-06	-4.607651e-09	-1.967099e-09	-2.214979e+01	-2.331311e+02
7.850000e-06	-4.631449e-09	-1.974403e-09	-2.226419e+01	-2.343152e+02
7.860000e-06	-4.655112e-09	-1.986399e-09	-2.237794e+01	-2.354871e+02
7.870000e-06	-4.678655e-09	-2.001171e-09	-2.249111e+01	-2.366468e+02
7.880000e-06	-4.702062e-09	-2.013644e-09	-2.260363e+01	-2.377941e+02
7.890000e-06	-4.725315e-09	-2.022233e-09	-2.271542e+01	-2.389290e+02
7.900000e-06	-4.748387e-09	-2.030086e-09	-2.282633e+01	-2.400515e+02
7.910000e-06	-4.771182e-09	-2.040933e-09	-2.293591e+01	-2.411615e+02
7.920000e-06	-4.793621e-09	-2.053535e-09	-2.304377e+01	-2.422589e+02
7.930000e-06	-4.815668e-09	-2.062946e-09	-2.314976e+01	-2.433437e+02
7.940000e-06	-4.837312e-09	-2.068106e-09	-2.325381e+01	-2.444158e+02
7.950000e-06	-4.858534e-09	-2.071328e-09	-2.335582e+01	-2.454752e+02
7.960000e-06	-4.879335e-09	-2.076366e-09	-2.345582e+01	-2.465218e+02
7.970000e-06	-4.899773e-09	-2.084805e-09	-2.355406e+01	-2.475556e+02
7.980000e-06	-4.919899e-09	-2.095344e-09	-2.365082e+01	-2.485765e+02
7.990000e-06	-4.939778e-09	-2.108618e-09	-2.374638e+01	-2.495844e+02
8.000000e-06	-4.959486e-09	-2.123744e-09	-2.384112e+01	-2.505793e+02
8.010000e-06	-4.979074e-09	-2.137548e-09	-2.393528e+01	-2.515612e+02
8.020000e-06	-4.998530e-09	-2.145957e-09	-2.402881e+01	-2.525299e+02
8.030000e-06	-5.017840e-09	-2.147251e-09	-2.412163e+01	-2.534855e+02
8.040000e-06	-5.036958e-09	-2.145135e-09	-2.421354e+01	-2.544279e+02
8.050000e-06	-5.055819e-09	-2.146841e-09	-2.430421e+01	-2.553571e+02
8.060000e-06	-5.074401e-09	-2.157332e-09	-2.439353e+01	-2.562729e+02
8.070000e-06	-5.092689e-09	-2.173595e-09	-2.448145e+01	-2.571754e+02
8.080000e-06	-5.110698e-09	-2.188026e-09	-2.456802e+01	-2.580645e+02
8.090000e-06	-5.128489e-09	-2.196690e-09	-2.465354e+01	-2.589402e+02
8.100000e-06	-5.146083e-09	-2.201588e-09	-2.473812e+01	-2.598024e+02
8.110000e-06	-5.163450e-09	-2.205471e-09	-2.482161e+01	-2.606510e+02
8.120000e-06	-5.180573e-09	-2.209084e-09	-2.490392e+01	-2.614861e+02
8.130000e-06	-5.197432e-09	-2.211816e-09	-2.498497e+01	-2.623075e+02
8.140000e-06	-5.213979e-09	-2.215324e-09	-2.506451e+01	-2.631153e+02
8.150000e-06	-5.230243e-09	-2.222843e-09	-2.514270e+01	-2.639094e+02
8.160000e-06	-5.246293e-09	-2.233526e-09	-2.521985e+01	-2.646897e+02
8.170000e-06	-5.262144e-09	-2.244362e-09	-2.529605e+01	-2.654562e+02
8.180000e-06	-5.277813e-09	-2.253274e-09	-2.537137e+01	-2.662089e+02
8.190000e-06	-5.293327e-09	-2.259882e-09	-2.544595e+01	-2.669478e+02
8.200000e-06	-5.308660e-09	-2.265649e-09	-2.551966e+01	-2.676727e+02
8.210000e-06	-5.323718e-09	-2.271215e-09	-2.559205e+01	-2.683837e+02
8.220000e-06	-5.338414e-09	-2.276040e-09	-2.566269e+01	-2.690807e+02
8.230000e-06	-5.352678e-09	-2.280162e-09	-2.573126e+01	-2.697637e+02
8.240000e-06	-5.366453e-09	-2.284092e-09	-2.579748e+01	-2.704327e+02
8.250000e-06	-5.379768e-09	-2.288845e-09	-2.586149e+01	-2.710875e+02
8.260000e-06	-5.392643e-09	-2.296060e-09	-2.592338e+01	-2.717283e+02
8.270000e-06	-5.405082e-09	-2.304209e-09	-2.598318e+01	-2.723549e+02
8.280000e-06	-5.417180e-09	-2.309907e-09	-2.604134e+01	-2.729673e+02
8.290000e-06	-5.429027e-09	-2.312277e-09	-2.609829e+01	-2.735654e+02
8.300000e-06	-5.440644e-09	-2.314055e-09	-2.615413e+01	-2.741494e+02
8.310000e-06	-5.452030e-09	-2.318250e-09	-2.620886e+01	-2.747190e+02
8.320000e-06	-5.463142e-09	-2.323541e-09	-2.626228e+01	-2.752744e+02
8.330000e-06	-5.473951e-09	-2.327978e-09	-2.631424e+01	-2.758154e+02
8.340000e-06	-5.484457e-09	-2.332123e-09	-2.636475e+01	-2.763420e+02
8.350000e-06	-5.494655e-09	-2.336625e-09	-2.641377e+01	-2.768543e+02
8.360000e-06	-5.504588e-09	-2.339821e-09	-2.646152e+01	-2.773521e+02
8.370000e-06	-5.514282e-09	-2.340903e-09	-2.650812e+01	-2.778355e+02
8.380000e-06	-5.523742e-09	-2.341687e-09	-2.655360e+01	-2.783044e+02
8.390000e-06	-5.532955e-09	-2.344491e-09	-2.659789e+01	-2.787588e+02
8.400000e-06	-5.541883e-09	-2.350120e-09	-2.664080e+01	-2.791987e+02
8.410000e-06	-5.550515e-09	-2.355217e-09	-2.668230e+01	-2.796240e+02
8.420000e-06	-5.558860e-09	-2.357810e-09	-2.672242e+01	-2.800348e+02
8.430000e-06	-5.566939e-09	-2.359274e-09	-2.676125e+01	-2.804310e+02
8.440000e-06	-5.574788e-09	-2.360727e-09	-2.679898e+01	-2.808126e+02
8.450000e-06	-5.582465e-09	-2.363645e-09	-2.683589e+01	-2.811795e+02
8.460000e-06	-5.589994e-09	-2.367782e-09	-2.687208e+01	-2.815318e+02
8.470000e-06	-5.597349e-09	-2.372188e-09	-2.690744e+01	-2.818695e+02
8.480000e-06	-5.604481e-09	-2.376673e-09	-2.694172e+01	-2.821925e+02
8.490000e-06	-5.611305e-09	-2.380814e-09	-2.697453e+01	-2.825007e+02
8.500000e-06	-5.617743e-09	-2.383413e-09	-2.700548e+01	-2.827943e+02
8.510000e-06	-5.623743e-09	-2.385111e-09	-2.703432e+01	-2.830731e+02
8.520000e-06	-5.629273e-09	-2.387713e-09	-2.706090e+01	-2.833372e+02
8.530000e-06	-5.634324e-09	-2.390550e-09	-2.708518e+01	-2.835865e+02
8.540000e-06	-5.638939e-09	-2.394017e-09	-2.710737e+01	-2.838210e+02
8.550000e-06	-5.643199e-09	-2.399079e-09	-2.712785e+01	-2.840408e+02
8.560000e-06	-5.647167e-09	-2.403859e-09	-2.714692e+01	-2.842458e+02
8.570000e-06	-5.650923e-09	-2.407226e-09	-2.716498e+01	-2.844359e+02
8.580000e-06	-5.654518e-09	-2.409611e-09	-2.718226e+01	-2.846113e+02
8.590000e-06	-5.657946e-09	-2.412387e-09	-2.719874e+01	-2.847718e+02
8.600000e-06	-5.661181e-09	-2.416627e-09	-2.721429e+01	-2.849175e+02
8.610000e-06	-5.664155e-09	-2.419658e-09	-2.722859e+01	-2.850484e+02
8.620000e-06	-5.666811e-09	-2.419945e-09	-2.724135e+01	-2.851644e+02
8.630000e-06	-5.669152e-09	-2.420476e-09	-2.725261e+01	-2.852655e+02
8.640000e-06	-5.671220e-09	-2.423292e-09	-2.726255e+01	-2.853518e+02
8.650000e-06	-5.673051e-09	-2.427942e-09	-2.727135e+01	-2.854232e+02
8.660000e-06	-5.674668e-09	-2.431707e-09	-2.727912e+01	-2.854798e+02
8.670000e-06	-5.676083e-09	-2.432045e-09	-2.728593e+01	-2.855215e+02
8.680000e-06	-5.677170e-09	-2.430606e-09	-2.729115e+01	-2.855483e+02
8.690000e-06	-5.677856e-09	-2.430429e-09	-2.729445e+01	-2.855602e+02
8.700000e-06	-5.678262e-09	-2.431298e-09	-2.729640e+01	-2.855573e+02
