# Temperatura_=_20.0
# Concentracion g/m^3_=_10000.0
# C_Vs_to_Am_M_A/Vsm_=_116720831517.84952
# pendiente_HvsI_1/m_=_3716.3
# ordenada_HvsI_A/m_=_1297.0
# frecuencia_Hz_=_135079.27254066375
# Promedio de 26 ciclos

Tiempo_(s)	Campo_(V.s)	Magnetizacion_(V.s)	Campo_(kA/m)	Magnetizacion_(A/m)
0.000000e+00	-4.446889e-09	-1.948597e-09	-2.355717e+01	-2.276149e+02
1.000000e-08	-4.446859e-09	-1.948162e-09	-2.355701e+01	-2.275791e+02
2.000000e-08	-4.446565e-09	-1.948670e-09	-2.355545e+01	-2.275268e+02
3.000000e-08	-4.446073e-09	-1.948916e-09	-2.355285e+01	-2.274582e+02
4.000000e-08	-4.445412e-09	-1.942702e-09	-2.354935e+01	-2.273731e+02
5.000000e-08	-4.444512e-09	-1.928448e-09	-2.354458e+01	-2.272717e+02
6.000000e-08	-4.443199e-09	-1.904043e-09	-2.353762e+01	-2.271538e+02
7.000000e-08	-4.441325e-09	-1.895180e-09	-2.352770e+01	-2.270196e+02
8.000000e-08	-4.438913e-09	-1.944811e-09	-2.351492e+01	-2.268691e+02
9.000000e-08	-4.436120e-09	-2.019686e-09	-2.350012e+01	-2.267021e+02
1.000000e-07	-4.432986e-09	-2.095562e-09	-2.348352e+01	-2.265188e+02
1.100000e-07	-4.429489e-09	-2.050396e-09	-2.346499e+01	-2.263192e+02
1.200000e-07	-4.425706e-09	-1.933945e-09	-2.344495e+01	-2.261033e+02
1.300000e-07	-4.421645e-09	-1.855406e-09	-2.342344e+01	-2.258710e+02
1.400000e-07	-4.417283e-09	-1.854077e-09	-2.340033e+01	-2.256225e+02
1.500000e-07	-4.412667e-09	-1.865151e-09	-2.337588e+01	-2.253577e+02
1.600000e-07	-4.407828e-09	-1.873740e-09	-2.335025e+01	-2.250766e+02
1.700000e-07	-4.402742e-09	-1.940758e-09	-2.332330e+01	-2.247794e+02
1.800000e-07	-4.397372e-09	-1.997469e-09	-2.329486e+01	-2.244659e+02
1.900000e-07	-4.391705e-09	-1.991010e-09	-2.326484e+01	-2.241362e+02
2.000000e-07	-4.385722e-09	-1.935447e-09	-2.323314e+01	-2.237904e+02
2.100000e-07	-4.379410e-09	-1.892594e-09	-2.319971e+01	-2.234284e+02
2.200000e-07	-4.372779e-09	-1.870218e-09	-2.316458e+01	-2.230503e+02
2.300000e-07	-4.365829e-09	-1.883277e-09	-2.312776e+01	-2.226562e+02
2.400000e-07	-4.358546e-09	-1.911281e-09	-2.308918e+01	-2.222459e+02
2.500000e-07	-4.350935e-09	-1.940957e-09	-2.304886e+01	-2.218197e+02
2.600000e-07	-4.342994e-09	-1.939966e-09	-2.300679e+01	-2.213774e+02
2.700000e-07	-4.334760e-09	-1.907252e-09	-2.296317e+01	-2.209192e+02
2.800000e-07	-4.326314e-09	-1.860801e-09	-2.291843e+01	-2.204451e+02
2.900000e-07	-4.317695e-09	-1.843538e-09	-2.287277e+01	-2.199551e+02
3.000000e-07	-4.308881e-09	-1.861674e-09	-2.282608e+01	-2.194492e+02
3.100000e-07	-4.299831e-09	-1.894378e-09	-2.277814e+01	-2.189274e+02
3.200000e-07	-4.290469e-09	-1.901754e-09	-2.272854e+01	-2.183899e+02
3.300000e-07	-4.280707e-09	-1.889177e-09	-2.267683e+01	-2.178367e+02
3.400000e-07	-4.270444e-09	-1.869009e-09	-2.262246e+01	-2.172677e+02
3.500000e-07	-4.259616e-09	-1.847891e-09	-2.256510e+01	-2.166831e+02
3.600000e-07	-4.248247e-09	-1.823227e-09	-2.250488e+01	-2.160828e+02
3.700000e-07	-4.236410e-09	-1.814019e-09	-2.244217e+01	-2.154670e+02
3.800000e-07	-4.224218e-09	-1.828150e-09	-2.237758e+01	-2.148356e+02
3.900000e-07	-4.211743e-09	-1.848462e-09	-2.231150e+01	-2.141888e+02
4.000000e-07	-4.199021e-09	-1.852792e-09	-2.224410e+01	-2.135265e+02
4.100000e-07	-4.186036e-09	-1.831845e-09	-2.217532e+01	-2.128488e+02
4.200000e-07	-4.172727e-09	-1.800583e-09	-2.210481e+01	-2.121557e+02
4.300000e-07	-4.159080e-09	-1.778038e-09	-2.203252e+01	-2.114473e+02
4.400000e-07	-4.145089e-09	-1.776304e-09	-2.195840e+01	-2.107237e+02
4.500000e-07	-4.130767e-09	-1.783102e-09	-2.188253e+01	-2.099849e+02
4.600000e-07	-4.116173e-09	-1.786693e-09	-2.180522e+01	-2.092310e+02
4.700000e-07	-4.101268e-09	-1.782880e-09	-2.172626e+01	-2.084620e+02
4.800000e-07	-4.085954e-09	-1.777665e-09	-2.164514e+01	-2.076779e+02
4.900000e-07	-4.070180e-09	-1.765324e-09	-2.156157e+01	-2.068789e+02
5.000000e-07	-4.053931e-09	-1.747603e-09	-2.147550e+01	-2.060649e+02
5.100000e-07	-4.037222e-09	-1.731098e-09	-2.138698e+01	-2.052361e+02
5.200000e-07	-4.020124e-09	-1.729657e-09	-2.129641e+01	-2.043925e+02
5.300000e-07	-4.002704e-09	-1.732340e-09	-2.120412e+01	-2.035341e+02
5.400000e-07	-3.985017e-09	-1.730514e-09	-2.111043e+01	-2.026611e+02
5.500000e-07	-3.967119e-09	-1.718340e-09	-2.101562e+01	-2.017734e+02
5.600000e-07	-3.949017e-09	-1.704911e-09	-2.091972e+01	-2.008712e+02
5.700000e-07	-3.930716e-09	-1.693238e-09	-2.082277e+01	-1.999545e+02
5.800000e-07	-3.912213e-09	-1.686081e-09	-2.072475e+01	-1.990234e+02
5.900000e-07	-3.893498e-09	-1.680692e-09	-2.062561e+01	-1.980780e+02
6.000000e-07	-3.874526e-09	-1.675095e-09	-2.052511e+01	-1.971182e+02
6.100000e-07	-3.855217e-09	-1.666634e-09	-2.042282e+01	-1.961442e+02
6.200000e-07	-3.835578e-09	-1.657908e-09	-2.031878e+01	-1.951561e+02
6.300000e-07	-3.815646e-09	-1.647492e-09	-2.021320e+01	-1.941540e+02
6.400000e-07	-3.795456e-09	-1.635784e-09	-2.010624e+01	-1.931378e+02
6.500000e-07	-3.775079e-09	-1.624216e-09	-1.999829e+01	-1.921077e+02
6.600000e-07	-3.754558e-09	-1.616852e-09	-1.988958e+01	-1.910637e+02
6.700000e-07	-3.733914e-09	-1.613222e-09	-1.978022e+01	-1.900059e+02
6.800000e-07	-3.713138e-09	-1.608667e-09	-1.967016e+01	-1.889345e+02
6.900000e-07	-3.692168e-09	-1.599924e-09	-1.955908e+01	-1.878494e+02
7.000000e-07	-3.670935e-09	-1.586295e-09	-1.944659e+01	-1.867508e+02
7.100000e-07	-3.649407e-09	-1.573406e-09	-1.933255e+01	-1.856387e+02
7.200000e-07	-3.627597e-09	-1.563663e-09	-1.921701e+01	-1.845132e+02
7.300000e-07	-3.605505e-09	-1.555292e-09	-1.909998e+01	-1.833744e+02
7.400000e-07	-3.583167e-09	-1.544530e-09	-1.898164e+01	-1.822224e+02
7.500000e-07	-3.560625e-09	-1.532387e-09	-1.886223e+01	-1.810572e+02
7.600000e-07	-3.537863e-09	-1.522269e-09	-1.874165e+01	-1.798790e+02
7.700000e-07	-3.514848e-09	-1.515475e-09	-1.861973e+01	-1.786878e+02
7.800000e-07	-3.491572e-09	-1.507899e-09	-1.849643e+01	-1.774838e+02
7.900000e-07	-3.468018e-09	-1.497289e-09	-1.837165e+01	-1.762669e+02
8.000000e-07	-3.444185e-09	-1.484567e-09	-1.824540e+01	-1.750373e+02
8.100000e-07	-3.420124e-09	-1.473823e-09	-1.811793e+01	-1.737951e+02
8.200000e-07	-3.395868e-09	-1.464227e-09	-1.798944e+01	-1.725403e+02
8.300000e-07	-3.371443e-09	-1.454101e-09	-1.786005e+01	-1.712731e+02
8.400000e-07	-3.346871e-09	-1.441206e-09	-1.772988e+01	-1.699935e+02
8.500000e-07	-3.322146e-09	-1.429544e-09	-1.759890e+01	-1.687017e+02
8.600000e-07	-3.297250e-09	-1.420510e-09	-1.746701e+01	-1.673977e+02
8.700000e-07	-3.272160e-09	-1.413134e-09	-1.733410e+01	-1.660817e+02
8.800000e-07	-3.246840e-09	-1.401582e-09	-1.719997e+01	-1.647537e+02
8.900000e-07	-3.221241e-09	-1.385879e-09	-1.706436e+01	-1.634137e+02
9.000000e-07	-3.195269e-09	-1.369609e-09	-1.692678e+01	-1.620620e+02
9.100000e-07	-3.168842e-09	-1.357161e-09	-1.678678e+01	-1.606986e+02
9.200000e-07	-3.141944e-09	-1.348710e-09	-1.664429e+01	-1.593236e+02
9.300000e-07	-3.114643e-09	-1.339275e-09	-1.649967e+01	-1.579371e+02
9.400000e-07	-3.087006e-09	-1.325986e-09	-1.635326e+01	-1.565393e+02
9.500000e-07	-3.059070e-09	-1.311808e-09	-1.620527e+01	-1.551301e+02
9.600000e-07	-3.030915e-09	-1.299686e-09	-1.605612e+01	-1.537097e+02
9.700000e-07	-3.002610e-09	-1.289228e-09	-1.590618e+01	-1.522783e+02
9.800000e-07	-2.974188e-09	-1.276501e-09	-1.575561e+01	-1.508358e+02
9.900000e-07	-2.945665e-09	-1.261073e-09	-1.560451e+01	-1.493825e+02
1.000000e-06	-2.917037e-09	-1.246658e-09	-1.545286e+01	-1.479184e+02
1.010000e-06	-2.888288e-09	-1.235821e-09	-1.530056e+01	-1.464436e+02
1.020000e-06	-2.859406e-09	-1.226131e-09	-1.514756e+01	-1.449583e+02
1.030000e-06	-2.830374e-09	-1.213223e-09	-1.499376e+01	-1.434625e+02
1.040000e-06	-2.801145e-09	-1.196980e-09	-1.483892e+01	-1.419564e+02
1.050000e-06	-2.771654e-09	-1.182794e-09	-1.468270e+01	-1.404400e+02
1.060000e-06	-2.741901e-09	-1.173944e-09	-1.452508e+01	-1.389135e+02
1.070000e-06	-2.711921e-09	-1.164424e-09	-1.436626e+01	-1.373769e+02
1.080000e-06	-2.681746e-09	-1.148695e-09	-1.420641e+01	-1.358305e+02
1.090000e-06	-2.651413e-09	-1.129569e-09	-1.404573e+01	-1.342742e+02
1.100000e-06	-2.620935e-09	-1.114496e-09	-1.388427e+01	-1.327083e+02
1.110000e-06	-2.590315e-09	-1.104620e-09	-1.372206e+01	-1.311328e+02
1.120000e-06	-2.559550e-09	-1.095157e-09	-1.355909e+01	-1.295478e+02
1.130000e-06	-2.528645e-09	-1.082045e-09	-1.339537e+01	-1.279535e+02
1.140000e-06	-2.497579e-09	-1.066371e-09	-1.323080e+01	-1.263499e+02
1.150000e-06	-2.466338e-09	-1.051564e-09	-1.306530e+01	-1.247372e+02
1.160000e-06	-2.434912e-09	-1.039832e-09	-1.289882e+01	-1.231156e+02
1.170000e-06	-2.403299e-09	-1.027526e-09	-1.273135e+01	-1.214850e+02
1.180000e-06	-2.371521e-09	-1.013027e-09	-1.256301e+01	-1.198457e+02
1.190000e-06	-2.339584e-09	-9.972120e-10	-1.239383e+01	-1.181977e+02
1.200000e-06	-2.307491e-09	-9.836793e-10	-1.222382e+01	-1.165412e+02
1.210000e-06	-2.275241e-09	-9.727925e-10	-1.205297e+01	-1.148762e+02
1.220000e-06	-2.242856e-09	-9.606432e-10	-1.188142e+01	-1.132030e+02
1.230000e-06	-2.210380e-09	-9.438515e-10	-1.170938e+01	-1.115217e+02
1.240000e-06	-2.177840e-09	-9.247717e-10	-1.153699e+01	-1.098322e+02
1.250000e-06	-2.145231e-09	-9.090596e-10	-1.136425e+01	-1.081349e+02
1.260000e-06	-2.112528e-09	-8.976616e-10	-1.119101e+01	-1.064297e+02
1.270000e-06	-2.079714e-09	-8.853243e-10	-1.101718e+01	-1.047168e+02
1.280000e-06	-2.046791e-09	-8.704575e-10	-1.084277e+01	-1.029964e+02
1.290000e-06	-2.013739e-09	-8.556454e-10	-1.066768e+01	-1.012686e+02
1.300000e-06	-1.980520e-09	-8.412796e-10	-1.049170e+01	-9.953343e+01
1.310000e-06	-1.947133e-09	-8.264150e-10	-1.031484e+01	-9.779108e+01
1.320000e-06	-1.913556e-09	-8.105004e-10	-1.013696e+01	-9.604168e+01
1.330000e-06	-1.879741e-09	-7.948567e-10	-9.957832e+00	-9.428534e+01
1.340000e-06	-1.845698e-09	-7.806448e-10	-9.777492e+00	-9.252220e+01
1.350000e-06	-1.811436e-09	-7.695311e-10	-9.595992e+00	-9.075237e+01
1.360000e-06	-1.776952e-09	-7.586142e-10	-9.413312e+00	-8.897599e+01
1.370000e-06	-1.742244e-09	-7.450431e-10	-9.229450e+00	-8.719319e+01
1.380000e-06	-1.707335e-09	-7.290029e-10	-9.044519e+00	-8.540409e+01
1.390000e-06	-1.672209e-09	-7.125631e-10	-8.858443e+00	-8.360882e+01
1.400000e-06	-1.636865e-09	-6.974594e-10	-8.671208e+00	-8.180751e+01
1.410000e-06	-1.601337e-09	-6.840797e-10	-8.483002e+00	-8.000029e+01
1.420000e-06	-1.565653e-09	-6.706913e-10	-8.293968e+00	-7.818730e+01
1.430000e-06	-1.529809e-09	-6.556885e-10	-8.104087e+00	-7.636865e+01
1.440000e-06	-1.493806e-09	-6.401568e-10	-7.913361e+00	-7.454449e+01
1.450000e-06	-1.457707e-09	-6.229186e-10	-7.722132e+00	-7.271494e+01
1.460000e-06	-1.421515e-09	-6.042734e-10	-7.530406e+00	-7.088014e+01
1.470000e-06	-1.385220e-09	-5.872704e-10	-7.338131e+00	-6.904021e+01
1.480000e-06	-1.348855e-09	-5.739769e-10	-7.145490e+00	-6.719530e+01
1.490000e-06	-1.312441e-09	-5.617473e-10	-6.952592e+00	-6.534553e+01
1.500000e-06	-1.275990e-09	-5.473728e-10	-6.759490e+00	-6.349104e+01
1.510000e-06	-1.239500e-09	-5.311716e-10	-6.566189e+00	-6.163195e+01
1.520000e-06	-1.202973e-09	-5.140716e-10	-6.372690e+00	-5.976842e+01
1.530000e-06	-1.166419e-09	-4.976702e-10	-6.179046e+00	-5.790056e+01
1.540000e-06	-1.129840e-09	-4.815570e-10	-5.985267e+00	-5.602851e+01
1.550000e-06	-1.093231e-09	-4.655640e-10	-5.791336e+00	-5.415241e+01
1.560000e-06	-1.056603e-09	-4.501698e-10	-5.597298e+00	-5.227239e+01
1.570000e-06	-1.019946e-09	-4.351564e-10	-5.403113e+00	-5.038860e+01
1.580000e-06	-9.832435e-10	-4.194923e-10	-5.208682e+00	-4.850115e+01
1.590000e-06	-9.464875e-10	-4.016358e-10	-5.013969e+00	-4.661020e+01
1.600000e-06	-9.096848e-10	-3.849750e-10	-4.819008e+00	-4.471588e+01
1.610000e-06	-8.728377e-10	-3.713341e-10	-4.623813e+00	-4.281831e+01
1.620000e-06	-8.359430e-10	-3.585835e-10	-4.428365e+00	-4.091765e+01
1.630000e-06	-7.990009e-10	-3.441976e-10	-4.232666e+00	-3.901402e+01
1.640000e-06	-7.619995e-10	-3.264424e-10	-4.036653e+00	-3.710757e+01
1.650000e-06	-7.249368e-10	-3.067282e-10	-3.840315e+00	-3.519842e+01
1.660000e-06	-6.878412e-10	-2.890736e-10	-3.643803e+00	-3.328673e+01
1.670000e-06	-6.507030e-10	-2.748778e-10	-3.447065e+00	-3.137262e+01
1.680000e-06	-6.135143e-10	-2.605337e-10	-3.250060e+00	-2.945624e+01
1.690000e-06	-5.762777e-10	-2.452171e-10	-3.052801e+00	-2.753772e+01
1.700000e-06	-5.389843e-10	-2.306449e-10	-2.855241e+00	-2.561719e+01
1.710000e-06	-5.016458e-10	-2.158150e-10	-2.657443e+00	-2.369481e+01
1.720000e-06	-4.642790e-10	-1.984288e-10	-2.459494e+00	-2.177071e+01
1.730000e-06	-4.268727e-10	-1.792995e-10	-2.261336e+00	-1.984502e+01
1.740000e-06	-3.894178e-10	-1.600400e-10	-2.062920e+00	-1.791788e+01
1.750000e-06	-3.519169e-10	-1.436885e-10	-1.864261e+00	-1.598944e+01
1.760000e-06	-3.143690e-10	-1.313831e-10	-1.665353e+00	-1.405983e+01
1.770000e-06	-2.767914e-10	-1.190132e-10	-1.466287e+00	-1.212919e+01
1.780000e-06	-2.392073e-10	-1.033318e-10	-1.267188e+00	-1.019766e+01
1.790000e-06	-2.016239e-10	-8.487233e-11	-1.068092e+00	-8.265382e+00
1.800000e-06	-1.640184e-10	-6.700963e-11	-8.688784e-01	-6.332492e+00
1.810000e-06	-1.264040e-10	-5.054032e-11	-6.696180e-01	-4.399130e+00
1.820000e-06	-8.879220e-11	-3.406760e-11	-4.703715e-01	-2.465435e+00
1.830000e-06	-5.117518e-11	-1.693535e-11	-2.710972e-01	-5.315459e-01
1.840000e-06	-1.355873e-11	-4.942636e-13	-7.182590e-02	1.402397e+00
1.850000e-06	2.407745e-11	1.526198e-11	1.275499e-01	3.336255e+00
1.860000e-06	6.172697e-11	3.147808e-11	3.269963e-01	5.269888e+00
1.870000e-06	9.937704e-11	4.912895e-11	5.264456e-01	7.203158e+00
1.880000e-06	1.370125e-10	6.762053e-11	7.258173e-01	9.135925e+00
1.890000e-06	1.746405e-10	8.441635e-11	9.251497e-01	1.106805e+01
1.900000e-06	2.122593e-10	9.861161e-11	1.124434e+00	1.299939e+01
1.910000e-06	2.498388e-10	1.121049e-10	1.323509e+00	1.492982e+01
1.920000e-06	2.873774e-10	1.278600e-10	1.522368e+00	1.685918e+01
1.930000e-06	3.248782e-10	1.464018e-10	1.721026e+00	1.878734e+01
1.940000e-06	3.623539e-10	1.641137e-10	1.919552e+00	2.071417e+01
1.950000e-06	3.997966e-10	1.781823e-10	2.117903e+00	2.263952e+01
1.960000e-06	4.371977e-10	1.910486e-10	2.316033e+00	2.456326e+01
1.970000e-06	4.745702e-10	2.059106e-10	2.514012e+00	2.648524e+01
1.980000e-06	5.118991e-10	2.240591e-10	2.711760e+00	2.840533e+01
1.990000e-06	5.491736e-10	2.439531e-10	2.909220e+00	3.032339e+01
2.000000e-06	5.863988e-10	2.621983e-10	3.106418e+00	3.223928e+01
2.010000e-06	6.235680e-10	2.775129e-10	3.303320e+00	3.415287e+01
2.020000e-06	6.606860e-10	2.918177e-10	3.499951e+00	3.606401e+01
2.030000e-06	6.977574e-10	3.070873e-10	3.696335e+00	3.797257e+01
2.040000e-06	7.347912e-10	3.218242e-10	3.892519e+00	3.987841e+01
2.050000e-06	7.717872e-10	3.354968e-10	4.088504e+00	4.178139e+01
2.060000e-06	8.087175e-10	3.504763e-10	4.284140e+00	4.368138e+01
2.070000e-06	8.455796e-10	3.688531e-10	4.479416e+00	4.557824e+01
2.080000e-06	8.823971e-10	3.885926e-10	4.674454e+00	4.747183e+01
2.090000e-06	9.191663e-10	4.054486e-10	4.869237e+00	4.936202e+01
2.100000e-06	9.558998e-10	4.195173e-10	5.063831e+00	5.124866e+01
2.110000e-06	9.926028e-10	4.329327e-10	5.258264e+00	5.313164e+01
2.120000e-06	1.029267e-09	4.476639e-10	5.452489e+00	5.501080e+01
2.130000e-06	1.065901e-09	4.647687e-10	5.646560e+00	5.688601e+01
2.140000e-06	1.102514e-09	4.831308e-10	5.840515e+00	5.875714e+01
2.150000e-06	1.139098e-09	5.008427e-10	6.034316e+00	6.062405e+01
2.160000e-06	1.175655e-09	5.160994e-10	6.227974e+00	6.248662e+01
2.170000e-06	1.212189e-09	5.288365e-10	6.421511e+00	6.434469e+01
2.180000e-06	1.248688e-09	5.421149e-10	6.614861e+00	6.619815e+01
2.190000e-06	1.285149e-09	5.579961e-10	6.808014e+00	6.804686e+01
2.200000e-06	1.321566e-09	5.756861e-10	7.000929e+00	6.989068e+01
2.210000e-06	1.357940e-09	5.935233e-10	7.193618e+00	7.172948e+01
2.220000e-06	1.394248e-09	6.095386e-10	7.385959e+00	7.356313e+01
2.230000e-06	1.430467e-09	6.245043e-10	7.577827e+00	7.539150e+01
2.240000e-06	1.466601e-09	6.392873e-10	7.769247e+00	7.721445e+01
2.250000e-06	1.502635e-09	6.533428e-10	7.960135e+00	7.903185e+01
2.260000e-06	1.538533e-09	6.682614e-10	8.150301e+00	8.084358e+01
2.270000e-06	1.574255e-09	6.847431e-10	8.339538e+00	8.264950e+01
2.280000e-06	1.609802e-09	7.020334e-10	8.527845e+00	8.444948e+01
2.290000e-06	1.645190e-09	7.177650e-10	8.715310e+00	8.624340e+01
2.300000e-06	1.680374e-09	7.310055e-10	8.901696e+00	8.803112e+01
2.310000e-06	1.715341e-09	7.436768e-10	9.086933e+00	8.981251e+01
2.320000e-06	1.750098e-09	7.570856e-10	9.271054e+00	9.158745e+01
2.330000e-06	1.784592e-09	7.726619e-10	9.453784e+00	9.335581e+01
2.340000e-06	1.818841e-09	7.898551e-10	9.635217e+00	9.511745e+01
2.350000e-06	1.852862e-09	8.061583e-10	9.815444e+00	9.687227e+01
2.360000e-06	1.886650e-09	8.202335e-10	9.994434e+00	9.862012e+01
2.370000e-06	1.920228e-09	8.336245e-10	1.017231e+01	1.003609e+02
2.380000e-06	1.953605e-09	8.474666e-10	1.034912e+01	1.020944e+02
2.390000e-06	1.986809e-09	8.616931e-10	1.052502e+01	1.038206e+02
2.400000e-06	2.019860e-09	8.768974e-10	1.070011e+01	1.055394e+02
2.410000e-06	2.052769e-09	8.917715e-10	1.087444e+01	1.072505e+02
2.420000e-06	2.085569e-09	9.066288e-10	1.104820e+01	1.089540e+02
2.430000e-06	2.118282e-09	9.218286e-10	1.122149e+01	1.106496e+02
2.440000e-06	2.150922e-09	9.347758e-10	1.139440e+01	1.123373e+02
2.450000e-06	2.183506e-09	9.469231e-10	1.156701e+01	1.140169e+02
2.460000e-06	2.216025e-09	9.603273e-10	1.173928e+01	1.156882e+02
2.470000e-06	2.248466e-09	9.748380e-10	1.191114e+01	1.173513e+02
2.480000e-06	2.280824e-09	9.912248e-10	1.208255e+01	1.190059e+02
2.490000e-06	2.313061e-09	1.008299e-09	1.225332e+01	1.206520e+02
2.500000e-06	2.345145e-09	1.024385e-09	1.242329e+01	1.222894e+02
2.510000e-06	2.377032e-09	1.039412e-09	1.259221e+01	1.239180e+02
2.520000e-06	2.408708e-09	1.054206e-09	1.276001e+01	1.255377e+02
2.530000e-06	2.440158e-09	1.069257e-09	1.292661e+01	1.271484e+02
2.540000e-06	2.471395e-09	1.083132e-09	1.309209e+01	1.287499e+02
2.550000e-06	2.502439e-09	1.097030e-09	1.325654e+01	1.303422e+02
2.560000e-06	2.533311e-09	1.111030e-09	1.342009e+01	1.319251e+02
2.570000e-06	2.564054e-09	1.125548e-09	1.358295e+01	1.334985e+02
2.580000e-06	2.594662e-09	1.141306e-09	1.374509e+01	1.350623e+02
2.590000e-06	2.625137e-09	1.156106e-09	1.390653e+01	1.366164e+02
2.600000e-06	2.655491e-09	1.171462e-09	1.406733e+01	1.381606e+02
2.610000e-06	2.685695e-09	1.186201e-09	1.422733e+01	1.396950e+02
2.620000e-06	2.715715e-09	1.197640e-09	1.438636e+01	1.412192e+02
2.630000e-06	2.745517e-09	1.207966e-09	1.454424e+01	1.427334e+02
2.640000e-06	2.775074e-09	1.219456e-09	1.470081e+01	1.442372e+02
2.650000e-06	2.804396e-09	1.232300e-09	1.485615e+01	1.457307e+02
2.660000e-06	2.833509e-09	1.246106e-09	1.501037e+01	1.472137e+02
2.670000e-06	2.862443e-09	1.259168e-09	1.516365e+01	1.486861e+02
2.680000e-06	2.891227e-09	1.271005e-09	1.531613e+01	1.501479e+02
2.690000e-06	2.919904e-09	1.283125e-09	1.546805e+01	1.515988e+02
2.700000e-06	2.948502e-09	1.295250e-09	1.561954e+01	1.530388e+02
2.710000e-06	2.977020e-09	1.306867e-09	1.577062e+01	1.544678e+02
2.720000e-06	3.005439e-09	1.319240e-09	1.592116e+01	1.558857e+02
2.730000e-06	3.033735e-09	1.331166e-09	1.607106e+01	1.572924e+02
2.740000e-06	3.061849e-09	1.342442e-09	1.621999e+01	1.586877e+02
2.750000e-06	3.089694e-09	1.353743e-09	1.636750e+01	1.600717e+02
2.760000e-06	3.117213e-09	1.364734e-09	1.651328e+01	1.614441e+02
2.770000e-06	3.144328e-09	1.374988e-09	1.665692e+01	1.628049e+02
2.780000e-06	3.170996e-09	1.385484e-09	1.679819e+01	1.641540e+02
2.790000e-06	3.197232e-09	1.397310e-09	1.693718e+01	1.654913e+02
2.800000e-06	3.223088e-09	1.410338e-09	1.707415e+01	1.668167e+02
2.810000e-06	3.248598e-09	1.423803e-09	1.720929e+01	1.681301e+02
2.820000e-06	3.273797e-09	1.435574e-09	1.734278e+01	1.694314e+02
2.830000e-06	3.298761e-09	1.445091e-09	1.747502e+01	1.707205e+02
2.840000e-06	3.323548e-09	1.453946e-09	1.760633e+01	1.719974e+02
2.850000e-06	3.348191e-09	1.463739e-09	1.773687e+01	1.732618e+02
2.860000e-06	3.372684e-09	1.474622e-09	1.786663e+01	1.745138e+02
2.870000e-06	3.397007e-09	1.485296e-09	1.799548e+01	1.757532e+02
2.880000e-06	3.421140e-09	1.495248e-09	1.812332e+01	1.769800e+02
2.890000e-06	3.445027e-09	1.506349e-09	1.824986e+01	1.781941e+02
2.900000e-06	3.468639e-09	1.518403e-09	1.837494e+01	1.793953e+02
2.910000e-06	3.491962e-09	1.528898e-09	1.849849e+01	1.805836e+02
2.920000e-06	3.515015e-09	1.537504e-09	1.862062e+01	1.817590e+02
2.930000e-06	3.537851e-09	1.546145e-09	1.874159e+01	1.829212e+02
2.940000e-06	3.560481e-09	1.556097e-09	1.886147e+01	1.840703e+02
2.950000e-06	3.582924e-09	1.566996e-09	1.898036e+01	1.852062e+02
2.960000e-06	3.605169e-09	1.577858e-09	1.909820e+01	1.863287e+02
2.970000e-06	3.627163e-09	1.587809e-09	1.921472e+01	1.874378e+02
2.980000e-06	3.648871e-09	1.597236e-09	1.932971e+01	1.885334e+02
2.990000e-06	3.670277e-09	1.607696e-09	1.944311e+01	1.896155e+02
3.000000e-06	3.691402e-09	1.618381e-09	1.955502e+01	1.906839e+02
3.010000e-06	3.712305e-09	1.628497e-09	1.966575e+01	1.917386e+02
3.020000e-06	3.733028e-09	1.637375e-09	1.977553e+01	1.927795e+02
3.030000e-06	3.753618e-09	1.645506e-09	1.988461e+01	1.938066e+02
3.040000e-06	3.774090e-09	1.653322e-09	1.999305e+01	1.948197e+02
3.050000e-06	3.794400e-09	1.660548e-09	2.010064e+01	1.958187e+02
3.060000e-06	3.814491e-09	1.668913e-09	2.020707e+01	1.968037e+02
3.070000e-06	3.834340e-09	1.678821e-09	2.031223e+01	1.977745e+02
3.080000e-06	3.853896e-09	1.688954e-09	2.041582e+01	1.987311e+02
3.090000e-06	3.873100e-09	1.699630e-09	2.051755e+01	1.996734e+02
3.100000e-06	3.891965e-09	1.710766e-09	2.061749e+01	2.006013e+02
3.110000e-06	3.910528e-09	1.719744e-09	2.071582e+01	2.015148e+02
3.120000e-06	3.928836e-09	1.726135e-09	2.081281e+01	2.024138e+02
3.130000e-06	3.946928e-09	1.731893e-09	2.090865e+01	2.032982e+02
3.140000e-06	3.964828e-09	1.738107e-09	2.100348e+01	2.041680e+02
3.150000e-06	3.982534e-09	1.745179e-09	2.109727e+01	2.050231e+02
3.160000e-06	4.000030e-09	1.753726e-09	2.118996e+01	2.058635e+02
3.170000e-06	4.017272e-09	1.763984e-09	2.128130e+01	2.066890e+02
3.180000e-06	4.034181e-09	1.774868e-09	2.137087e+01	2.074997e+02
3.190000e-06	4.050687e-09	1.783183e-09	2.145831e+01	2.082954e+02
3.200000e-06	4.066764e-09	1.786874e-09	2.154348e+01	2.090761e+02
3.210000e-06	4.082423e-09	1.787831e-09	2.162643e+01	2.098418e+02
3.220000e-06	4.097686e-09	1.790268e-09	2.170728e+01	2.105924e+02
3.230000e-06	4.112607e-09	1.796666e-09	2.178633e+01	2.113278e+02
3.240000e-06	4.127243e-09	1.806063e-09	2.186386e+01	2.120481e+02
3.250000e-06	4.141607e-09	1.814948e-09	2.193996e+01	2.127531e+02
3.260000e-06	4.155673e-09	1.821484e-09	2.201447e+01	2.134427e+02
3.270000e-06	4.169421e-09	1.828124e-09	2.208730e+01	2.141170e+02
3.280000e-06	4.182834e-09	1.835100e-09	2.215835e+01	2.147759e+02
3.290000e-06	4.195915e-09	1.839292e-09	2.222765e+01	2.154193e+02
3.300000e-06	4.208733e-09	1.841717e-09	2.229555e+01	2.160473e+02
3.310000e-06	4.221303e-09	1.845736e-09	2.236214e+01	2.166597e+02
3.320000e-06	4.233590e-09	1.853126e-09	2.242723e+01	2.172565e+02
3.330000e-06	4.245566e-09	1.862341e-09	2.249067e+01	2.178376e+02
3.340000e-06	4.257163e-09	1.868567e-09	2.255211e+01	2.184031e+02
3.350000e-06	4.268289e-09	1.871361e-09	2.261105e+01	2.189529e+02
3.360000e-06	4.278898e-09	1.874098e-09	2.266725e+01	2.194869e+02
3.370000e-06	4.288996e-09	1.878614e-09	2.272074e+01	2.200051e+02
3.380000e-06	4.298619e-09	1.882886e-09	2.277172e+01	2.205075e+02
3.390000e-06	4.307849e-09	1.885200e-09	2.282061e+01	2.209940e+02
3.400000e-06	4.316773e-09	1.886222e-09	2.286789e+01	2.214646e+02
3.410000e-06	4.325477e-09	1.889441e-09	2.291400e+01	2.219193e+02
3.420000e-06	4.334016e-09	1.895791e-09	2.295923e+01	2.223580e+02
3.430000e-06	4.342389e-09	1.900725e-09	2.300359e+01	2.227807e+02
3.440000e-06	4.350533e-09	1.901261e-09	2.304673e+01	2.231874e+02
3.450000e-06	4.358379e-09	1.900366e-09	2.308830e+01	2.235780e+02
3.460000e-06	4.365888e-09	1.903085e-09	2.312807e+01	2.239525e+02
3.470000e-06	4.373051e-09	1.909816e-09	2.316602e+01	2.243109e+02
3.480000e-06	4.379902e-09	1.915841e-09	2.320231e+01	2.246532e+02
3.490000e-06	4.386483e-09	1.917630e-09	2.323717e+01	2.249793e+02
3.500000e-06	4.392801e-09	1.918476e-09	2.327065e+01	2.252892e+02
3.510000e-06	4.398824e-09	1.921388e-09	2.330255e+01	2.255828e+02
3.520000e-06	4.404499e-09	1.924921e-09	2.333262e+01	2.258603e+02
3.530000e-06	4.409827e-09	1.926037e-09	2.336084e+01	2.261215e+02
3.540000e-06	4.414863e-09	1.924455e-09	2.338752e+01	2.263664e+02
3.550000e-06	4.419674e-09	1.924970e-09	2.341300e+01	2.265950e+02
3.560000e-06	4.424314e-09	1.930872e-09	2.343758e+01	2.268074e+02
3.570000e-06	4.428783e-09	1.937044e-09	2.346126e+01	2.270034e+02
3.580000e-06	4.433046e-09	1.937927e-09	2.348384e+01	2.271830e+02
3.590000e-06	4.437023e-09	1.934800e-09	2.350491e+01	2.273464e+02
3.600000e-06	4.440617e-09	1.933880e-09	2.352395e+01	2.274933e+02
3.610000e-06	4.443748e-09	1.937916e-09	2.354053e+01	2.276239e+02
3.620000e-06	4.446355e-09	1.942175e-09	2.355434e+01	2.277381e+02
3.630000e-06	4.448447e-09	1.941390e-09	2.356543e+01	2.278359e+02
3.640000e-06	4.450071e-09	1.937720e-09	2.357403e+01	2.279173e+02
3.650000e-06	4.451304e-09	1.937401e-09	2.358056e+01	2.279823e+02
3.660000e-06	4.452247e-09	1.942340e-09	2.358555e+01	2.280310e+02
3.670000e-06	4.452972e-09	1.946803e-09	2.358939e+01	2.280631e+02
3.680000e-06	4.453517e-09	1.945245e-09	2.359228e+01	2.280789e+02
3.690000e-06	4.453874e-09	1.940588e-09	2.359417e+01	2.280783e+02
3.700000e-06	4.453982e-09	1.938216e-09	2.359475e+01	2.280613e+02
3.710000e-06	4.453777e-09	1.940760e-09	2.359366e+01	2.280278e+02
3.720000e-06	4.453231e-09	1.943378e-09	2.359077e+01	2.279779e+02
3.730000e-06	4.452356e-09	1.943953e-09	2.358613e+01	2.279117e+02
3.740000e-06	4.451188e-09	1.948326e-09	2.357995e+01	2.278290e+02
3.750000e-06	4.449736e-09	1.964393e-09	2.357225e+01	2.277299e+02
3.760000e-06	4.447972e-09	1.982439e-09	2.356291e+01	2.276144e+02
3.770000e-06	4.445876e-09	1.961663e-09	2.355181e+01	2.274826e+02
3.780000e-06	4.443444e-09	1.896825e-09	2.353892e+01	2.273344e+02
3.790000e-06	4.440690e-09	1.816386e-09	2.352433e+01	2.271698e+02
3.800000e-06	4.437626e-09	1.805015e-09	2.350810e+01	2.269889e+02
3.810000e-06	4.434323e-09	1.921845e-09	2.349060e+01	2.267916e+02
3.820000e-06	4.430900e-09	2.030074e-09	2.347247e+01	2.265780e+02
3.830000e-06	4.427342e-09	2.038617e-09	2.345362e+01	2.263481e+02
3.840000e-06	4.423559e-09	1.994560e-09	2.343358e+01	2.261020e+02
3.850000e-06	4.419495e-09	1.954659e-09	2.341205e+01	2.258395e+02
3.860000e-06	4.415133e-09	1.934105e-09	2.338895e+01	2.255608e+02
3.870000e-06	4.410362e-09	1.878537e-09	2.336367e+01	2.252659e+02
3.880000e-06	4.404969e-09	1.861980e-09	2.333510e+01	2.249547e+02
3.890000e-06	4.398930e-09	1.883853e-09	2.330311e+01	2.246274e+02
3.900000e-06	4.392427e-09	1.945097e-09	2.326866e+01	2.242839e+02
3.910000e-06	4.385640e-09	1.969530e-09	2.323271e+01	2.239243e+02
3.920000e-06	4.378641e-09	1.956796e-09	2.319563e+01	2.235485e+02
3.930000e-06	4.371389e-09	1.908676e-09	2.315722e+01	2.231567e+02
3.940000e-06	4.363893e-09	1.876557e-09	2.311750e+01	2.227487e+02
3.950000e-06	4.356169e-09	1.866771e-09	2.307659e+01	2.223248e+02
3.960000e-06	4.348161e-09	1.883236e-09	2.303416e+01	2.218849e+02
3.970000e-06	4.339808e-09	1.915062e-09	2.298992e+01	2.214290e+02
3.980000e-06	4.331115e-09	1.949137e-09	2.294386e+01	2.209571e+02
3.990000e-06	4.322145e-09	1.938326e-09	2.289635e+01	2.204694e+02
4.000000e-06	4.312943e-09	1.877488e-09	2.284760e+01	2.199658e+02
4.010000e-06	4.303462e-09	1.831260e-09	2.279738e+01	2.194464e+02
4.020000e-06	4.293668e-09	1.840802e-09	2.274549e+01	2.189111e+02
4.030000e-06	4.283572e-09	1.882469e-09	2.269201e+01	2.183601e+02
4.040000e-06	4.273172e-09	1.883859e-09	2.263692e+01	2.177935e+02
4.050000e-06	4.262444e-09	1.877774e-09	2.258008e+01	2.172111e+02
4.060000e-06	4.251382e-09	1.876608e-09	2.252149e+01	2.166131e+02
4.070000e-06	4.240023e-09	1.877619e-09	2.246131e+01	2.159995e+02
4.080000e-06	4.228335e-09	1.833928e-09	2.239939e+01	2.153704e+02
4.090000e-06	4.216274e-09	1.802626e-09	2.233550e+01	2.147257e+02
4.100000e-06	4.203815e-09	1.806435e-09	2.226950e+01	2.140656e+02
4.110000e-06	4.190911e-09	1.836753e-09	2.220114e+01	2.133902e+02
4.120000e-06	4.177516e-09	1.837653e-09	2.213018e+01	2.126993e+02
4.130000e-06	4.163612e-09	1.833550e-09	2.205653e+01	2.119932e+02
4.140000e-06	4.149252e-09	1.818462e-09	2.198045e+01	2.112718e+02
4.150000e-06	4.134505e-09	1.798928e-09	2.190233e+01	2.105351e+02
4.160000e-06	4.119446e-09	1.772215e-09	2.182256e+01	2.097834e+02
4.170000e-06	4.104165e-09	1.780690e-09	2.174161e+01	2.090165e+02
4.180000e-06	4.088725e-09	1.791685e-09	2.165981e+01	2.082346e+02
4.190000e-06	4.073123e-09	1.786557e-09	2.157716e+01	2.074377e+02
4.200000e-06	4.057291e-09	1.769080e-09	2.149330e+01	2.066259e+02
4.210000e-06	4.041189e-09	1.768111e-09	2.140799e+01	2.057993e+02
4.220000e-06	4.024774e-09	1.759424e-09	2.132104e+01	2.049578e+02
4.230000e-06	4.008017e-09	1.741977e-09	2.123227e+01	2.041015e+02
4.240000e-06	3.990953e-09	1.737072e-09	2.114188e+01	2.032306e+02
4.250000e-06	3.973658e-09	1.746605e-09	2.105025e+01	2.023451e+02
4.260000e-06	3.956158e-09	1.741783e-09	2.095755e+01	2.014449e+02
4.270000e-06	3.938411e-09	1.728407e-09	2.086354e+01	2.005303e+02
4.280000e-06	3.920390e-09	1.723459e-09	2.076807e+01	1.996013e+02
4.290000e-06	3.902085e-09	1.713991e-09	2.067110e+01	1.986579e+02
4.300000e-06	3.883486e-09	1.697226e-09	2.057257e+01	1.977002e+02
4.310000e-06	3.864610e-09	1.689829e-09	2.047258e+01	1.967283e+02
4.320000e-06	3.845507e-09	1.695067e-09	2.037138e+01	1.957422e+02
4.330000e-06	3.826241e-09	1.688172e-09	2.026932e+01	1.947421e+02
4.340000e-06	3.806850e-09	1.676828e-09	2.016660e+01	1.937279e+02
4.350000e-06	3.787330e-09	1.667141e-09	2.006319e+01	1.926998e+02
4.360000e-06	3.767629e-09	1.657866e-09	1.995882e+01	1.916578e+02
4.370000e-06	3.747669e-09	1.641373e-09	1.985308e+01	1.906020e+02
4.380000e-06	3.727358e-09	1.638060e-09	1.974549e+01	1.895325e+02
4.390000e-06	3.706614e-09	1.639231e-09	1.963560e+01	1.884494e+02
4.400000e-06	3.685387e-09	1.635741e-09	1.952315e+01	1.873527e+02
4.410000e-06	3.663681e-09	1.621729e-09	1.940817e+01	1.862426e+02
4.420000e-06	3.641553e-09	1.610451e-09	1.929095e+01	1.851190e+02
4.430000e-06	3.619056e-09	1.594326e-09	1.917177e+01	1.839821e+02
4.440000e-06	3.596231e-09	1.584733e-09	1.905085e+01	1.828320e+02
4.450000e-06	3.573149e-09	1.578412e-09	1.892858e+01	1.816687e+02
4.460000e-06	3.549901e-09	1.573609e-09	1.880542e+01	1.804924e+02
4.470000e-06	3.526530e-09	1.564003e-09	1.868161e+01	1.793031e+02
4.480000e-06	3.503036e-09	1.558622e-09	1.855716e+01	1.781008e+02
4.490000e-06	3.479394e-09	1.550513e-09	1.843192e+01	1.768858e+02
4.500000e-06	3.455543e-09	1.536629e-09	1.830556e+01	1.756580e+02
4.510000e-06	3.431442e-09	1.517753e-09	1.817789e+01	1.744176e+02
4.520000e-06	3.407074e-09	1.504886e-09	1.804880e+01	1.731646e+02
4.530000e-06	3.382432e-09	1.495719e-09	1.791826e+01	1.718992e+02
4.540000e-06	3.357539e-09	1.489414e-09	1.778639e+01	1.706214e+02
4.550000e-06	3.332431e-09	1.481007e-09	1.765338e+01	1.693314e+02
4.560000e-06	3.307129e-09	1.469054e-09	1.751935e+01	1.680291e+02
4.570000e-06	3.281628e-09	1.456193e-09	1.738426e+01	1.667148e+02
4.580000e-06	3.255914e-09	1.445116e-09	1.724804e+01	1.653885e+02
4.590000e-06	3.229964e-09	1.433039e-09	1.711057e+01	1.640503e+02
4.600000e-06	3.203751e-09	1.416971e-09	1.697171e+01	1.627002e+02
4.610000e-06	3.177258e-09	1.402029e-09	1.683136e+01	1.613385e+02
4.620000e-06	3.150510e-09	1.389318e-09	1.668967e+01	1.599652e+02
4.630000e-06	3.123554e-09	1.380047e-09	1.654687e+01	1.585803e+02
4.640000e-06	3.096436e-09	1.371011e-09	1.640321e+01	1.571841e+02
4.650000e-06	3.069196e-09	1.361151e-09	1.625891e+01	1.557765e+02
4.660000e-06	3.041850e-09	1.347855e-09	1.611404e+01	1.543577e+02
4.670000e-06	3.014408e-09	1.335839e-09	1.596867e+01	1.529279e+02
4.680000e-06	2.986863e-09	1.323120e-09	1.582275e+01	1.514870e+02
4.690000e-06	2.959172e-09	1.310527e-09	1.567606e+01	1.500352e+02
4.700000e-06	2.931294e-09	1.295376e-09	1.552838e+01	1.485727e+02
4.710000e-06	2.903166e-09	1.281459e-09	1.537937e+01	1.470994e+02
4.720000e-06	2.874719e-09	1.267288e-09	1.522868e+01	1.456156e+02
4.730000e-06	2.845971e-09	1.255356e-09	1.507638e+01	1.441213e+02
4.740000e-06	2.816873e-09	1.244903e-09	1.492224e+01	1.426166e+02
4.750000e-06	2.787398e-09	1.235784e-09	1.476610e+01	1.411017e+02
4.760000e-06	2.757565e-09	1.222754e-09	1.460806e+01	1.395766e+02
4.770000e-06	2.727367e-09	1.209468e-09	1.444809e+01	1.380415e+02
4.780000e-06	2.696879e-09	1.195723e-09	1.428658e+01	1.364964e+02
4.790000e-06	2.666144e-09	1.182252e-09	1.412376e+01	1.349416e+02
4.800000e-06	2.635199e-09	1.167929e-09	1.395983e+01	1.333770e+02
4.810000e-06	2.604102e-09	1.154659e-09	1.379510e+01	1.318029e+02
4.820000e-06	2.572885e-09	1.142126e-09	1.362973e+01	1.302192e+02
4.830000e-06	2.541580e-09	1.130672e-09	1.346389e+01	1.286262e+02
4.840000e-06	2.510191e-09	1.117787e-09	1.329761e+01	1.270240e+02
4.850000e-06	2.478700e-09	1.102745e-09	1.313079e+01	1.254126e+02
4.860000e-06	2.447110e-09	1.087093e-09	1.296344e+01	1.237922e+02
4.870000e-06	2.415412e-09	1.073102e-09	1.279552e+01	1.221629e+02
4.880000e-06	2.383568e-09	1.060937e-09	1.262683e+01	1.205248e+02
4.890000e-06	2.351572e-09	1.049856e-09	1.245733e+01	1.188780e+02
4.900000e-06	2.319403e-09	1.038555e-09	1.228692e+01	1.172227e+02
4.910000e-06	2.287024e-09	1.025061e-09	1.211539e+01	1.155589e+02
4.920000e-06	2.254472e-09	1.010221e-09	1.194295e+01	1.138869e+02
4.930000e-06	2.221782e-09	9.952865e-10	1.176978e+01	1.122067e+02
4.940000e-06	2.188945e-09	9.806095e-10	1.159582e+01	1.105184e+02
4.950000e-06	2.155945e-09	9.664732e-10	1.142101e+01	1.088221e+02
4.960000e-06	2.122797e-09	9.553343e-10	1.124541e+01	1.071180e+02
4.970000e-06	2.089530e-09	9.452931e-10	1.106918e+01	1.054063e+02
4.980000e-06	2.056141e-09	9.340408e-10	1.089230e+01	1.036869e+02
4.990000e-06	2.022625e-09	9.186858e-10	1.071475e+01	1.019601e+02
5.000000e-06	1.988977e-09	9.004797e-10	1.053650e+01	1.002260e+02
5.010000e-06	1.955189e-09	8.808440e-10	1.035751e+01	9.848465e+01
5.020000e-06	1.921253e-09	8.631037e-10	1.017774e+01	9.673623e+01
5.030000e-06	1.887162e-09	8.477693e-10	9.997143e+00	9.498086e+01
5.040000e-06	1.852901e-09	8.352220e-10	9.815644e+00	9.321866e+01
5.050000e-06	1.818478e-09	8.244767e-10	9.633292e+00	9.144977e+01
5.060000e-06	1.783901e-09	8.141578e-10	9.450120e+00	8.967430e+01
5.070000e-06	1.749182e-09	8.007928e-10	9.266199e+00	8.789238e+01
5.080000e-06	1.714343e-09	7.846070e-10	9.081643e+00	8.610416e+01
5.090000e-06	1.679381e-09	7.657932e-10	8.896430e+00	8.430974e+01
5.100000e-06	1.644313e-09	7.469994e-10	8.710661e+00	8.250926e+01
5.110000e-06	1.609160e-09	7.295773e-10	8.524440e+00	8.070286e+01
5.120000e-06	1.573952e-09	7.155348e-10	8.337928e+00	7.889066e+01
5.130000e-06	1.538695e-09	7.046363e-10	8.151154e+00	7.707279e+01
5.140000e-06	1.503397e-09	6.946989e-10	7.964166e+00	7.524939e+01
5.150000e-06	1.468064e-09	6.831975e-10	7.776988e+00	7.342058e+01
5.160000e-06	1.432681e-09	6.671767e-10	7.589552e+00	7.158650e+01
5.170000e-06	1.397253e-09	6.478105e-10	7.401873e+00	6.974727e+01
5.180000e-06	1.361777e-09	6.275547e-10	7.213942e+00	6.790304e+01
5.190000e-06	1.326244e-09	6.090997e-10	7.025707e+00	6.605393e+01
5.200000e-06	1.290664e-09	5.938801e-10	6.837225e+00	6.420007e+01
5.210000e-06	1.255048e-09	5.807038e-10	6.648546e+00	6.234161e+01
5.220000e-06	1.219374e-09	5.681502e-10	6.459569e+00	6.047867e+01
5.230000e-06	1.183623e-09	5.538030e-10	6.270177e+00	5.861140e+01
5.240000e-06	1.147781e-09	5.377109e-10	6.080304e+00	5.673991e+01
5.250000e-06	1.111851e-09	5.196713e-10	5.889971e+00	5.486435e+01
5.260000e-06	1.075845e-09	4.992299e-10	5.699230e+00	5.298486e+01
5.270000e-06	1.039744e-09	4.793792e-10	5.507984e+00	5.110156e+01
5.280000e-06	1.003534e-09	4.622560e-10	5.316165e+00	4.921460e+01
5.290000e-06	9.672060e-10	4.472221e-10	5.123719e+00	4.732411e+01
5.300000e-06	9.307360e-10	4.316958e-10	4.930521e+00	4.543022e+01
5.310000e-06	8.941163e-10	4.139556e-10	4.736531e+00	4.353308e+01
5.320000e-06	8.573711e-10	3.944153e-10	4.541875e+00	4.163282e+01
5.330000e-06	8.205064e-10	3.753831e-10	4.346586e+00	3.972957e+01
5.340000e-06	7.835436e-10	3.570358e-10	4.150778e+00	3.782348e+01
5.350000e-06	7.465095e-10	3.375120e-10	3.954592e+00	3.591467e+01
5.360000e-06	7.093775e-10	3.179689e-10	3.757887e+00	3.400330e+01
5.370000e-06	6.721525e-10	3.009820e-10	3.560689e+00	3.208949e+01
5.380000e-06	6.348745e-10	2.863412e-10	3.363212e+00	3.017339e+01
5.390000e-06	5.974924e-10	2.725705e-10	3.165182e+00	2.825512e+01
5.400000e-06	5.599612e-10	2.571872e-10	2.966363e+00	2.633484e+01
5.410000e-06	5.223301e-10	2.386884e-10	2.767014e+00	2.441268e+01
5.420000e-06	4.846669e-10	2.185513e-10	2.567496e+00	2.248877e+01
5.430000e-06	4.469620e-10	1.995005e-10	2.367756e+00	2.056325e+01
5.440000e-06	4.091743e-10	1.822730e-10	2.167577e+00	1.863628e+01
5.450000e-06	3.713396e-10	1.660981e-10	1.967150e+00	1.670797e+01
5.460000e-06	3.334688e-10	1.499271e-10	1.766532e+00	1.477848e+01
5.470000e-06	2.955433e-10	1.339091e-10	1.565624e+00	1.284793e+01
5.480000e-06	2.575629e-10	1.167212e-10	1.364424e+00	1.091648e+01
5.490000e-06	2.195455e-10	9.780214e-11	1.163029e+00	8.984254e+00
5.500000e-06	1.815060e-10	7.795881e-11	9.615168e-01	7.051397e+00
5.510000e-06	1.434621e-10	5.829633e-11	7.599811e-01	5.118048e+00
5.520000e-06	1.054071e-10	3.885519e-11	5.583865e-01	3.184346e+00
5.530000e-06	6.733278e-11	2.047498e-11	3.566900e-01	1.250429e+00
5.540000e-06	2.924514e-11	3.436554e-12	1.549228e-01	-6.835626e-01
5.550000e-06	-8.847601e-12	-1.166257e-11	-4.687142e-02	-2.617490e+00
5.560000e-06	-4.692255e-11	-2.630326e-11	-2.485714e-01	-4.551213e+00
5.570000e-06	-8.498998e-11	-4.264472e-11	-4.502314e-01	-6.484593e+00
5.580000e-06	-1.230617e-10	-6.035874e-11	-6.519141e-01	-8.417490e+00
5.590000e-06	-1.611290e-10	-7.844329e-11	-8.535739e-01	-1.034977e+01
5.600000e-06	-1.991765e-10	-9.599730e-11	-1.055128e+00	-1.228128e+01
5.610000e-06	-2.371967e-10	-1.129642e-10	-1.256538e+00	-1.421190e+01
5.620000e-06	-2.751670e-10	-1.283715e-10	-1.457684e+00	-1.614147e+01
5.630000e-06	-3.130907e-10	-1.440636e-10	-1.658582e+00	-1.806987e+01
5.640000e-06	-3.509672e-10	-1.610632e-10	-1.859231e+00	-1.999695e+01
5.650000e-06	-3.887861e-10	-1.783300e-10	-2.059574e+00	-2.192258e+01
5.660000e-06	-4.265594e-10	-1.950035e-10	-2.259676e+00	-2.384661e+01
5.670000e-06	-4.642762e-10	-2.110275e-10	-2.459479e+00	-2.576890e+01
5.680000e-06	-5.019320e-10	-2.268486e-10	-2.658959e+00	-2.768933e+01
5.690000e-06	-5.395243e-10	-2.425683e-10	-2.858102e+00	-2.960775e+01
5.700000e-06	-5.770625e-10	-2.588715e-10	-3.056958e+00	-3.152401e+01
5.710000e-06	-6.145244e-10	-2.761784e-10	-3.255411e+00	-3.343800e+01
5.720000e-06	-6.518687e-10	-2.952181e-10	-3.453240e+00	-3.534955e+01
5.730000e-06	-6.890932e-10	-3.149041e-10	-3.650435e+00	-3.725855e+01
5.740000e-06	-7.262211e-10	-3.321602e-10	-3.847117e+00	-3.916485e+01
5.750000e-06	-7.632710e-10	-3.458874e-10	-4.043387e+00	-4.106831e+01
5.760000e-06	-8.001996e-10	-3.584093e-10	-4.239014e+00	-4.296880e+01
5.770000e-06	-8.369978e-10	-3.722905e-10	-4.433951e+00	-4.486617e+01
5.780000e-06	-8.736763e-10	-3.890102e-10	-4.628253e+00	-4.676030e+01
5.790000e-06	-9.102381e-10	-4.075014e-10	-4.821937e+00	-4.865105e+01
5.800000e-06	-9.466850e-10	-4.262385e-10	-5.015013e+00	-5.053827e+01
5.810000e-06	-9.830267e-10	-4.458298e-10	-5.207531e+00	-5.242184e+01
5.820000e-06	-1.019250e-09	-4.641742e-10	-5.399420e+00	-5.430162e+01
5.830000e-06	-1.055340e-09	-4.799547e-10	-5.590606e+00	-5.617747e+01
5.840000e-06	-1.091341e-09	-4.945662e-10	-5.781319e+00	-5.804926e+01
5.850000e-06	-1.127269e-09	-5.100089e-10	-5.971645e+00	-5.991685e+01
5.860000e-06	-1.163102e-09	-5.276455e-10	-6.161469e+00	-6.178011e+01
5.870000e-06	-1.198837e-09	-5.472002e-10	-6.350775e+00	-6.363891e+01
5.880000e-06	-1.234504e-09	-5.658678e-10	-6.539720e+00	-6.549311e+01
5.890000e-06	-1.270114e-09	-5.827867e-10	-6.728364e+00	-6.734257e+01
5.900000e-06	-1.305676e-09	-5.992610e-10	-6.916749e+00	-6.918717e+01
5.910000e-06	-1.341178e-09	-6.159903e-10	-7.104822e+00	-7.102676e+01
5.920000e-06	-1.376623e-09	-6.333332e-10	-7.292588e+00	-7.286123e+01
5.930000e-06	-1.412035e-09	-6.494683e-10	-7.480183e+00	-7.469043e+01
5.940000e-06	-1.447426e-09	-6.649430e-10	-7.667661e+00	-7.651424e+01
5.950000e-06	-1.482776e-09	-6.820240e-10	-7.854927e+00	-7.833252e+01
5.960000e-06	-1.518079e-09	-6.993086e-10	-8.041945e+00	-8.014514e+01
5.970000e-06	-1.553336e-09	-7.161896e-10	-8.228717e+00	-8.195197e+01
5.980000e-06	-1.588544e-09	-7.331501e-10	-8.415230e+00	-8.375288e+01
5.990000e-06	-1.623689e-09	-7.496802e-10	-8.601407e+00	-8.554775e+01
6.000000e-06	-1.658743e-09	-7.668291e-10	-8.787107e+00	-8.733644e+01
6.010000e-06	-1.693692e-09	-7.839057e-10	-8.972244e+00	-8.911882e+01
6.020000e-06	-1.728519e-09	-7.997793e-10	-9.156738e+00	-9.089477e+01
6.030000e-06	-1.763211e-09	-8.144121e-10	-9.340518e+00	-9.266415e+01
6.040000e-06	-1.797767e-09	-8.290213e-10	-9.523577e+00	-9.442684e+01
6.050000e-06	-1.832153e-09	-8.449259e-10	-9.705738e+00	-9.618272e+01
6.060000e-06	-1.866368e-09	-8.615556e-10	-9.886986e+00	-9.793165e+01
6.070000e-06	-1.900433e-09	-8.774729e-10	-1.006745e+01	-9.967351e+01
6.080000e-06	-1.934343e-09	-8.918822e-10	-1.024708e+01	-1.014082e+02
6.090000e-06	-1.968116e-09	-9.062418e-10	-1.042600e+01	-1.031355e+02
6.100000e-06	-2.001770e-09	-9.195180e-10	-1.060427e+01	-1.048554e+02
6.110000e-06	-2.035309e-09	-9.317545e-10	-1.078195e+01	-1.065678e+02
6.120000e-06	-2.068717e-09	-9.448053e-10	-1.095892e+01	-1.082724e+02
6.130000e-06	-2.102001e-09	-9.602847e-10	-1.113524e+01	-1.099692e+02
6.140000e-06	-2.135180e-09	-9.785550e-10	-1.131101e+01	-1.116581e+02
6.150000e-06	-2.168241e-09	-9.965652e-10	-1.148615e+01	-1.133390e+02
6.160000e-06	-2.201148e-09	-1.012005e-09	-1.166047e+01	-1.150116e+02
6.170000e-06	-2.233848e-09	-1.024727e-09	-1.183370e+01	-1.166760e+02
6.180000e-06	-2.266333e-09	-1.036066e-09	-1.200578e+01	-1.183319e+02
6.190000e-06	-2.298614e-09	-1.048212e-09	-1.217679e+01	-1.199793e+02
6.200000e-06	-2.330708e-09	-1.061675e-09	-1.234681e+01	-1.216180e+02
6.210000e-06	-2.362621e-09	-1.077535e-09	-1.251586e+01	-1.232480e+02
6.220000e-06	-2.394375e-09	-1.094704e-09	-1.268408e+01	-1.248690e+02
6.230000e-06	-2.426016e-09	-1.110196e-09	-1.285169e+01	-1.264811e+02
6.240000e-06	-2.457550e-09	-1.123659e-09	-1.301875e+01	-1.280840e+02
6.250000e-06	-2.488996e-09	-1.134801e-09	-1.318533e+01	-1.296777e+02
6.260000e-06	-2.520371e-09	-1.145457e-09	-1.335154e+01	-1.312620e+02
6.270000e-06	-2.551656e-09	-1.157330e-09	-1.351727e+01	-1.328369e+02
6.280000e-06	-2.582837e-09	-1.170745e-09	-1.368245e+01	-1.344022e+02
6.290000e-06	-2.613875e-09	-1.185160e-09	-1.384687e+01	-1.359578e+02
6.300000e-06	-2.644734e-09	-1.199041e-09	-1.401034e+01	-1.375035e+02
6.310000e-06	-2.675377e-09	-1.212653e-09	-1.417267e+01	-1.390394e+02
6.320000e-06	-2.705755e-09	-1.226436e-09	-1.433360e+01	-1.405652e+02
6.330000e-06	-2.735823e-09	-1.239674e-09	-1.449289e+01	-1.420809e+02
6.340000e-06	-2.765546e-09	-1.252624e-09	-1.465034e+01	-1.435863e+02
6.350000e-06	-2.794914e-09	-1.265521e-09	-1.480591e+01	-1.450814e+02
6.360000e-06	-2.823921e-09	-1.278276e-09	-1.495958e+01	-1.465660e+02
6.370000e-06	-2.852571e-09	-1.291215e-09	-1.511135e+01	-1.480400e+02
6.380000e-06	-2.880904e-09	-1.303796e-09	-1.526144e+01	-1.495033e+02
6.390000e-06	-2.908961e-09	-1.315786e-09	-1.541007e+01	-1.509559e+02
6.400000e-06	-2.936786e-09	-1.326944e-09	-1.555747e+01	-1.523976e+02
6.410000e-06	-2.964443e-09	-1.338464e-09	-1.570399e+01	-1.538283e+02
6.420000e-06	-2.991973e-09	-1.350840e-09	-1.584982e+01	-1.552479e+02
6.430000e-06	-3.019401e-09	-1.363095e-09	-1.599513e+01	-1.566562e+02
6.440000e-06	-3.046738e-09	-1.375095e-09	-1.613994e+01	-1.580533e+02
6.450000e-06	-3.073962e-09	-1.385300e-09	-1.628416e+01	-1.594390e+02
6.460000e-06	-3.101041e-09	-1.395053e-09	-1.642761e+01	-1.608132e+02
6.470000e-06	-3.127930e-09	-1.405844e-09	-1.657005e+01	-1.621758e+02
6.480000e-06	-3.154588e-09	-1.416345e-09	-1.671127e+01	-1.635267e+02
6.490000e-06	-3.180997e-09	-1.425915e-09	-1.685117e+01	-1.648658e+02
6.500000e-06	-3.207141e-09	-1.435347e-09	-1.698967e+01	-1.661930e+02
6.510000e-06	-3.233029e-09	-1.446826e-09	-1.712681e+01	-1.675082e+02
6.520000e-06	-3.258695e-09	-1.460470e-09	-1.726277e+01	-1.688113e+02
6.530000e-06	-3.284173e-09	-1.473120e-09	-1.739774e+01	-1.701023e+02
6.540000e-06	-3.309453e-09	-1.482391e-09	-1.753166e+01	-1.713810e+02
6.550000e-06	-3.334501e-09	-1.490146e-09	-1.766435e+01	-1.726473e+02
6.560000e-06	-3.359290e-09	-1.498916e-09	-1.779567e+01	-1.739012e+02
6.570000e-06	-3.383807e-09	-1.509061e-09	-1.792555e+01	-1.751425e+02
6.580000e-06	-3.408045e-09	-1.519683e-09	-1.805394e+01	-1.763712e+02
6.590000e-06	-3.432028e-09	-1.529855e-09	-1.818099e+01	-1.775872e+02
6.600000e-06	-3.455792e-09	-1.540796e-09	-1.830688e+01	-1.787904e+02
6.610000e-06	-3.479386e-09	-1.553187e-09	-1.843187e+01	-1.799807e+02
6.620000e-06	-3.502844e-09	-1.565734e-09	-1.855614e+01	-1.811580e+02
6.630000e-06	-3.526184e-09	-1.575743e-09	-1.867978e+01	-1.823222e+02
6.640000e-06	-3.549398e-09	-1.582802e-09	-1.880276e+01	-1.834733e+02
6.650000e-06	-3.572438e-09	-1.589668e-09	-1.892481e+01	-1.846112e+02
6.660000e-06	-3.595236e-09	-1.598266e-09	-1.904558e+01	-1.857357e+02
6.670000e-06	-3.617747e-09	-1.609520e-09	-1.916483e+01	-1.868469e+02
6.680000e-06	-3.639895e-09	-1.620825e-09	-1.928216e+01	-1.879445e+02
6.690000e-06	-3.661610e-09	-1.630058e-09	-1.939720e+01	-1.890286e+02
6.700000e-06	-3.682883e-09	-1.639231e-09	-1.950989e+01	-1.900991e+02
6.710000e-06	-3.703697e-09	-1.650023e-09	-1.962015e+01	-1.911559e+02
6.720000e-06	-3.724090e-09	-1.661634e-09	-1.972818e+01	-1.921989e+02
6.730000e-06	-3.744134e-09	-1.669941e-09	-1.983436e+01	-1.932280e+02
6.740000e-06	-3.763907e-09	-1.675070e-09	-1.993911e+01	-1.942432e+02
6.750000e-06	-3.783482e-09	-1.680617e-09	-2.004280e+01	-1.952444e+02
6.760000e-06	-3.802908e-09	-1.688923e-09	-2.014572e+01	-1.962315e+02
6.770000e-06	-3.822200e-09	-1.698924e-09	-2.024791e+01	-1.972045e+02
6.780000e-06	-3.841333e-09	-1.708064e-09	-2.034927e+01	-1.981632e+02
6.790000e-06	-3.860275e-09	-1.717008e-09	-2.044961e+01	-1.991077e+02
6.800000e-06	-3.878958e-09	-1.726668e-09	-2.054858e+01	-2.000378e+02
6.810000e-06	-3.897309e-09	-1.736748e-09	-2.064580e+01	-2.009535e+02
6.820000e-06	-3.915344e-09	-1.745587e-09	-2.074134e+01	-2.018546e+02
6.830000e-06	-3.933126e-09	-1.752298e-09	-2.083554e+01	-2.027413e+02
6.840000e-06	-3.950680e-09	-1.757610e-09	-2.092853e+01	-2.036133e+02
6.850000e-06	-3.968009e-09	-1.764051e-09	-2.102033e+01	-2.044706e+02
6.860000e-06	-3.985096e-09	-1.772541e-09	-2.111084e+01	-2.053131e+02
6.870000e-06	-4.001913e-09	-1.780391e-09	-2.119994e+01	-2.061409e+02
6.880000e-06	-4.018423e-09	-1.785925e-09	-2.128740e+01	-2.069538e+02
6.890000e-06	-4.034621e-09	-1.790473e-09	-2.137320e+01	-2.077518e+02
6.900000e-06	-4.050540e-09	-1.796826e-09	-2.145753e+01	-2.085348e+02
6.910000e-06	-4.066228e-09	-1.805101e-09	-2.154064e+01	-2.093028e+02
6.920000e-06	-4.081741e-09	-1.812809e-09	-2.162282e+01	-2.100556e+02
6.930000e-06	-4.097100e-09	-1.818758e-09	-2.170418e+01	-2.107934e+02
6.940000e-06	-4.112271e-09	-1.824387e-09	-2.178455e+01	-2.115159e+02
6.950000e-06	-4.127177e-09	-1.831046e-09	-2.186351e+01	-2.122232e+02
6.960000e-06	-4.141687e-09	-1.837196e-09	-2.194038e+01	-2.129151e+02
6.970000e-06	-4.155704e-09	-1.841215e-09	-2.201463e+01	-2.135918e+02
6.980000e-06	-4.169192e-09	-1.844616e-09	-2.208608e+01	-2.142530e+02
6.990000e-06	-4.182152e-09	-1.849846e-09	-2.215474e+01	-2.148987e+02
7.000000e-06	-4.194614e-09	-1.856739e-09	-2.222075e+01	-2.155290e+02
7.010000e-06	-4.206680e-09	-1.863531e-09	-2.228467e+01	-2.161437e+02
7.020000e-06	-4.218464e-09	-1.867635e-09	-2.234710e+01	-2.167429e+02
7.030000e-06	-4.229993e-09	-1.869405e-09	-2.240818e+01	-2.173264e+02
7.040000e-06	-4.241276e-09	-1.873098e-09	-2.246795e+01	-2.178943e+02
7.050000e-06	-4.252279e-09	-1.879055e-09	-2.252623e+01	-2.184464e+02
7.060000e-06	-4.262964e-09	-1.884641e-09	-2.258284e+01	-2.189828e+02
7.070000e-06	-4.273315e-09	-1.889152e-09	-2.263767e+01	-2.195034e+02
7.080000e-06	-4.283331e-09	-1.892997e-09	-2.269073e+01	-2.200082e+02
7.090000e-06	-4.293054e-09	-1.897260e-09	-2.274224e+01	-2.204971e+02
7.100000e-06	-4.302526e-09	-1.902456e-09	-2.279242e+01	-2.209701e+02
7.110000e-06	-4.311763e-09	-1.907758e-09	-2.284135e+01	-2.214271e+02
7.120000e-06	-4.320705e-09	-1.912445e-09	-2.288872e+01	-2.218683e+02
7.130000e-06	-4.329312e-09	-1.916284e-09	-2.293431e+01	-2.222934e+02
7.140000e-06	-4.337601e-09	-1.919751e-09	-2.297822e+01	-2.227024e+02
7.150000e-06	-4.345571e-09	-1.923300e-09	-2.302044e+01	-2.230955e+02
7.160000e-06	-4.353280e-09	-1.926302e-09	-2.306128e+01	-2.234724e+02
7.170000e-06	-4.360806e-09	-1.928327e-09	-2.310115e+01	-2.238332e+02
7.180000e-06	-4.368182e-09	-1.930645e-09	-2.314023e+01	-2.241779e+02
7.190000e-06	-4.375381e-09	-1.933914e-09	-2.317836e+01	-2.245065e+02
7.200000e-06	-4.382346e-09	-1.937922e-09	-2.321526e+01	-2.248188e+02
7.210000e-06	-4.388979e-09	-1.941151e-09	-2.325040e+01	-2.251149e+02
7.220000e-06	-4.395181e-09	-1.942581e-09	-2.328325e+01	-2.253948e+02
7.230000e-06	-4.400910e-09	-1.942214e-09	-2.331360e+01	-2.256585e+02
7.240000e-06	-4.406127e-09	-1.940841e-09	-2.334124e+01	-2.259058e+02
7.250000e-06	-4.410838e-09	-1.940657e-09	-2.336619e+01	-2.261369e+02
7.260000e-06	-4.415091e-09	-1.942376e-09	-2.338872e+01	-2.263517e+02
7.270000e-06	-4.418975e-09	-1.944703e-09	-2.340930e+01	-2.265502e+02
7.280000e-06	-4.422601e-09	-1.946647e-09	-2.342851e+01	-2.267323e+02
7.290000e-06	-4.426044e-09	-1.947979e-09	-2.344675e+01	-2.268981e+02
7.300000e-06	-4.429331e-09	-1.948852e-09	-2.346416e+01	-2.270475e+02
7.310000e-06	-4.432407e-09	-1.950098e-09	-2.348045e+01	-2.271805e+02
7.320000e-06	-4.435218e-09	-1.951393e-09	-2.349535e+01	-2.272972e+02
7.330000e-06	-4.437713e-09	-1.951871e-09	-2.350856e+01	-2.273975e+02
7.340000e-06	-4.439868e-09	-1.951201e-09	-2.351998e+01	-2.274814e+02
7.350000e-06	-4.441716e-09	-1.950694e-09	-2.352977e+01	-2.275488e+02
7.360000e-06	-4.443292e-09	-1.950724e-09	-2.353811e+01	-2.275999e+02
7.370000e-06	-4.444634e-09	-1.950505e-09	-2.354522e+01	-2.276346e+02
7.380000e-06	-4.445711e-09	-1.949596e-09	-2.355093e+01	-2.276528e+02
7.390000e-06	-4.446420e-09	-1.948439e-09	-2.355469e+01	-2.276547e+02
7.400000e-06	-4.446749e-09	-1.948683e-09	-2.355643e+01	-2.276401e+02
