# Temperatura_=_20.0
# Concentracion g/m^3_=_10000.0
# C_Vs_to_Am_M_A/Vsm_=_116720831517.84952
# pendiente_HvsI_1/m_=_3716.3
# ordenada_HvsI_A/m_=_1297.0
# frecuencia_Hz_=_198287.71122359222
# Promedio de 27 ciclos

Tiempo_(s)	Campo_(V.s)	Magnetizacion_(V.s)	Campo_(kA/m)	Magnetizacion_(A/m)
0.000000e+00	-1.141016e-08	-5.093241e-09	-4.946500e+01	-5.971221e+02
1.000000e-08	-1.140868e-08	-5.089264e-09	-4.945856e+01	-5.968979e+02
2.000000e-08	-1.140534e-08	-5.086316e-09	-4.944409e+01	-5.965809e+02
3.000000e-08	-1.140041e-08	-5.084756e-09	-4.942272e+01	-5.961713e+02
4.000000e-08	-1.139398e-08	-5.081128e-09	-4.939484e+01	-5.956689e+02
5.000000e-08	-1.138605e-08	-5.071878e-09	-4.936045e+01	-5.950741e+02
6.000000e-08	-1.137641e-08	-5.060171e-09	-4.931867e+01	-5.943867e+02
7.000000e-08	-1.136482e-08	-5.044199e-09	-4.926844e+01	-5.936069e+02
8.000000e-08	-1.135131e-08	-5.042456e-09	-4.920986e+01	-5.927349e+02
9.000000e-08	-1.133551e-08	-5.068454e-09	-4.914136e+01	-5.917708e+02
1.000000e-07	-1.131739e-08	-5.063441e-09	-4.906282e+01	-5.907147e+02
1.100000e-07	-1.129759e-08	-5.041861e-09	-4.897699e+01	-5.895668e+02
1.200000e-07	-1.127636e-08	-5.036479e-09	-4.888494e+01	-5.883273e+02
1.300000e-07	-1.125366e-08	-4.983570e-09	-4.878656e+01	-5.869964e+02
1.400000e-07	-1.122975e-08	-4.930998e-09	-4.868287e+01	-5.855742e+02
1.500000e-07	-1.120446e-08	-4.986356e-09	-4.857324e+01	-5.840610e+02
1.600000e-07	-1.117732e-08	-4.970296e-09	-4.845557e+01	-5.824570e+02
1.700000e-07	-1.114855e-08	-4.954364e-09	-4.833087e+01	-5.807625e+02
1.800000e-07	-1.111828e-08	-5.000197e-09	-4.819963e+01	-5.789778e+02
1.900000e-07	-1.108640e-08	-4.923910e-09	-4.806142e+01	-5.771031e+02
2.000000e-07	-1.105316e-08	-4.915686e-09	-4.791731e+01	-5.751386e+02
2.100000e-07	-1.101820e-08	-4.911940e-09	-4.776578e+01	-5.730848e+02
2.200000e-07	-1.098146e-08	-4.861546e-09	-4.760649e+01	-5.709420e+02
2.300000e-07	-1.094300e-08	-4.883307e-09	-4.743975e+01	-5.687104e+02
2.400000e-07	-1.090271e-08	-4.881667e-09	-4.726511e+01	-5.663904e+02
2.500000e-07	-1.086066e-08	-4.874902e-09	-4.708282e+01	-5.639823e+02
2.600000e-07	-1.081675e-08	-4.843111e-09	-4.689245e+01	-5.614866e+02
2.700000e-07	-1.077118e-08	-4.775076e-09	-4.669490e+01	-5.589037e+02
2.800000e-07	-1.072396e-08	-4.744985e-09	-4.649021e+01	-5.562339e+02
2.900000e-07	-1.067487e-08	-4.718252e-09	-4.627737e+01	-5.534776e+02
3.000000e-07	-1.062374e-08	-4.743104e-09	-4.605571e+01	-5.506353e+02
3.100000e-07	-1.057047e-08	-4.728151e-09	-4.582479e+01	-5.477074e+02
3.200000e-07	-1.051543e-08	-4.698311e-09	-4.558617e+01	-5.446944e+02
3.300000e-07	-1.045880e-08	-4.664391e-09	-4.534067e+01	-5.415967e+02
3.400000e-07	-1.040053e-08	-4.597648e-09	-4.508806e+01	-5.384149e+02
3.500000e-07	-1.034063e-08	-4.577506e-09	-4.482839e+01	-5.351493e+02
3.600000e-07	-1.027903e-08	-4.543252e-09	-4.456133e+01	-5.318006e+02
3.700000e-07	-1.021587e-08	-4.528263e-09	-4.428753e+01	-5.283692e+02
3.800000e-07	-1.015108e-08	-4.525132e-09	-4.400666e+01	-5.248557e+02
3.900000e-07	-1.008461e-08	-4.500104e-09	-4.371849e+01	-5.212606e+02
4.000000e-07	-1.001650e-08	-4.458873e-09	-4.342322e+01	-5.175845e+02
4.100000e-07	-9.946876e-09	-4.394455e-09	-4.312140e+01	-5.138279e+02
4.200000e-07	-9.875892e-09	-4.347157e-09	-4.281367e+01	-5.099915e+02
4.300000e-07	-9.803409e-09	-4.321599e-09	-4.249944e+01	-5.060758e+02
4.400000e-07	-9.729309e-09	-4.312017e-09	-4.217821e+01	-5.020814e+02
4.500000e-07	-9.653432e-09	-4.302438e-09	-4.184926e+01	-4.980090e+02
4.600000e-07	-9.575836e-09	-4.259246e-09	-4.151287e+01	-4.938591e+02
4.700000e-07	-9.496642e-09	-4.212540e-09	-4.116955e+01	-4.896325e+02
4.800000e-07	-9.415830e-09	-4.155091e-09	-4.081922e+01	-4.853298e+02
4.900000e-07	-9.333595e-09	-4.107275e-09	-4.046272e+01	-4.809516e+02
5.000000e-07	-9.250081e-09	-4.072594e-09	-4.010067e+01	-4.764986e+02
5.100000e-07	-9.165355e-09	-4.045377e-09	-3.973337e+01	-4.719716e+02
5.200000e-07	-9.079451e-09	-4.028307e-09	-3.936096e+01	-4.673712e+02
5.300000e-07	-8.992365e-09	-3.999051e-09	-3.898343e+01	-4.626981e+02
5.400000e-07	-8.904009e-09	-3.950062e-09	-3.860038e+01	-4.579531e+02
5.500000e-07	-8.814280e-09	-3.887019e-09	-3.821140e+01	-4.531369e+02
5.600000e-07	-8.723113e-09	-3.822898e-09	-3.781617e+01	-4.482502e+02
5.700000e-07	-8.630479e-09	-3.782449e-09	-3.741458e+01	-4.432939e+02
5.800000e-07	-8.536549e-09	-3.753847e-09	-3.700738e+01	-4.382686e+02
5.900000e-07	-8.441400e-09	-3.731838e-09	-3.659490e+01	-4.331752e+02
6.000000e-07	-8.344929e-09	-3.691983e-09	-3.617668e+01	-4.280144e+02
6.100000e-07	-8.247105e-09	-3.638879e-09	-3.575259e+01	-4.227871e+02
6.200000e-07	-8.147908e-09	-3.581106e-09	-3.532256e+01	-4.174941e+02
6.300000e-07	-8.047327e-09	-3.524919e-09	-3.488652e+01	-4.121361e+02
6.400000e-07	-7.945481e-09	-3.478243e-09	-3.444500e+01	-4.067140e+02
6.500000e-07	-7.842434e-09	-3.436138e-09	-3.399827e+01	-4.012287e+02
6.600000e-07	-7.738147e-09	-3.401770e-09	-3.354617e+01	-3.956810e+02
6.700000e-07	-7.632610e-09	-3.363061e-09	-3.308865e+01	-3.900717e+02
6.800000e-07	-7.525852e-09	-3.314209e-09	-3.262584e+01	-3.844018e+02
6.900000e-07	-7.417848e-09	-3.253196e-09	-3.215762e+01	-3.786721e+02
7.000000e-07	-7.308645e-09	-3.187858e-09	-3.168421e+01	-3.728836e+02
7.100000e-07	-7.198348e-09	-3.132969e-09	-3.120605e+01	-3.670370e+02
7.200000e-07	-7.086949e-09	-3.091124e-09	-3.072311e+01	-3.611333e+02
7.300000e-07	-6.974407e-09	-3.053448e-09	-3.023522e+01	-3.551735e+02
7.400000e-07	-6.860716e-09	-3.010928e-09	-2.974235e+01	-3.491584e+02
7.500000e-07	-6.745882e-09	-2.955083e-09	-2.924453e+01	-3.430890e+02
7.600000e-07	-6.629882e-09	-2.893719e-09	-2.874165e+01	-3.369662e+02
7.700000e-07	-6.512755e-09	-2.830631e-09	-2.823389e+01	-3.307910e+02
7.800000e-07	-6.394602e-09	-2.773359e-09	-2.772167e+01	-3.245643e+02
7.900000e-07	-6.275486e-09	-2.721153e-09	-2.720528e+01	-3.182872e+02
8.000000e-07	-6.155434e-09	-2.674808e-09	-2.668484e+01	-3.119605e+02
8.100000e-07	-6.034448e-09	-2.629460e-09	-2.616034e+01	-3.055853e+02
8.200000e-07	-5.912559e-09	-2.579996e-09	-2.563193e+01	-2.991625e+02
8.300000e-07	-5.789826e-09	-2.522043e-09	-2.509987e+01	-2.926932e+02
8.400000e-07	-5.666260e-09	-2.458128e-09	-2.456418e+01	-2.861783e+02
8.500000e-07	-5.541807e-09	-2.393911e-09	-2.402466e+01	-2.796189e+02
8.600000e-07	-5.416490e-09	-2.336113e-09	-2.348139e+01	-2.730160e+02
8.700000e-07	-5.290418e-09	-2.283184e-09	-2.293484e+01	-2.663705e+02
8.800000e-07	-5.163620e-09	-2.232954e-09	-2.238515e+01	-2.596836e+02
8.900000e-07	-5.036045e-09	-2.179450e-09	-2.183209e+01	-2.529563e+02
9.000000e-07	-4.907685e-09	-2.121876e-09	-2.127563e+01	-2.461896e+02
9.100000e-07	-4.778565e-09	-2.061452e-09	-2.071587e+01	-2.393846e+02
9.200000e-07	-4.648706e-09	-2.000454e-09	-2.015291e+01	-2.325423e+02
9.300000e-07	-4.518151e-09	-1.938998e-09	-1.958693e+01	-2.256637e+02
9.400000e-07	-4.386897e-09	-1.877636e-09	-1.901792e+01	-2.187501e+02
9.500000e-07	-4.254896e-09	-1.816573e-09	-1.844568e+01	-2.118023e+02
9.600000e-07	-4.122141e-09	-1.757152e-09	-1.787016e+01	-2.048216e+02
9.700000e-07	-3.988735e-09	-1.696736e-09	-1.729182e+01	-1.978089e+02
9.800000e-07	-3.854748e-09	-1.633315e-09	-1.671097e+01	-1.907654e+02
9.900000e-07	-3.720148e-09	-1.568589e-09	-1.612745e+01	-1.836922e+02
1.000000e-06	-3.584899e-09	-1.504275e-09	-1.554112e+01	-1.765904e+02
1.010000e-06	-3.449012e-09	-1.443971e-09	-1.495203e+01	-1.694610e+02
1.020000e-06	-3.312545e-09	-1.383713e-09	-1.436042e+01	-1.623052e+02
1.030000e-06	-3.175528e-09	-1.319512e-09	-1.376643e+01	-1.551241e+02
1.040000e-06	-3.037964e-09	-1.251570e-09	-1.317006e+01	-1.479188e+02
1.050000e-06	-2.899887e-09	-1.184691e-09	-1.257148e+01	-1.406904e+02
1.060000e-06	-2.761343e-09	-1.119819e-09	-1.197087e+01	-1.334401e+02
1.070000e-06	-2.622338e-09	-1.056854e-09	-1.136826e+01	-1.261689e+02
1.080000e-06	-2.482870e-09	-9.947417e-10	-1.076364e+01	-1.188780e+02
1.090000e-06	-2.342968e-09	-9.328444e-10	-1.015714e+01	-1.115685e+02
1.100000e-06	-2.202662e-09	-8.698978e-10	-9.548893e+00	-1.042416e+02
1.110000e-06	-2.061988e-09	-8.060332e-10	-8.939046e+00	-9.689842e+01
1.120000e-06	-1.921004e-09	-7.408730e-10	-8.327859e+00	-8.954006e+01
1.130000e-06	-1.779703e-09	-6.752637e-10	-7.715297e+00	-8.216767e+01
1.140000e-06	-1.638075e-09	-6.090520e-10	-7.101314e+00	-7.478241e+01
1.150000e-06	-1.496210e-09	-5.442270e-10	-6.486307e+00	-6.738542e+01
1.160000e-06	-1.354151e-09	-4.818024e-10	-5.870455e+00	-5.997785e+01
1.170000e-06	-1.211905e-09	-4.192862e-10	-5.253794e+00	-5.256085e+01
1.180000e-06	-1.069494e-09	-3.544623e-10	-4.636420e+00	-4.513557e+01
1.190000e-06	-9.269430e-10	-2.886712e-10	-4.018437e+00	-3.770315e+01
1.200000e-06	-7.842723e-10	-2.229993e-10	-3.399935e+00	-3.026477e+01
1.210000e-06	-6.414967e-10	-1.586600e-10	-2.780979e+00	-2.282156e+01
1.220000e-06	-4.986444e-10	-9.523205e-11	-2.161690e+00	-1.537469e+01
1.230000e-06	-3.557384e-10	-3.241538e-11	-1.542168e+00	-7.925305e+00
1.240000e-06	-2.127913e-10	3.213740e-11	-9.224685e-01	-4.745697e-01
1.250000e-06	-6.980031e-11	9.707141e-11	-3.025784e-01	6.976363e+00
1.260000e-06	7.321585e-11	1.604983e-10	3.174208e-01	1.442634e+01
1.270000e-06	2.162467e-10	2.233311e-10	9.374838e-01	2.187419e+01
1.280000e-06	3.592594e-10	2.877841e-10	1.557468e+00	2.931878e+01
1.290000e-06	5.022206e-10	3.531342e-10	2.177229e+00	3.675894e+01
1.300000e-06	6.451358e-10	4.171376e-10	2.796791e+00	4.419351e+01
1.310000e-06	7.879762e-10	4.795346e-10	3.416028e+00	5.162135e+01
1.320000e-06	9.307219e-10	5.429924e-10	4.034854e+00	5.904130e+01
1.330000e-06	1.073374e-09	6.089930e-10	4.653275e+00	6.645222e+01
1.340000e-06	1.215875e-09	6.742416e-10	5.271044e+00	7.385294e+01
1.350000e-06	1.358171e-09	7.367340e-10	5.887920e+00	8.124232e+01
1.360000e-06	1.500240e-09	7.970288e-10	6.503812e+00	8.861922e+01
1.370000e-06	1.642060e-09	8.575753e-10	7.118627e+00	9.598248e+01
1.380000e-06	1.783620e-09	9.200418e-10	7.732310e+00	1.033310e+02
1.390000e-06	1.924879e-09	9.840693e-10	8.344692e+00	1.106636e+02
1.400000e-06	2.065786e-09	1.048652e-09	8.955549e+00	1.179791e+02
1.410000e-06	2.206302e-09	1.113250e-09	9.564707e+00	1.252764e+02
1.420000e-06	2.346394e-09	1.176392e-09	1.017203e+01	1.325544e+02
1.430000e-06	2.486058e-09	1.238669e-09	1.077750e+01	1.398120e+02
1.440000e-06	2.625283e-09	1.300461e-09	1.138106e+01	1.470480e+02
1.450000e-06	2.764043e-09	1.361787e-09	1.198261e+01	1.542613e+02
1.460000e-06	2.902313e-09	1.423704e-09	1.258203e+01	1.614508e+02
1.470000e-06	3.040074e-09	1.486688e-09	1.317925e+01	1.686153e+02
1.480000e-06	3.177314e-09	1.549571e-09	1.377421e+01	1.757538e+02
1.490000e-06	3.314022e-09	1.611774e-09	1.436686e+01	1.828652e+02
1.500000e-06	3.450160e-09	1.672442e-09	1.495704e+01	1.899482e+02
1.510000e-06	3.585684e-09	1.731539e-09	1.554456e+01	1.970020e+02
1.520000e-06	3.720601e-09	1.791271e-09	1.612945e+01	2.040252e+02
1.530000e-06	3.854923e-09	1.851936e-09	1.671176e+01	2.110170e+02
1.540000e-06	3.988652e-09	1.913142e-09	1.729150e+01	2.179761e+02
1.550000e-06	4.121761e-09	1.972661e-09	1.786855e+01	2.249015e+02
1.560000e-06	4.254179e-09	2.029670e-09	1.844260e+01	2.317921e+02
1.570000e-06	4.385888e-09	2.086910e-09	1.901358e+01	2.386469e+02
1.580000e-06	4.516922e-09	2.144471e-09	1.958164e+01	2.454647e+02
1.590000e-06	4.647287e-09	2.203365e-09	2.014679e+01	2.522446e+02
1.600000e-06	4.776971e-09	2.262437e-09	2.070899e+01	2.589854e+02
1.610000e-06	4.905974e-09	2.320798e-09	2.126825e+01	2.656862e+02
1.620000e-06	5.034256e-09	2.378984e-09	2.182437e+01	2.723459e+02
1.630000e-06	5.161749e-09	2.437028e-09	2.237707e+01	2.789634e+02
1.640000e-06	5.288465e-09	2.494044e-09	2.292641e+01	2.855377e+02
1.650000e-06	5.414473e-09	2.547676e-09	2.347268e+01	2.920679e+02
1.660000e-06	5.539755e-09	2.599466e-09	2.401580e+01	2.985528e+02
1.670000e-06	5.664207e-09	2.654684e-09	2.455532e+01	3.049916e+02
1.680000e-06	5.787780e-09	2.713410e-09	2.509103e+01	3.113831e+02
1.690000e-06	5.910475e-09	2.773935e-09	2.562293e+01	3.177264e+02
1.700000e-06	6.032302e-09	2.831674e-09	2.615107e+01	3.240205e+02
1.710000e-06	6.153267e-09	2.883519e-09	2.667547e+01	3.302645e+02
1.720000e-06	6.273266e-09	2.931734e-09	2.719569e+01	3.364573e+02
1.730000e-06	6.392236e-09	2.980798e-09	2.771145e+01	3.425981e+02
1.740000e-06	6.510195e-09	3.033066e-09	2.822282e+01	3.486857e+02
1.750000e-06	6.627079e-09	3.085537e-09	2.872953e+01	3.547194e+02
1.760000e-06	6.742840e-09	3.137612e-09	2.923138e+01	3.606982e+02
1.770000e-06	6.857470e-09	3.190026e-09	2.972831e+01	3.666211e+02
1.780000e-06	6.970967e-09	3.242333e-09	3.022034e+01	3.724872e+02
1.790000e-06	7.083292e-09	3.293370e-09	3.070729e+01	3.782957e+02
1.800000e-06	7.194433e-09	3.341488e-09	3.118911e+01	3.840455e+02
1.810000e-06	7.304504e-09	3.387509e-09	3.166628e+01	3.897359e+02
1.820000e-06	7.413522e-09	3.435240e-09	3.213890e+01	3.953659e+02
1.830000e-06	7.521382e-09	3.485316e-09	3.260649e+01	4.009346e+02
1.840000e-06	7.628039e-09	3.534460e-09	3.306886e+01	4.064413e+02
1.850000e-06	7.733497e-09	3.577651e-09	3.352604e+01	4.118850e+02
1.860000e-06	7.837683e-09	3.618345e-09	3.397770e+01	4.172649e+02
1.870000e-06	7.940580e-09	3.661485e-09	3.442378e+01	4.225802e+02
1.880000e-06	8.042282e-09	3.707598e-09	3.486468e+01	4.278299e+02
1.890000e-06	8.142751e-09	3.753939e-09	3.530023e+01	4.330135e+02
1.900000e-06	8.241895e-09	3.796087e-09	3.573003e+01	4.381299e+02
1.910000e-06	8.339706e-09	3.834708e-09	3.615406e+01	4.431785e+02
1.920000e-06	8.436155e-09	3.873797e-09	3.657218e+01	4.481584e+02
1.930000e-06	8.531267e-09	3.913829e-09	3.698451e+01	4.530688e+02
1.940000e-06	8.625191e-09	3.953906e-09	3.739169e+01	4.579091e+02
1.950000e-06	8.717940e-09	3.992286e-09	3.779377e+01	4.626785e+02
1.960000e-06	8.809372e-09	4.030396e-09	3.819014e+01	4.673761e+02
1.970000e-06	8.899445e-09	4.069539e-09	3.858063e+01	4.720013e+02
1.980000e-06	8.988138e-09	4.108497e-09	3.896512e+01	4.765534e+02
1.990000e-06	9.075428e-09	4.144135e-09	3.934354e+01	4.810317e+02
2.000000e-06	9.161434e-09	4.176231e-09	3.971639e+01	4.854354e+02
2.010000e-06	9.246232e-09	4.207903e-09	4.008400e+01	4.897639e+02
2.020000e-06	9.329754e-09	4.240609e-09	4.044609e+01	4.940165e+02
2.030000e-06	9.411920e-09	4.275322e-09	4.080229e+01	4.981926e+02
2.040000e-06	9.492627e-09	4.308638e-09	4.115217e+01	5.022915e+02
2.050000e-06	9.571816e-09	4.338734e-09	4.149547e+01	5.063125e+02
2.060000e-06	9.649509e-09	4.368684e-09	4.183228e+01	5.102551e+02
2.070000e-06	9.725642e-09	4.400834e-09	4.216233e+01	5.141186e+02
2.080000e-06	9.800138e-09	4.432752e-09	4.248528e+01	5.179024e+02
2.090000e-06	9.872970e-09	4.460193e-09	4.280102e+01	5.216060e+02
2.100000e-06	9.944199e-09	4.483255e-09	4.310981e+01	5.252287e+02
2.110000e-06	1.001395e-08	4.506714e-09	4.341219e+01	5.287701e+02
2.120000e-06	1.008223e-08	4.533501e-09	4.370820e+01	5.322295e+02
2.130000e-06	1.014892e-08	4.560883e-09	4.399732e+01	5.356064e+02
2.140000e-06	1.021396e-08	4.585360e-09	4.427926e+01	5.389003e+02
2.150000e-06	1.027739e-08	4.608061e-09	4.455425e+01	5.421108e+02
2.160000e-06	1.033934e-08	4.631461e-09	4.482280e+01	5.452371e+02
2.170000e-06	1.039986e-08	4.656694e-09	4.508516e+01	5.482790e+02
2.180000e-06	1.045879e-08	4.680835e-09	4.534063e+01	5.512360e+02
2.190000e-06	1.051595e-08	4.701096e-09	4.558845e+01	5.541075e+02
2.200000e-06	1.057140e-08	4.718795e-09	4.582885e+01	5.568931e+02
2.210000e-06	1.062519e-08	4.738722e-09	4.606202e+01	5.595924e+02
2.220000e-06	1.067714e-08	4.760395e-09	4.628722e+01	5.622050e+02
2.230000e-06	1.072708e-08	4.780559e-09	4.650373e+01	5.647304e+02
2.240000e-06	1.077518e-08	4.797774e-09	4.671226e+01	5.671683e+02
2.250000e-06	1.082169e-08	4.811806e-09	4.691387e+01	5.695183e+02
2.260000e-06	1.086671e-08	4.826963e-09	4.710907e+01	5.717801e+02
2.270000e-06	1.091015e-08	4.844519e-09	4.729739e+01	5.739532e+02
2.280000e-06	1.095180e-08	4.862086e-09	4.747792e+01	5.760374e+02
2.290000e-06	1.099173e-08	4.877937e-09	4.765101e+01	5.780323e+02
2.300000e-06	1.103007e-08	4.893638e-09	4.781724e+01	5.799376e+02
2.310000e-06	1.106691e-08	4.910119e-09	4.797696e+01	5.817530e+02
2.320000e-06	1.110214e-08	4.924584e-09	4.812967e+01	5.834782e+02
2.330000e-06	1.113554e-08	4.934762e-09	4.827446e+01	5.851131e+02
2.340000e-06	1.116723e-08	4.941549e-09	4.841184e+01	5.866572e+02
2.350000e-06	1.119735e-08	4.949255e-09	4.854245e+01	5.881104e+02
2.360000e-06	1.122598e-08	4.961021e-09	4.866656e+01	5.894724e+02
2.370000e-06	1.125288e-08	4.974840e-09	4.878317e+01	5.907431e+02
2.380000e-06	1.127782e-08	4.986401e-09	4.889130e+01	5.919222e+02
2.390000e-06	1.130100e-08	4.995958e-09	4.899176e+01	5.930096e+02
2.400000e-06	1.132259e-08	5.005562e-09	4.908535e+01	5.940050e+02
2.410000e-06	1.134269e-08	5.016123e-09	4.917249e+01	5.949084e+02
2.420000e-06	1.136116e-08	5.024315e-09	4.925257e+01	5.957196e+02
2.430000e-06	1.137777e-08	5.027678e-09	4.932458e+01	5.964384e+02
2.440000e-06	1.139250e-08	5.028890e-09	4.938842e+01	5.970648e+02
2.450000e-06	1.140536e-08	5.032729e-09	4.944419e+01	5.975987e+02
2.460000e-06	1.141620e-08	5.040392e-09	4.949119e+01	5.980399e+02
2.470000e-06	1.142503e-08	5.047733e-09	4.952948e+01	5.983884e+02
2.480000e-06	1.143211e-08	5.051384e-09	4.956016e+01	5.986442e+02
2.490000e-06	1.143756e-08	5.053242e-09	4.958377e+01	5.988072e+02
2.500000e-06	1.144136e-08	5.057059e-09	4.960025e+01	5.988774e+02
2.510000e-06	1.144326e-08	5.061824e-09	4.960849e+01	5.988547e+02
2.520000e-06	1.144329e-08	5.063886e-09	4.960863e+01	5.987392e+02
2.530000e-06	1.144172e-08	5.057165e-09	4.960182e+01	5.985310e+02
2.540000e-06	1.143866e-08	5.050662e-09	4.958853e+01	5.982299e+02
2.550000e-06	1.143400e-08	5.046845e-09	4.956833e+01	5.978361e+02
2.560000e-06	1.142751e-08	5.042141e-09	4.954019e+01	5.973497e+02
2.570000e-06	1.141933e-08	5.038749e-09	4.950475e+01	5.967707e+02
2.580000e-06	1.140970e-08	5.040220e-09	4.946301e+01	5.960992e+02
2.590000e-06	1.139852e-08	5.053986e-09	4.941454e+01	5.953352e+02
2.600000e-06	1.138550e-08	5.026925e-09	4.935810e+01	5.944790e+02
2.610000e-06	1.137034e-08	4.994449e-09	4.929237e+01	5.935307e+02
2.620000e-06	1.135283e-08	4.994617e-09	4.921646e+01	5.924904e+02
2.630000e-06	1.133313e-08	4.971131e-09	4.913107e+01	5.913582e+02
2.640000e-06	1.131151e-08	5.006510e-09	4.903731e+01	5.901344e+02
2.650000e-06	1.128842e-08	5.050271e-09	4.893721e+01	5.888191e+02
2.660000e-06	1.126442e-08	4.968470e-09	4.883316e+01	5.874125e+02
2.670000e-06	1.123912e-08	4.967490e-09	4.872348e+01	5.859149e+02
2.680000e-06	1.121221e-08	4.948693e-09	4.860684e+01	5.843265e+02
2.690000e-06	1.118398e-08	4.872993e-09	4.848446e+01	5.826475e+02
2.700000e-06	1.115387e-08	4.944700e-09	4.835394e+01	5.808782e+02
2.710000e-06	1.112156e-08	4.902837e-09	4.821387e+01	5.790188e+02
2.720000e-06	1.108773e-08	4.877868e-09	4.806719e+01	5.770697e+02
2.730000e-06	1.105241e-08	4.918542e-09	4.791407e+01	5.750312e+02
2.740000e-06	1.101558e-08	4.841829e-09	4.775440e+01	5.729036e+02
2.750000e-06	1.097707e-08	4.847125e-09	4.758747e+01	5.706871e+02
2.760000e-06	1.093657e-08	4.798256e-09	4.741191e+01	5.683822e+02
2.770000e-06	1.089443e-08	4.763844e-09	4.722923e+01	5.659893e+02
2.780000e-06	1.085069e-08	4.819465e-09	4.703957e+01	5.635086e+02
2.790000e-06	1.080539e-08	4.782026e-09	4.684318e+01	5.609405e+02
2.800000e-06	1.075840e-08	4.802742e-09	4.663951e+01	5.582855e+02
2.810000e-06	1.070945e-08	4.747038e-09	4.642727e+01	5.555440e+02
2.820000e-06	1.065882e-08	4.702949e-09	4.620782e+01	5.527164e+02
2.830000e-06	1.060626e-08	4.701465e-09	4.597995e+01	5.498031e+02
2.840000e-06	1.055170e-08	4.669713e-09	4.574341e+01	5.468046e+02
2.850000e-06	1.049536e-08	4.712435e-09	4.549918e+01	5.437214e+02
2.860000e-06	1.043732e-08	4.656624e-09	4.524754e+01	5.405539e+02
2.870000e-06	1.037787e-08	4.636350e-09	4.498983e+01	5.373027e+02
2.880000e-06	1.031669e-08	4.601888e-09	4.472459e+01	5.339681e+02
2.890000e-06	1.025379e-08	4.524274e-09	4.445193e+01	5.305508e+02
2.900000e-06	1.018925e-08	4.503442e-09	4.417214e+01	5.270513e+02
2.910000e-06	1.012311e-08	4.452788e-09	4.388538e+01	5.234701e+02
2.920000e-06	1.005551e-08	4.465812e-09	4.359234e+01	5.198078e+02
2.930000e-06	9.986177e-09	4.462725e-09	4.329177e+01	5.160649e+02
2.940000e-06	9.915242e-09	4.431146e-09	4.298426e+01	5.122421e+02
2.950000e-06	9.842736e-09	4.381159e-09	4.266993e+01	5.083398e+02
2.960000e-06	9.768735e-09	4.295400e-09	4.234912e+01	5.043588e+02
2.970000e-06	9.693194e-09	4.261730e-09	4.202164e+01	5.002996e+02
2.980000e-06	9.615996e-09	4.239373e-09	4.168697e+01	4.961630e+02
2.990000e-06	9.537295e-09	4.238679e-09	4.134579e+01	4.919494e+02
3.000000e-06	9.457062e-09	4.223489e-09	4.099797e+01	4.876596e+02
3.010000e-06	9.375454e-09	4.173870e-09	4.064418e+01	4.832942e+02
3.020000e-06	9.292458e-09	4.124656e-09	4.028438e+01	4.788539e+02
3.030000e-06	9.208071e-09	4.061172e-09	3.991855e+01	4.743395e+02
3.040000e-06	9.122293e-09	4.010454e-09	3.954668e+01	4.697515e+02
3.050000e-06	9.035049e-09	3.976274e-09	3.916847e+01	4.650907e+02
3.060000e-06	8.946476e-09	3.949140e-09	3.878449e+01	4.603579e+02
3.070000e-06	8.856635e-09	3.942060e-09	3.839501e+01	4.555538e+02
3.080000e-06	8.765513e-09	3.906258e-09	3.799998e+01	4.506790e+02
3.090000e-06	8.673061e-09	3.857510e-09	3.759918e+01	4.457345e+02
3.100000e-06	8.579257e-09	3.783646e-09	3.719253e+01	4.407209e+02
3.110000e-06	8.484080e-09	3.723023e-09	3.677992e+01	4.356390e+02
3.120000e-06	8.387571e-09	3.690590e-09	3.636154e+01	4.304896e+02
3.130000e-06	8.289837e-09	3.663923e-09	3.593784e+01	4.252735e+02
3.140000e-06	8.190840e-09	3.641185e-09	3.550867e+01	4.199915e+02
3.150000e-06	8.090488e-09	3.592492e-09	3.507363e+01	4.146445e+02
3.160000e-06	7.988776e-09	3.541301e-09	3.463269e+01	4.092332e+02
3.170000e-06	7.885736e-09	3.480869e-09	3.418600e+01	4.037585e+02
3.180000e-06	7.781447e-09	3.425484e-09	3.373389e+01	3.982213e+02
3.190000e-06	7.675994e-09	3.376033e-09	3.327673e+01	3.926224e+02
3.200000e-06	7.569413e-09	3.334406e-09	3.281468e+01	3.869627e+02
3.210000e-06	7.461699e-09	3.303199e-09	3.234772e+01	3.812431e+02
3.220000e-06	7.352863e-09	3.266461e-09	3.187590e+01	3.754644e+02
3.230000e-06	7.242899e-09	3.213738e-09	3.139918e+01	3.696275e+02
3.240000e-06	7.131787e-09	3.146600e-09	3.091749e+01	3.637334e+02
3.250000e-06	7.019512e-09	3.079635e-09	3.043076e+01	3.577829e+02
3.260000e-06	6.906068e-09	3.030711e-09	2.993897e+01	3.517771e+02
3.270000e-06	6.791384e-09	2.992030e-09	2.944179e+01	3.457168e+02
3.280000e-06	6.675486e-09	2.953131e-09	2.893935e+01	3.396029e+02
3.290000e-06	6.558494e-09	2.901518e-09	2.843217e+01	3.334364e+02
3.300000e-06	6.440460e-09	2.842246e-09	2.792048e+01	3.272183e+02
3.310000e-06	6.321384e-09	2.782674e-09	2.740426e+01	3.209496e+02
3.320000e-06	6.201306e-09	2.723263e-09	2.688370e+01	3.146311e+02
3.330000e-06	6.080307e-09	2.666549e-09	2.635915e+01	3.082640e+02
3.340000e-06	5.958466e-09	2.611593e-09	2.583095e+01	3.018491e+02
3.350000e-06	5.835777e-09	2.562041e-09	2.529907e+01	2.953874e+02
3.360000e-06	5.712227e-09	2.514695e-09	2.476346e+01	2.888801e+02
3.370000e-06	5.587866e-09	2.459401e-09	2.422433e+01	2.823280e+02
3.380000e-06	5.462692e-09	2.393509e-09	2.368168e+01	2.757323e+02
3.390000e-06	5.336695e-09	2.325478e-09	2.313547e+01	2.690938e+02
3.400000e-06	5.209884e-09	2.268183e-09	2.258572e+01	2.624137e+02
3.410000e-06	5.082239e-09	2.219897e-09	2.203235e+01	2.556930e+02
3.420000e-06	4.953801e-09	2.170901e-09	2.147555e+01	2.489328e+02
3.430000e-06	4.824655e-09	2.112674e-09	2.091568e+01	2.421340e+02
3.440000e-06	4.694827e-09	2.047283e-09	2.035285e+01	2.352977e+02
3.450000e-06	4.564270e-09	1.985551e-09	1.978687e+01	2.284251e+02
3.460000e-06	4.432970e-09	1.926322e-09	1.921766e+01	2.215171e+02
3.470000e-06	4.300967e-09	1.865842e-09	1.864540e+01	2.145748e+02
3.480000e-06	4.168293e-09	1.801650e-09	1.807024e+01	2.075994e+02
3.490000e-06	4.034972e-09	1.739787e-09	1.749227e+01	2.005919e+02
3.500000e-06	3.901019e-09	1.685304e-09	1.691156e+01	1.935533e+02
3.510000e-06	3.766457e-09	1.631148e-09	1.632821e+01	1.864849e+02
3.520000e-06	3.631276e-09	1.567030e-09	1.574218e+01	1.793876e+02
3.530000e-06	3.495468e-09	1.494973e-09	1.515343e+01	1.722625e+02
3.540000e-06	3.359037e-09	1.426225e-09	1.456197e+01	1.651109e+02
3.550000e-06	3.222019e-09	1.366671e-09	1.396798e+01	1.579337e+02
3.560000e-06	3.084485e-09	1.310734e-09	1.337174e+01	1.507322e+02
3.570000e-06	2.946479e-09	1.252054e-09	1.277346e+01	1.435074e+02
3.580000e-06	2.807985e-09	1.187460e-09	1.217307e+01	1.362604e+02
3.590000e-06	2.669001e-09	1.122699e-09	1.157055e+01	1.289924e+02
3.600000e-06	2.529578e-09	1.060118e-09	1.096613e+01	1.217044e+02
3.610000e-06	2.389794e-09	9.976479e-10	1.036014e+01	1.143978e+02
3.620000e-06	2.249662e-09	9.332401e-10	9.752643e+00	1.070734e+02
3.630000e-06	2.109208e-09	8.694114e-10	9.143750e+00	9.973259e+01
3.640000e-06	1.968448e-09	8.090449e-10	8.533532e+00	9.237640e+01
3.650000e-06	1.827391e-09	7.502427e-10	7.922028e+00	8.500598e+01
3.660000e-06	1.686089e-09	6.868825e-10	7.309460e+00	7.762249e+01
3.670000e-06	1.544577e-09	6.162157e-10	6.695983e+00	7.022706e+01
3.680000e-06	1.402876e-09	5.446389e-10	6.081685e+00	6.282086e+01
3.690000e-06	1.260987e-09	4.795272e-10	5.466573e+00	5.540501e+01
3.700000e-06	1.118914e-09	4.229231e-10	4.850660e+00	4.798069e+01
3.710000e-06	9.766941e-10	3.663214e-10	4.234115e+00	4.054903e+01
3.720000e-06	8.343602e-10	3.044046e-10	3.617074e+00	3.311120e+01
3.730000e-06	6.919108e-10	2.390197e-10	2.999532e+00	2.566834e+01
3.740000e-06	5.493839e-10	1.743109e-10	2.381654e+00	1.822161e+01
3.750000e-06	4.068114e-10	1.107239e-10	1.763578e+00	1.077217e+01
3.760000e-06	2.641733e-10	4.448170e-11	1.145218e+00	3.321176e+00
3.770000e-06	1.214749e-10	-2.274599e-11	5.265964e-01	-4.130220e+00
3.780000e-06	-2.122773e-11	-8.681410e-11	-9.204360e-02	-1.158086e+01
3.790000e-06	-1.639212e-10	-1.456054e-10	-7.106437e-01	-1.902959e+01
3.800000e-06	-3.066060e-10	-2.039930e-10	-1.329207e+00	-2.647525e+01
3.810000e-06	-4.492644e-10	-2.667339e-10	-1.947654e+00	-3.391668e+01
3.820000e-06	-5.918658e-10	-3.322708e-10	-2.565855e+00	-4.135274e+01
3.830000e-06	-7.343935e-10	-3.951714e-10	-3.183737e+00	-4.878226e+01
3.840000e-06	-8.768303e-10	-4.544934e-10	-3.801224e+00	-5.620410e+01
3.850000e-06	-1.019156e-09	-5.153118e-10	-4.418230e+00	-6.361710e+01
3.860000e-06	-1.161356e-09	-5.812550e-10	-5.034690e+00	-7.102012e+01
3.870000e-06	-1.303372e-09	-6.494031e-10	-5.650356e+00	-7.841199e+01
3.880000e-06	-1.445176e-09	-7.139648e-10	-6.265096e+00	-8.579158e+01
3.890000e-06	-1.586755e-09	-7.726056e-10	-6.878864e+00	-9.315774e+01
3.900000e-06	-1.728088e-09	-8.307760e-10	-7.491570e+00	-1.005093e+02
3.910000e-06	-1.869159e-09	-8.931575e-10	-8.103134e+00	-1.078452e+02
3.920000e-06	-2.009924e-09	-9.564316e-10	-8.713374e+00	-1.151642e+02
3.930000e-06	-2.150349e-09	-1.016698e-09	-9.322139e+00	-1.224653e+02
3.940000e-06	-2.290416e-09	-1.075154e-09	-9.929351e+00	-1.297472e+02
3.950000e-06	-2.430083e-09	-1.138630e-09	-1.053483e+01	-1.370088e+02
3.960000e-06	-2.569328e-09	-1.207013e-09	-1.113848e+01	-1.442491e+02
3.970000e-06	-2.708136e-09	-1.272392e-09	-1.174024e+01	-1.514669e+02
3.980000e-06	-2.846482e-09	-1.331012e-09	-1.233999e+01	-1.586611e+02
3.990000e-06	-2.984331e-09	-1.386410e-09	-1.293759e+01	-1.658305e+02
4.000000e-06	-3.121642e-09	-1.443968e-09	-1.353286e+01	-1.729741e+02
4.010000e-06	-3.258403e-09	-1.506474e-09	-1.412574e+01	-1.800907e+02
4.020000e-06	-3.394604e-09	-1.569100e-09	-1.471620e+01	-1.871792e+02
4.030000e-06	-3.530219e-09	-1.628978e-09	-1.530411e+01	-1.942386e+02
4.040000e-06	-3.665219e-09	-1.688707e-09	-1.588936e+01	-2.012677e+02
4.050000e-06	-3.799617e-09	-1.750815e-09	-1.647200e+01	-2.082655e+02
4.060000e-06	-3.933419e-09	-1.814016e-09	-1.705205e+01	-2.152309e+02
4.070000e-06	-4.066598e-09	-1.873329e-09	-1.762941e+01	-2.221627e+02
4.080000e-06	-4.199160e-09	-1.928117e-09	-1.820409e+01	-2.290599e+02
4.090000e-06	-4.331111e-09	-1.983979e-09	-1.877612e+01	-2.359215e+02
4.100000e-06	-4.462396e-09	-2.044258e-09	-1.934526e+01	-2.427463e+02
4.110000e-06	-4.592952e-09	-2.105638e-09	-1.991124e+01	-2.495333e+02
4.120000e-06	-4.722831e-09	-2.163345e-09	-2.047429e+01	-2.562816e+02
4.130000e-06	-4.852093e-09	-2.218636e-09	-2.103466e+01	-2.629899e+02
4.140000e-06	-4.980703e-09	-2.277636e-09	-2.159221e+01	-2.696573e+02
4.150000e-06	-5.108584e-09	-2.340837e-09	-2.214660e+01	-2.762827e+02
4.160000e-06	-5.235673e-09	-2.404099e-09	-2.269755e+01	-2.828651e+02
4.170000e-06	-5.361973e-09	-2.463691e-09	-2.324508e+01	-2.894035e+02
4.180000e-06	-5.487468e-09	-2.519531e-09	-2.378913e+01	-2.958969e+02
4.190000e-06	-5.612142e-09	-2.575171e-09	-2.432960e+01	-3.023443e+02
4.200000e-06	-5.735978e-09	-2.630520e-09	-2.486645e+01	-3.087446e+02
4.210000e-06	-5.858916e-09	-2.683850e-09	-2.539942e+01	-3.150969e+02
4.220000e-06	-5.980949e-09	-2.735262e-09	-2.592845e+01	-3.214001e+02
4.230000e-06	-6.102098e-09	-2.789733e-09	-2.645365e+01	-3.276534e+02
4.240000e-06	-6.222292e-09	-2.850525e-09	-2.697471e+01	-3.338557e+02
4.250000e-06	-6.341440e-09	-2.913421e-09	-2.749124e+01	-3.400061e+02
4.260000e-06	-6.459524e-09	-2.972970e-09	-2.800315e+01	-3.461036e+02
4.270000e-06	-6.576555e-09	-3.026950e-09	-2.851050e+01	-3.521473e+02
4.280000e-06	-6.692479e-09	-3.078357e-09	-2.901305e+01	-3.581362e+02
4.290000e-06	-6.807136e-09	-3.129900e-09	-2.951011e+01	-3.640694e+02
4.300000e-06	-6.920492e-09	-3.181500e-09	-3.000152e+01	-3.699460e+02
4.310000e-06	-7.032630e-09	-3.232150e-09	-3.048766e+01	-3.757650e+02
4.320000e-06	-7.143583e-09	-3.283660e-09	-3.096866e+01	-3.815257e+02
4.330000e-06	-7.253359e-09	-3.337684e-09	-3.144456e+01	-3.872270e+02
4.340000e-06	-7.362008e-09	-3.393478e-09	-3.191557e+01	-3.928681e+02
4.350000e-06	-7.469611e-09	-3.449750e-09	-3.238205e+01	-3.984481e+02
4.360000e-06	-7.576166e-09	-3.502739e-09	-3.284398e+01	-4.039662e+02
4.370000e-06	-7.681643e-09	-3.550697e-09	-3.330124e+01	-4.094214e+02
4.380000e-06	-7.785939e-09	-3.596858e-09	-3.375339e+01	-4.148130e+02
4.390000e-06	-7.888921e-09	-3.642912e-09	-3.419983e+01	-4.201401e+02
4.400000e-06	-7.990605e-09	-3.688827e-09	-3.464065e+01	-4.254019e+02
4.410000e-06	-8.091062e-09	-3.733266e-09	-3.507614e+01	-4.305975e+02
4.420000e-06	-8.190251e-09	-3.777159e-09	-3.550615e+01	-4.357263e+02
4.430000e-06	-8.288230e-09	-3.823831e-09	-3.593090e+01	-4.407872e+02
4.440000e-06	-8.385087e-09	-3.874072e-09	-3.635080e+01	-4.457797e+02
4.450000e-06	-8.480723e-09	-3.923493e-09	-3.676539e+01	-4.507028e+02
4.460000e-06	-8.575040e-09	-3.967309e-09	-3.717427e+01	-4.555559e+02
4.470000e-06	-8.668050e-09	-4.005829e-09	-3.757749e+01	-4.603382e+02
4.480000e-06	-8.759715e-09	-4.043520e-09	-3.797487e+01	-4.650489e+02
4.490000e-06	-8.850045e-09	-4.083324e-09	-3.836647e+01	-4.696874e+02
4.500000e-06	-8.939112e-09	-4.123920e-09	-3.875259e+01	-4.742528e+02
4.510000e-06	-9.026858e-09	-4.164756e-09	-3.913298e+01	-4.787445e+02
4.520000e-06	-9.113216e-09	-4.204498e-09	-3.950736e+01	-4.831618e+02
4.530000e-06	-9.198186e-09	-4.243291e-09	-3.987572e+01	-4.875040e+02
4.540000e-06	-9.281755e-09	-4.281206e-09	-4.023800e+01	-4.917705e+02
4.550000e-06	-9.363977e-09	-4.317966e-09	-4.059445e+01	-4.959604e+02
4.560000e-06	-9.444905e-09	-4.353251e-09	-4.094528e+01	-5.000734e+02
4.570000e-06	-9.524419e-09	-4.386827e-09	-4.128999e+01	-5.041085e+02
4.580000e-06	-9.602359e-09	-4.420810e-09	-4.162787e+01	-5.080654e+02
4.590000e-06	-9.678644e-09	-4.455663e-09	-4.195858e+01	-5.119433e+02
4.600000e-06	-9.753285e-09	-4.487818e-09	-4.228216e+01	-5.157416e+02
4.610000e-06	-9.826395e-09	-4.515786e-09	-4.259911e+01	-5.194597e+02
4.620000e-06	-9.897993e-09	-4.541933e-09	-4.290950e+01	-5.230971e+02
4.630000e-06	-9.967973e-09	-4.570252e-09	-4.321287e+01	-5.266533e+02
4.640000e-06	-1.003630e-08	-4.601042e-09	-4.350907e+01	-5.301275e+02
4.650000e-06	-1.010305e-08	-4.630627e-09	-4.379846e+01	-5.335194e+02
4.660000e-06	-1.016835e-08	-4.657433e-09	-4.408153e+01	-5.368284e+02
4.670000e-06	-1.023218e-08	-4.683116e-09	-4.435826e+01	-5.400540e+02
4.680000e-06	-1.029437e-08	-4.709119e-09	-4.462786e+01	-5.431956e+02
4.690000e-06	-1.035481e-08	-4.734295e-09	-4.488988e+01	-5.462528e+02
4.700000e-06	-1.041362e-08	-4.757449e-09	-4.514483e+01	-5.492251e+02
4.710000e-06	-1.047093e-08	-4.778655e-09	-4.539328e+01	-5.521121e+02
4.720000e-06	-1.052672e-08	-4.798535e-09	-4.563514e+01	-5.549132e+02
4.730000e-06	-1.058074e-08	-4.817814e-09	-4.586933e+01	-5.576282e+02
4.740000e-06	-1.063283e-08	-4.837907e-09	-4.609515e+01	-5.602565e+02
4.750000e-06	-1.068301e-08	-4.857421e-09	-4.631269e+01	-5.627977e+02
4.760000e-06	-1.073122e-08	-4.876147e-09	-4.652166e+01	-5.652514e+02
4.770000e-06	-1.077757e-08	-4.894146e-09	-4.672261e+01	-5.676174e+02
4.780000e-06	-1.082243e-08	-4.911301e-09	-4.691708e+01	-5.698951e+02
4.790000e-06	-1.086593e-08	-4.928762e-09	-4.710569e+01	-5.720842e+02
4.800000e-06	-1.090802e-08	-4.944159e-09	-4.728815e+01	-5.741845e+02
4.810000e-06	-1.094864e-08	-4.957368e-09	-4.746425e+01	-5.761955e+02
4.820000e-06	-1.098770e-08	-4.970206e-09	-4.763358e+01	-5.781170e+02
4.830000e-06	-1.102497e-08	-4.983213e-09	-4.779512e+01	-5.799487e+02
4.840000e-06	-1.106048e-08	-4.996313e-09	-4.794906e+01	-5.816902e+02
4.850000e-06	-1.109442e-08	-5.009152e-09	-4.809619e+01	-5.833414e+02
4.860000e-06	-1.112680e-08	-5.020712e-09	-4.823658e+01	-5.849019e+02
4.870000e-06	-1.115745e-08	-5.031650e-09	-4.836948e+01	-5.863715e+02
4.880000e-06	-1.118624e-08	-5.043263e-09	-4.849428e+01	-5.877500e+02
4.890000e-06	-1.121333e-08	-5.052966e-09	-4.861172e+01	-5.890372e+02
4.900000e-06	-1.123880e-08	-5.058979e-09	-4.872214e+01	-5.902329e+02
4.910000e-06	-1.126264e-08	-5.062224e-09	-4.882547e+01	-5.913368e+02
4.920000e-06	-1.128468e-08	-5.066160e-09	-4.892101e+01	-5.923488e+02
4.930000e-06	-1.130488e-08	-5.072236e-09	-4.900860e+01	-5.932689e+02
4.940000e-06	-1.132348e-08	-5.079568e-09	-4.908920e+01	-5.940967e+02
4.950000e-06	-1.134046e-08	-5.087370e-09	-4.916285e+01	-5.948322e+02
4.960000e-06	-1.135570e-08	-5.094568e-09	-4.922891e+01	-5.954753e+02
4.970000e-06	-1.136889e-08	-5.100413e-09	-4.928610e+01	-5.960258e+02
4.980000e-06	-1.138007e-08	-5.103975e-09	-4.933456e+01	-5.964838e+02
4.990000e-06	-1.138951e-08	-5.105685e-09	-4.937548e+01	-5.968490e+02
5.000000e-06	-1.139730e-08	-5.104646e-09	-4.940923e+01	-5.971215e+02
5.010000e-06	-1.140321e-08	-5.102595e-09	-4.943488e+01	-5.973012e+02
5.020000e-06	-1.140724e-08	-5.102348e-09	-4.945234e+01	-5.973882e+02
5.030000e-06	-1.140965e-08	-5.102537e-09	-4.946278e+01	-5.973823e+02
5.040000e-06	-1.141044e-08	-5.099408e-09	-4.946622e+01	-5.972835e+02
