# Temperatura_=_20.0
# Concentracion g/m^3_=_10000.0
# C_Vs_to_Am_M_A/Vsm_=_116720831517.84952
# pendiente_HvsI_1/m_=_3716.3
# ordenada_HvsI_A/m_=_1297.0
# frecuencia_Hz_=_135486.69270362487
# Promedio de 24 ciclos

Tiempo_(s)	Campo_(V.s)	Magnetizacion_(V.s)	Campo_(kA/m)	Magnetizacion_(A/m)
0.000000e+00	-1.024567e-08	-4.371712e-09	-5.320719e+01	-5.071563e+02
1.000000e-08	-1.024544e-08	-4.368682e-09	-5.320598e+01	-5.070363e+02
2.000000e-08	-1.024475e-08	-4.367500e-09	-5.320243e+01	-5.068794e+02
3.000000e-08	-1.024340e-08	-4.366375e-09	-5.319541e+01	-5.066858e+02
4.000000e-08	-1.024112e-08	-4.363546e-09	-5.318355e+01	-5.064554e+02
5.000000e-08	-1.023786e-08	-4.361510e-09	-5.316665e+01	-5.061882e+02
6.000000e-08	-1.023384e-08	-4.361335e-09	-5.314574e+01	-5.058843e+02
7.000000e-08	-1.022928e-08	-4.355216e-09	-5.312208e+01	-5.055437e+02
8.000000e-08	-1.022418e-08	-4.338500e-09	-5.309560e+01	-5.051664e+02
9.000000e-08	-1.021830e-08	-4.334902e-09	-5.306505e+01	-5.047524e+02
1.000000e-07	-1.021138e-08	-4.368745e-09	-5.302913e+01	-5.043017e+02
1.100000e-07	-1.020331e-08	-4.411644e-09	-5.298723e+01	-5.038145e+02
1.200000e-07	-1.019431e-08	-4.384847e-09	-5.294047e+01	-5.032907e+02
1.300000e-07	-1.018487e-08	-4.293232e-09	-5.289144e+01	-5.027304e+02
1.400000e-07	-1.017523e-08	-4.277460e-09	-5.284139e+01	-5.021336e+02
1.500000e-07	-1.016479e-08	-4.341982e-09	-5.278718e+01	-5.015003e+02
1.600000e-07	-1.015307e-08	-4.321810e-09	-5.272632e+01	-5.008306e+02
1.700000e-07	-1.014051e-08	-4.275452e-09	-5.266106e+01	-5.001246e+02
1.800000e-07	-1.012740e-08	-4.303522e-09	-5.259300e+01	-4.993823e+02
1.900000e-07	-1.011346e-08	-4.353313e-09	-5.252058e+01	-4.986038e+02
2.000000e-07	-1.009866e-08	-4.285837e-09	-5.244373e+01	-4.977890e+02
2.100000e-07	-1.008323e-08	-4.225272e-09	-5.236362e+01	-4.969381e+02
2.200000e-07	-1.006691e-08	-4.281369e-09	-5.227888e+01	-4.960512e+02
2.300000e-07	-1.004948e-08	-4.258028e-09	-5.218836e+01	-4.951282e+02
2.400000e-07	-1.003131e-08	-4.207429e-09	-5.209396e+01	-4.941693e+02
2.500000e-07	-1.001266e-08	-4.236019e-09	-5.199711e+01	-4.931746e+02
2.600000e-07	-9.993295e-09	-4.285227e-09	-5.189657e+01	-4.921440e+02
2.700000e-07	-9.973186e-09	-4.240294e-09	-5.179214e+01	-4.910777e+02
2.800000e-07	-9.952531e-09	-4.191916e-09	-5.168487e+01	-4.899758e+02
2.900000e-07	-9.931238e-09	-4.208161e-09	-5.157429e+01	-4.888383e+02
3.000000e-07	-9.909230e-09	-4.190323e-09	-5.146001e+01	-4.876653e+02
3.100000e-07	-9.886640e-09	-4.176712e-09	-5.134269e+01	-4.864570e+02
3.200000e-07	-9.863349e-09	-4.211577e-09	-5.122174e+01	-4.852133e+02
3.300000e-07	-9.839309e-09	-4.187266e-09	-5.109690e+01	-4.839344e+02
3.400000e-07	-9.814811e-09	-4.137367e-09	-5.096968e+01	-4.826204e+02
3.500000e-07	-9.789788e-09	-4.142971e-09	-5.083973e+01	-4.812713e+02
3.600000e-07	-9.763789e-09	-4.152473e-09	-5.070471e+01	-4.798873e+02
3.700000e-07	-9.736757e-09	-4.097756e-09	-5.056433e+01	-4.784685e+02
3.800000e-07	-9.708949e-09	-4.081580e-09	-5.041992e+01	-4.770149e+02
3.900000e-07	-9.680494e-09	-4.099360e-09	-5.027215e+01	-4.755268e+02
4.000000e-07	-9.651457e-09	-4.096104e-09	-5.012136e+01	-4.740041e+02
4.100000e-07	-9.621820e-09	-4.085110e-09	-4.996744e+01	-4.724470e+02
4.200000e-07	-9.591426e-09	-4.057442e-09	-4.980961e+01	-4.708556e+02
4.300000e-07	-9.560275e-09	-4.017816e-09	-4.964783e+01	-4.692300e+02
4.400000e-07	-9.528562e-09	-4.015523e-09	-4.948315e+01	-4.675704e+02
4.500000e-07	-9.496354e-09	-4.024881e-09	-4.931589e+01	-4.658768e+02
4.600000e-07	-9.463636e-09	-3.995232e-09	-4.914597e+01	-4.641494e+02
4.700000e-07	-9.430323e-09	-3.970057e-09	-4.897298e+01	-4.623883e+02
4.800000e-07	-9.396158e-09	-3.956185e-09	-4.879556e+01	-4.605936e+02
4.900000e-07	-9.361002e-09	-3.944549e-09	-4.861298e+01	-4.587656e+02
5.000000e-07	-9.325040e-09	-3.932579e-09	-4.842623e+01	-4.569042e+02
5.100000e-07	-9.288501e-09	-3.918372e-09	-4.823648e+01	-4.550096e+02
5.200000e-07	-9.251432e-09	-3.883202e-09	-4.804397e+01	-4.530820e+02
5.300000e-07	-9.213722e-09	-3.872564e-09	-4.784814e+01	-4.511216e+02
5.400000e-07	-9.175290e-09	-3.870055e-09	-4.764855e+01	-4.491283e+02
5.500000e-07	-9.136146e-09	-3.849955e-09	-4.744527e+01	-4.471025e+02
5.600000e-07	-9.096352e-09	-3.816771e-09	-4.723862e+01	-4.450442e+02
5.700000e-07	-9.056030e-09	-3.799893e-09	-4.702922e+01	-4.429536e+02
5.800000e-07	-9.015228e-09	-3.780390e-09	-4.681733e+01	-4.408309e+02
5.900000e-07	-8.973806e-09	-3.768911e-09	-4.660222e+01	-4.386761e+02
6.000000e-07	-8.931579e-09	-3.751110e-09	-4.638293e+01	-4.364895e+02
6.100000e-07	-8.888490e-09	-3.723069e-09	-4.615916e+01	-4.342712e+02
6.200000e-07	-8.844642e-09	-3.696046e-09	-4.593146e+01	-4.320214e+02
6.300000e-07	-8.800217e-09	-3.682811e-09	-4.570075e+01	-4.297402e+02
6.400000e-07	-8.755266e-09	-3.669236e-09	-4.546731e+01	-4.274279e+02
6.500000e-07	-8.709734e-09	-3.650760e-09	-4.523086e+01	-4.250845e+02
6.600000e-07	-8.663563e-09	-3.623867e-09	-4.499108e+01	-4.227102e+02
6.700000e-07	-8.616720e-09	-3.594748e-09	-4.474782e+01	-4.203052e+02
6.800000e-07	-8.569236e-09	-3.571799e-09	-4.450123e+01	-4.178698e+02
6.900000e-07	-8.521134e-09	-3.554948e-09	-4.425143e+01	-4.154039e+02
7.000000e-07	-8.472399e-09	-3.534709e-09	-4.399834e+01	-4.129080e+02
7.100000e-07	-8.422939e-09	-3.510183e-09	-4.374149e+01	-4.103820e+02
7.200000e-07	-8.372649e-09	-3.489498e-09	-4.348033e+01	-4.078263e+02
7.300000e-07	-8.321515e-09	-3.472951e-09	-4.321478e+01	-4.052409e+02
7.400000e-07	-8.269622e-09	-3.456386e-09	-4.294529e+01	-4.026262e+02
7.500000e-07	-8.217097e-09	-3.428727e-09	-4.267252e+01	-3.999822e+02
7.600000e-07	-8.163969e-09	-3.394915e-09	-4.239663e+01	-3.973091e+02
7.700000e-07	-8.110221e-09	-3.364288e-09	-4.211750e+01	-3.946072e+02
7.800000e-07	-8.055883e-09	-3.346457e-09	-4.183532e+01	-3.918767e+02
7.900000e-07	-8.000994e-09	-3.330759e-09	-4.155027e+01	-3.891177e+02
8.000000e-07	-7.945562e-09	-3.312042e-09	-4.126241e+01	-3.863304e+02
8.100000e-07	-7.889609e-09	-3.284430e-09	-4.097184e+01	-3.835151e+02
8.200000e-07	-7.833143e-09	-3.258297e-09	-4.067859e+01	-3.806719e+02
8.300000e-07	-7.776147e-09	-3.232834e-09	-4.038261e+01	-3.778011e+02
8.400000e-07	-7.718552e-09	-3.206801e-09	-4.008351e+01	-3.749029e+02
8.500000e-07	-7.660232e-09	-3.175000e-09	-3.978065e+01	-3.719774e+02
8.600000e-07	-7.601152e-09	-3.146520e-09	-3.947384e+01	-3.690250e+02
8.700000e-07	-7.541431e-09	-3.122051e-09	-3.916370e+01	-3.660457e+02
8.800000e-07	-7.481216e-09	-3.101058e-09	-3.885099e+01	-3.630399e+02
8.900000e-07	-7.420579e-09	-3.074830e-09	-3.853610e+01	-3.600076e+02
9.000000e-07	-7.359528e-09	-3.044443e-09	-3.821905e+01	-3.569493e+02
9.100000e-07	-7.298020e-09	-3.011774e-09	-3.789963e+01	-3.538650e+02
9.200000e-07	-7.235986e-09	-2.983504e-09	-3.757748e+01	-3.507550e+02
9.300000e-07	-7.173421e-09	-2.956941e-09	-3.725257e+01	-3.476196e+02
9.400000e-07	-7.110351e-09	-2.929746e-09	-3.692504e+01	-3.444589e+02
9.500000e-07	-7.046768e-09	-2.900500e-09	-3.659484e+01	-3.412732e+02
9.600000e-07	-6.982706e-09	-2.871356e-09	-3.626216e+01	-3.380627e+02
9.700000e-07	-6.918193e-09	-2.843645e-09	-3.592713e+01	-3.348276e+02
9.800000e-07	-6.853194e-09	-2.815386e-09	-3.558959e+01	-3.315682e+02
9.900000e-07	-6.787683e-09	-2.781935e-09	-3.524938e+01	-3.282848e+02
1.000000e-06	-6.721626e-09	-2.745185e-09	-3.490634e+01	-3.249775e+02
1.010000e-06	-6.655028e-09	-2.712309e-09	-3.456048e+01	-3.216466e+02
1.020000e-06	-6.587918e-09	-2.685120e-09	-3.421197e+01	-3.182923e+02
1.030000e-06	-6.520312e-09	-2.659635e-09	-3.386088e+01	-3.149149e+02
1.040000e-06	-6.452260e-09	-2.630503e-09	-3.350748e+01	-3.115147e+02
1.050000e-06	-6.383791e-09	-2.599140e-09	-3.315191e+01	-3.080918e+02
1.060000e-06	-6.314928e-09	-2.566614e-09	-3.279430e+01	-3.046465e+02
1.070000e-06	-6.245670e-09	-2.534297e-09	-3.243463e+01	-3.011791e+02
1.080000e-06	-6.175975e-09	-2.500848e-09	-3.207270e+01	-2.976898e+02
1.090000e-06	-6.105799e-09	-2.467439e-09	-3.170826e+01	-2.941789e+02
1.100000e-06	-6.035155e-09	-2.434895e-09	-3.134139e+01	-2.906466e+02
1.110000e-06	-5.964101e-09	-2.406823e-09	-3.097240e+01	-2.870932e+02
1.120000e-06	-5.892681e-09	-2.377364e-09	-3.060151e+01	-2.835189e+02
1.130000e-06	-5.820903e-09	-2.344092e-09	-3.022876e+01	-2.799241e+02
1.140000e-06	-5.748739e-09	-2.307669e-09	-2.985400e+01	-2.763089e+02
1.150000e-06	-5.676169e-09	-2.273556e-09	-2.947713e+01	-2.726736e+02
1.160000e-06	-5.603216e-09	-2.241488e-09	-2.909828e+01	-2.690185e+02
1.170000e-06	-5.529909e-09	-2.209236e-09	-2.871758e+01	-2.653439e+02
1.180000e-06	-5.456186e-09	-2.173751e-09	-2.833473e+01	-2.616499e+02
1.190000e-06	-5.381957e-09	-2.138140e-09	-2.794925e+01	-2.579370e+02
1.200000e-06	-5.307221e-09	-2.105379e-09	-2.756114e+01	-2.542053e+02
1.210000e-06	-5.231977e-09	-2.075960e-09	-2.717038e+01	-2.504551e+02
1.220000e-06	-5.156209e-09	-2.044070e-09	-2.677691e+01	-2.466868e+02
1.230000e-06	-5.079956e-09	-2.007842e-09	-2.638092e+01	-2.429005e+02
1.240000e-06	-5.003280e-09	-1.968658e-09	-2.598273e+01	-2.390965e+02
1.250000e-06	-4.926224e-09	-1.931845e-09	-2.558257e+01	-2.352752e+02
1.260000e-06	-4.848828e-09	-1.897808e-09	-2.518064e+01	-2.314368e+02
1.270000e-06	-4.771142e-09	-1.864041e-09	-2.477720e+01	-2.275815e+02
1.280000e-06	-4.693104e-09	-1.829989e-09	-2.437194e+01	-2.237097e+02
1.290000e-06	-4.614641e-09	-1.796294e-09	-2.396448e+01	-2.198216e+02
1.300000e-06	-4.535796e-09	-1.762324e-09	-2.355502e+01	-2.159176e+02
1.310000e-06	-4.456609e-09	-1.726201e-09	-2.314380e+01	-2.119978e+02
1.320000e-06	-4.377064e-09	-1.689106e-09	-2.273071e+01	-2.080626e+02
1.330000e-06	-4.297130e-09	-1.651898e-09	-2.231560e+01	-2.041123e+02
1.340000e-06	-4.216807e-09	-1.614778e-09	-2.189847e+01	-2.001472e+02
1.350000e-06	-4.136099e-09	-1.576983e-09	-2.147934e+01	-1.961675e+02
1.360000e-06	-4.054996e-09	-1.539008e-09	-2.105816e+01	-1.921735e+02
1.370000e-06	-3.973572e-09	-1.500561e-09	-2.063532e+01	-1.881656e+02
1.380000e-06	-3.891886e-09	-1.464015e-09	-2.021111e+01	-1.841439e+02
1.390000e-06	-3.809916e-09	-1.428936e-09	-1.978542e+01	-1.801089e+02
1.400000e-06	-3.727702e-09	-1.393594e-09	-1.935848e+01	-1.760608e+02
1.410000e-06	-3.645307e-09	-1.356626e-09	-1.893059e+01	-1.719998e+02
1.420000e-06	-3.562713e-09	-1.318723e-09	-1.850167e+01	-1.679263e+02
1.430000e-06	-3.479919e-09	-1.279502e-09	-1.807170e+01	-1.638407e+02
1.440000e-06	-3.396955e-09	-1.242321e-09	-1.764086e+01	-1.597430e+02
1.450000e-06	-3.313828e-09	-1.206184e-09	-1.720917e+01	-1.556338e+02
1.460000e-06	-3.230525e-09	-1.170363e-09	-1.677656e+01	-1.515132e+02
1.470000e-06	-3.147026e-09	-1.134181e-09	-1.634294e+01	-1.473816e+02
1.480000e-06	-3.063324e-09	-1.096919e-09	-1.590827e+01	-1.432393e+02
1.490000e-06	-2.979413e-09	-1.060171e-09	-1.547250e+01	-1.390865e+02
1.500000e-06	-2.895282e-09	-1.021142e-09	-1.503560e+01	-1.349236e+02
1.510000e-06	-2.810938e-09	-9.812424e-10	-1.459759e+01	-1.307509e+02
1.520000e-06	-2.726406e-09	-9.439155e-10	-1.415860e+01	-1.265686e+02
1.530000e-06	-2.641713e-09	-9.097345e-10	-1.371878e+01	-1.223771e+02
1.540000e-06	-2.556876e-09	-8.762001e-10	-1.327821e+01	-1.181767e+02
1.550000e-06	-2.471924e-09	-8.392043e-10	-1.283704e+01	-1.139677e+02
1.560000e-06	-2.386874e-09	-8.013643e-10	-1.239537e+01	-1.097503e+02
1.570000e-06	-2.301703e-09	-7.655453e-10	-1.195306e+01	-1.055250e+02
1.580000e-06	-2.216410e-09	-7.294580e-10	-1.151012e+01	-1.012920e+02
1.590000e-06	-2.131004e-09	-6.924323e-10	-1.106659e+01	-9.705155e+01
1.600000e-06	-2.045476e-09	-6.569586e-10	-1.062244e+01	-9.280403e+01
1.610000e-06	-1.959807e-09	-6.234068e-10	-1.017755e+01	-8.854974e+01
1.620000e-06	-1.873982e-09	-5.903475e-10	-9.731845e+00	-8.428898e+01
1.630000e-06	-1.788018e-09	-5.567150e-10	-9.285422e+00	-8.002207e+01
1.640000e-06	-1.701917e-09	-5.212754e-10	-8.838289e+00	-7.574930e+01
1.650000e-06	-1.615667e-09	-4.826660e-10	-8.390379e+00	-7.147099e+01
1.660000e-06	-1.529300e-09	-4.427469e-10	-7.941864e+00	-6.718745e+01
1.670000e-06	-1.442847e-09	-4.051037e-10	-7.492902e+00	-6.289899e+01
1.680000e-06	-1.356311e-09	-3.699630e-10	-7.043507e+00	-5.860592e+01
1.690000e-06	-1.269721e-09	-3.368432e-10	-6.593833e+00	-5.430856e+01
1.700000e-06	-1.183066e-09	-3.055098e-10	-6.143823e+00	-5.000721e+01
1.710000e-06	-1.096344e-09	-2.748260e-10	-5.693463e+00	-4.570218e+01
1.720000e-06	-1.009569e-09	-2.413556e-10	-5.242830e+00	-4.139379e+01
1.730000e-06	-9.227229e-10	-2.023859e-10	-4.791824e+00	-3.708235e+01
1.740000e-06	-8.358068e-10	-1.597911e-10	-4.340457e+00	-3.276817e+01
1.750000e-06	-7.488385e-10	-1.188625e-10	-3.888818e+00	-2.845156e+01
1.760000e-06	-6.618126e-10	-8.350004e-11	-3.436880e+00	-2.413285e+01
1.770000e-06	-5.747165e-10	-5.354692e-11	-2.984578e+00	-1.981233e+01
1.780000e-06	-4.875634e-10	-2.480637e-11	-2.531980e+00	-1.549033e+01
1.790000e-06	-4.003651e-10	7.849122e-12	-2.079146e+00	-1.116715e+01
1.800000e-06	-3.131398e-10	4.450083e-11	-1.626173e+00	-6.843117e+00
1.810000e-06	-2.259208e-10	8.197745e-11	-1.173232e+00	-2.518535e+00
1.820000e-06	-1.387197e-10	1.193597e-10	-7.203841e-01	1.806279e+00
1.830000e-06	-5.153271e-11	1.567703e-10	-2.676096e-01	6.131012e+00
1.840000e-06	3.562138e-11	1.933070e-10	1.849940e-01	1.045535e+01
1.850000e-06	1.227543e-10	2.288068e-10	6.374877e-01	1.477898e+01
1.860000e-06	2.099017e-10	2.612920e-10	1.090056e+00	1.910159e+01
1.870000e-06	2.970366e-10	2.924074e-10	1.542560e+00	2.342287e+01
1.880000e-06	3.841372e-10	3.263606e-10	1.994886e+00	2.774250e+01
1.890000e-06	4.712359e-10	3.618332e-10	2.447202e+00	3.206017e+01
1.900000e-06	5.583328e-10	3.967094e-10	2.899509e+00	3.637556e+01
1.910000e-06	6.454078e-10	4.306929e-10	3.351702e+00	4.068837e+01
1.920000e-06	7.324586e-10	4.644053e-10	3.803769e+00	4.499828e+01
1.930000e-06	8.194678e-10	4.984613e-10	4.255620e+00	4.930498e+01
1.940000e-06	9.063993e-10	5.335831e-10	4.707067e+00	5.360815e+01
1.950000e-06	9.932447e-10	5.701317e-10	5.158067e+00	5.790749e+01
1.960000e-06	1.080005e-09	6.070775e-10	5.608624e+00	6.220269e+01
1.970000e-06	1.166666e-09	6.428132e-10	6.058668e+00	6.649342e+01
1.980000e-06	1.253222e-09	6.756157e-10	6.508165e+00	7.077939e+01
1.990000e-06	1.339673e-09	7.064732e-10	6.957117e+00	7.506027e+01
2.000000e-06	1.426021e-09	7.389330e-10	7.405534e+00	7.933577e+01
2.010000e-06	1.512300e-09	7.735120e-10	7.853596e+00	8.360556e+01
2.020000e-06	1.598492e-09	8.096622e-10	8.301202e+00	8.786935e+01
2.030000e-06	1.684574e-09	8.464424e-10	8.748237e+00	9.212681e+01
2.040000e-06	1.770574e-09	8.826440e-10	9.194848e+00	9.637765e+01
2.050000e-06	1.856466e-09	9.178950e-10	9.640898e+00	1.006216e+02
2.060000e-06	1.942232e-09	9.518321e-10	1.008629e+01	1.048582e+02
2.070000e-06	2.027879e-09	9.843303e-10	1.053107e+01	1.090873e+02
2.080000e-06	2.113395e-09	1.016185e-09	1.097516e+01	1.133086e+02
2.090000e-06	2.198772e-09	1.048698e-09	1.141854e+01	1.175217e+02
2.100000e-06	2.284011e-09	1.083108e-09	1.186120e+01	1.217263e+02
2.110000e-06	2.369113e-09	1.118734e-09	1.230314e+01	1.259222e+02
2.120000e-06	2.454069e-09	1.153542e-09	1.274433e+01	1.301089e+02
2.130000e-06	2.538851e-09	1.186177e-09	1.318462e+01	1.342863e+02
2.140000e-06	2.623475e-09	1.218386e-09	1.362408e+01	1.384540e+02
2.150000e-06	2.707953e-09	1.252863e-09	1.406279e+01	1.426118e+02
2.160000e-06	2.792262e-09	1.289755e-09	1.450062e+01	1.467592e+02
2.170000e-06	2.876406e-09	1.326403e-09	1.493759e+01	1.508961e+02
2.180000e-06	2.960395e-09	1.359792e-09	1.537376e+01	1.550220e+02
2.190000e-06	3.044207e-09	1.391048e-09	1.580900e+01	1.591368e+02
2.200000e-06	3.127818e-09	1.421991e-09	1.624321e+01	1.632401e+02
2.210000e-06	3.211226e-09	1.452547e-09	1.667636e+01	1.673316e+02
2.220000e-06	3.294428e-09	1.483795e-09	1.710844e+01	1.714110e+02
2.230000e-06	3.377402e-09	1.516892e-09	1.753934e+01	1.754781e+02
2.240000e-06	3.460144e-09	1.551596e-09	1.796902e+01	1.795325e+02
2.250000e-06	3.542671e-09	1.586325e-09	1.839760e+01	1.835739e+02
2.260000e-06	3.624967e-09	1.619153e-09	1.882497e+01	1.876021e+02
2.270000e-06	3.707000e-09	1.649121e-09	1.925098e+01	1.916167e+02
2.280000e-06	3.788765e-09	1.678147e-09	1.967560e+01	1.956175e+02
2.290000e-06	3.870260e-09	1.709120e-09	2.009882e+01	1.996042e+02
2.300000e-06	3.951482e-09	1.741873e-09	2.052061e+01	2.035764e+02
2.310000e-06	4.032448e-09	1.775577e-09	2.094108e+01	2.075340e+02
2.320000e-06	4.113129e-09	1.808550e-09	2.136007e+01	2.114765e+02
2.330000e-06	4.193483e-09	1.839918e-09	2.177736e+01	2.154038e+02
2.340000e-06	4.273504e-09	1.869875e-09	2.219292e+01	2.193155e+02
2.350000e-06	4.353195e-09	1.899357e-09	2.260676e+01	2.232114e+02
2.360000e-06	4.432522e-09	1.929424e-09	2.301872e+01	2.270911e+02
2.370000e-06	4.511445e-09	1.960282e-09	2.342857e+01	2.309544e+02
2.380000e-06	4.589951e-09	1.991535e-09	2.383627e+01	2.348010e+02
2.390000e-06	4.668061e-09	2.023659e-09	2.424190e+01	2.386307e+02
2.400000e-06	4.745820e-09	2.056172e-09	2.464572e+01	2.424431e+02
2.410000e-06	4.823243e-09	2.087091e-09	2.504778e+01	2.462380e+02
2.420000e-06	4.900323e-09	2.114625e-09	2.544807e+01	2.500151e+02
2.430000e-06	4.977068e-09	2.141100e-09	2.584662e+01	2.537742e+02
2.440000e-06	5.053441e-09	2.170903e-09	2.624323e+01	2.575148e+02
2.450000e-06	5.129399e-09	2.203530e-09	2.663769e+01	2.612369e+02
2.460000e-06	5.204939e-09	2.235560e-09	2.702998e+01	2.649401e+02
2.470000e-06	5.280012e-09	2.264780e-09	2.741985e+01	2.686241e+02
2.480000e-06	5.354580e-09	2.291501e-09	2.780709e+01	2.722887e+02
2.490000e-06	5.428664e-09	2.318782e-09	2.819182e+01	2.759337e+02
2.500000e-06	5.502276e-09	2.349272e-09	2.857409e+01	2.795586e+02
2.510000e-06	5.575416e-09	2.380620e-09	2.895392e+01	2.831634e+02
2.520000e-06	5.648095e-09	2.410481e-09	2.933135e+01	2.867477e+02
2.530000e-06	5.720354e-09	2.439501e-09	2.970660e+01	2.903112e+02
2.540000e-06	5.792241e-09	2.469575e-09	3.007992e+01	2.938538e+02
2.550000e-06	5.863769e-09	2.499601e-09	3.045137e+01	2.973751e+02
2.560000e-06	5.934925e-09	2.526387e-09	3.082090e+01	3.008749e+02
2.570000e-06	6.005691e-09	2.551202e-09	3.118840e+01	3.043530e+02
2.580000e-06	6.076039e-09	2.578661e-09	3.155372e+01	3.078090e+02
2.590000e-06	6.145966e-09	2.610274e-09	3.191687e+01	3.112428e+02
2.600000e-06	6.215502e-09	2.642899e-09	3.227797e+01	3.146541e+02
2.610000e-06	6.284667e-09	2.671994e-09	3.263716e+01	3.180426e+02
2.620000e-06	6.353460e-09	2.697067e-09	3.299441e+01	3.214081e+02
2.630000e-06	6.421839e-09	2.722259e-09	3.334951e+01	3.247504e+02
2.640000e-06	6.489745e-09	2.750470e-09	3.370216e+01	3.280692e+02
2.650000e-06	6.557129e-09	2.780480e-09	3.405209e+01	3.313643e+02
2.660000e-06	6.623940e-09	2.809048e-09	3.439905e+01	3.346353e+02
2.670000e-06	6.690140e-09	2.834890e-09	3.474283e+01	3.378822e+02
2.680000e-06	6.755749e-09	2.858744e-09	3.508355e+01	3.411047e+02
2.690000e-06	6.820853e-09	2.884276e-09	3.542164e+01	3.443024e+02
2.700000e-06	6.885493e-09	2.912283e-09	3.575733e+01	3.474753e+02
2.710000e-06	6.949680e-09	2.939616e-09	3.609066e+01	3.506230e+02
2.720000e-06	7.013461e-09	2.964959e-09	3.642188e+01	3.537454e+02
2.730000e-06	7.076847e-09	2.990045e-09	3.675106e+01	3.568422e+02
2.740000e-06	7.139816e-09	3.016514e-09	3.707806e+01	3.599131e+02
2.750000e-06	7.202313e-09	3.043145e-09	3.740262e+01	3.629581e+02
2.760000e-06	7.264301e-09	3.066615e-09	3.772453e+01	3.659767e+02
2.770000e-06	7.325805e-09	3.087928e-09	3.804393e+01	3.689689e+02
2.780000e-06	7.386866e-09	3.110718e-09	3.836103e+01	3.719344e+02
2.790000e-06	7.447476e-09	3.136972e-09	3.867578e+01	3.748730e+02
2.800000e-06	7.507593e-09	3.165633e-09	3.898798e+01	3.777845e+02
2.810000e-06	7.567135e-09	3.192864e-09	3.929719e+01	3.806686e+02
2.820000e-06	7.626004e-09	3.216282e-09	3.960290e+01	3.835252e+02
2.830000e-06	7.684142e-09	3.237228e-09	3.990482e+01	3.863540e+02
2.840000e-06	7.741611e-09	3.259283e-09	4.020327e+01	3.891549e+02
2.850000e-06	7.798513e-09	3.283737e-09	4.049877e+01	3.919277e+02
2.860000e-06	7.854908e-09	3.308142e-09	4.079163e+01	3.946721e+02
2.870000e-06	7.910832e-09	3.330689e-09	4.108205e+01	3.973879e+02
2.880000e-06	7.966277e-09	3.351887e-09	4.136999e+01	4.000750e+02
2.890000e-06	8.021197e-09	3.372714e-09	4.165520e+01	4.027331e+02
2.900000e-06	8.075538e-09	3.394140e-09	4.193740e+01	4.053621e+02
2.910000e-06	8.129292e-09	3.413390e-09	4.221655e+01	4.079617e+02
2.920000e-06	8.182457e-09	3.431260e-09	4.249264e+01	4.105318e+02
2.930000e-06	8.234976e-09	3.451697e-09	4.276538e+01	4.130723e+02
2.940000e-06	8.286758e-09	3.476427e-09	4.303429e+01	4.155828e+02
2.950000e-06	8.337729e-09	3.501850e-09	4.329899e+01	4.180633e+02
2.960000e-06	8.387851e-09	3.523587e-09	4.355928e+01	4.205135e+02
2.970000e-06	8.437200e-09	3.541170e-09	4.381556e+01	4.229333e+02
2.980000e-06	8.485925e-09	3.557581e-09	4.406859e+01	4.253225e+02
2.990000e-06	8.534127e-09	3.577360e-09	4.431891e+01	4.276809e+02
3.000000e-06	8.581821e-09	3.599857e-09	4.456659e+01	4.300083e+02
3.010000e-06	8.628951e-09	3.620635e-09	4.481135e+01	4.323046e+02
3.020000e-06	8.675467e-09	3.637727e-09	4.505291e+01	4.345697e+02
3.030000e-06	8.721370e-09	3.652692e-09	4.529129e+01	4.368033e+02
3.040000e-06	8.766682e-09	3.668679e-09	4.552660e+01	4.390053e+02
3.050000e-06	8.811462e-09	3.687532e-09	4.575915e+01	4.411755e+02
3.060000e-06	8.855768e-09	3.707475e-09	4.598924e+01	4.433138e+02
3.070000e-06	8.899511e-09	3.726111e-09	4.621640e+01	4.454200e+02
3.080000e-06	8.942497e-09	3.744722e-09	4.643963e+01	4.474940e+02
3.090000e-06	8.984602e-09	3.763789e-09	4.665829e+01	4.495356e+02
3.100000e-06	9.025889e-09	3.780793e-09	4.687270e+01	4.515447e+02
3.110000e-06	9.066548e-09	3.794496e-09	4.708384e+01	4.535211e+02
3.120000e-06	9.106686e-09	3.806039e-09	4.729229e+01	4.554646e+02
3.130000e-06	9.146274e-09	3.820252e-09	4.749787e+01	4.573752e+02
3.140000e-06	9.185283e-09	3.837677e-09	4.770045e+01	4.592527e+02
3.150000e-06	9.223670e-09	3.857194e-09	4.789980e+01	4.610970e+02
3.160000e-06	9.261364e-09	3.875637e-09	4.809555e+01	4.629079e+02
3.170000e-06	9.298421e-09	3.893115e-09	4.828800e+01	4.646853e+02
3.180000e-06	9.334993e-09	3.913618e-09	4.847792e+01	4.664290e+02
3.190000e-06	9.371062e-09	3.932428e-09	4.866523e+01	4.681390e+02
3.200000e-06	9.406424e-09	3.947991e-09	4.884887e+01	4.698151e+02
3.210000e-06	9.440868e-09	3.958496e-09	4.902774e+01	4.714573e+02
3.220000e-06	9.474382e-09	3.967674e-09	4.920178e+01	4.730653e+02
3.230000e-06	9.507155e-09	3.982213e-09	4.937198e+01	4.746390e+02
3.240000e-06	9.539376e-09	4.000548e-09	4.953930e+01	4.761784e+02
3.250000e-06	9.571034e-09	4.019274e-09	4.970371e+01	4.776834e+02
3.260000e-06	9.602069e-09	4.034889e-09	4.986488e+01	4.791537e+02
3.270000e-06	9.632485e-09	4.048594e-09	5.002284e+01	4.805894e+02
3.280000e-06	9.662241e-09	4.062840e-09	5.017736e+01	4.819903e+02
3.290000e-06	9.691348e-09	4.075735e-09	5.032852e+01	4.833563e+02
3.300000e-06	9.719939e-09	4.086171e-09	5.047699e+01	4.846874e+02
3.310000e-06	9.748012e-09	4.093781e-09	5.062278e+01	4.859833e+02
3.320000e-06	9.775314e-09	4.102740e-09	5.076456e+01	4.872441e+02
3.330000e-06	9.801603e-09	4.115832e-09	5.090109e+01	4.884696e+02
3.340000e-06	9.826907e-09	4.130302e-09	5.103249e+01	4.896598e+02
3.350000e-06	9.851473e-09	4.143414e-09	5.116007e+01	4.908145e+02
3.360000e-06	9.875415e-09	4.153804e-09	5.128440e+01	4.919337e+02
3.370000e-06	9.898701e-09	4.164248e-09	5.140533e+01	4.930173e+02
3.380000e-06	9.921340e-09	4.174912e-09	5.152290e+01	4.940652e+02
3.390000e-06	9.943337e-09	4.184353e-09	5.163713e+01	4.950773e+02
3.400000e-06	9.964671e-09	4.191663e-09	5.174792e+01	4.960536e+02
3.410000e-06	9.985420e-09	4.198924e-09	5.185567e+01	4.969940e+02
3.420000e-06	1.000569e-08	4.209024e-09	5.196095e+01	4.978984e+02
3.430000e-06	1.002539e-08	4.220805e-09	5.206326e+01	4.987668e+02
3.440000e-06	1.004437e-08	4.230668e-09	5.216179e+01	4.995991e+02
3.450000e-06	1.006260e-08	4.237729e-09	5.225650e+01	5.003952e+02
3.460000e-06	1.008015e-08	4.245079e-09	5.234764e+01	5.011551e+02
3.470000e-06	1.009697e-08	4.255380e-09	5.243499e+01	5.018788e+02
3.480000e-06	1.011295e-08	4.267124e-09	5.251795e+01	5.025661e+02
3.490000e-06	1.012804e-08	4.275441e-09	5.259633e+01	5.032170e+02
3.500000e-06	1.014232e-08	4.279036e-09	5.267048e+01	5.038315e+02
3.510000e-06	1.015584e-08	4.283001e-09	5.274071e+01	5.044096e+02
3.520000e-06	1.016865e-08	4.289378e-09	5.280723e+01	5.049511e+02
3.530000e-06	1.018076e-08	4.295512e-09	5.287008e+01	5.054561e+02
3.540000e-06	1.019201e-08	4.298349e-09	5.292851e+01	5.059244e+02
3.550000e-06	1.020219e-08	4.300397e-09	5.298141e+01	5.063562e+02
3.560000e-06	1.021140e-08	4.306842e-09	5.302919e+01	5.067513e+02
3.570000e-06	1.021992e-08	4.316534e-09	5.307348e+01	5.071098e+02
3.580000e-06	1.022786e-08	4.323865e-09	5.311471e+01	5.074315e+02
3.590000e-06	1.023511e-08	4.325296e-09	5.315234e+01	5.077165e+02
3.600000e-06	1.024164e-08	4.323598e-09	5.318626e+01	5.079648e+02
3.610000e-06	1.024745e-08	4.324465e-09	5.321642e+01	5.081762e+02
3.620000e-06	1.025256e-08	4.329834e-09	5.324294e+01	5.083509e+02
3.630000e-06	1.025710e-08	4.335467e-09	5.326655e+01	5.084888e+02
3.640000e-06	1.026110e-08	4.338415e-09	5.328734e+01	5.085899e+02
3.650000e-06	1.026432e-08	4.340756e-09	5.330405e+01	5.086542e+02
3.660000e-06	1.026652e-08	4.344422e-09	5.331548e+01	5.086817e+02
3.670000e-06	1.026776e-08	4.348888e-09	5.332193e+01	5.086723e+02
3.680000e-06	1.026833e-08	4.351450e-09	5.332489e+01	5.086262e+02
3.690000e-06	1.026837e-08	4.348920e-09	5.332509e+01	5.085432e+02
3.700000e-06	1.026776e-08	4.345066e-09	5.332190e+01	5.084234e+02
3.710000e-06	1.026646e-08	4.344683e-09	5.331516e+01	5.082668e+02
3.720000e-06	1.026450e-08	4.344112e-09	5.330499e+01	5.080734e+02
3.730000e-06	1.026187e-08	4.341773e-09	5.329134e+01	5.078432e+02
3.740000e-06	1.025866e-08	4.338738e-09	5.327465e+01	5.075763e+02
3.750000e-06	1.025499e-08	4.337413e-09	5.325559e+01	5.072726e+02
3.760000e-06	1.025080e-08	4.348854e-09	5.323381e+01	5.069322e+02
3.770000e-06	1.024577e-08	4.359887e-09	5.320773e+01	5.065551e+02
3.780000e-06	1.023965e-08	4.323887e-09	5.317594e+01	5.061414e+02
3.790000e-06	1.023226e-08	4.258735e-09	5.313754e+01	5.056910e+02
3.800000e-06	1.022349e-08	4.243346e-09	5.309200e+01	5.052040e+02
3.810000e-06	1.021371e-08	4.328390e-09	5.304123e+01	5.046805e+02
3.820000e-06	1.020379e-08	4.377134e-09	5.298969e+01	5.041204e+02
3.830000e-06	1.019396e-08	4.298219e-09	5.293863e+01	5.035238e+02
3.840000e-06	1.018337e-08	4.265153e-09	5.288367e+01	5.028908e+02
3.850000e-06	1.017149e-08	4.312545e-09	5.282196e+01	5.022214e+02
3.860000e-06	1.015905e-08	4.316290e-09	5.275735e+01	5.015156e+02
3.870000e-06	1.014645e-08	4.212457e-09	5.269195e+01	5.007735e+02
3.880000e-06	1.013272e-08	4.244914e-09	5.262060e+01	4.999952e+02
3.890000e-06	1.011751e-08	4.350353e-09	5.254164e+01	4.991807e+02
3.900000e-06	1.010175e-08	4.269546e-09	5.245978e+01	4.983300e+02
3.910000e-06	1.008564e-08	4.189615e-09	5.237614e+01	4.974433e+02
3.920000e-06	1.006866e-08	4.243929e-09	5.228796e+01	4.965206e+02
3.930000e-06	1.005090e-08	4.278669e-09	5.219573e+01	4.955619e+02
3.940000e-06	1.003272e-08	4.137693e-09	5.210131e+01	4.945674e+02
3.950000e-06	1.001383e-08	4.133240e-09	5.200322e+01	4.935371e+02
3.960000e-06	9.994133e-09	4.232068e-09	5.190092e+01	4.924710e+02
3.970000e-06	9.973952e-09	4.196144e-09	5.179612e+01	4.913693e+02
3.980000e-06	9.952986e-09	4.133614e-09	5.168724e+01	4.902321e+02
3.990000e-06	9.930743e-09	4.157559e-09	5.157173e+01	4.890593e+02
4.000000e-06	9.907621e-09	4.148098e-09	5.145165e+01	4.878512e+02
4.010000e-06	9.884009e-09	4.077191e-09	5.132903e+01	4.866077e+02
4.020000e-06	9.859670e-09	4.108197e-09	5.120264e+01	4.853291e+02
4.030000e-06	9.834635e-09	4.134352e-09	5.107262e+01	4.840153e+02
4.040000e-06	9.809107e-09	4.077022e-09	5.094006e+01	4.826664e+02
4.050000e-06	9.782883e-09	4.070709e-09	5.080387e+01	4.812827e+02
4.060000e-06	9.755904e-09	4.098010e-09	5.066377e+01	4.798640e+02
4.070000e-06	9.728433e-09	4.062460e-09	5.052110e+01	4.784107e+02
4.080000e-06	9.700363e-09	4.035229e-09	5.037533e+01	4.769227e+02
4.090000e-06	9.671337e-09	4.021864e-09	5.022460e+01	4.754003e+02
4.100000e-06	9.641295e-09	4.013434e-09	5.006858e+01	4.738434e+02
4.110000e-06	9.610412e-09	4.023394e-09	4.990821e+01	4.722522e+02
4.120000e-06	9.578872e-09	4.029232e-09	4.974441e+01	4.706268e+02
4.130000e-06	9.546798e-09	3.990080e-09	4.957785e+01	4.689674e+02
4.140000e-06	9.514126e-09	3.970672e-09	4.940818e+01	4.672740e+02
4.150000e-06	9.480802e-09	3.953645e-09	4.923512e+01	4.655468e+02
4.160000e-06	9.446884e-09	3.933717e-09	4.905898e+01	4.637859e+02
4.170000e-06	9.412367e-09	3.936381e-09	4.887973e+01	4.619915e+02
4.180000e-06	9.377257e-09	3.929085e-09	4.869740e+01	4.601636e+02
4.190000e-06	9.341600e-09	3.893101e-09	4.851222e+01	4.583024e+02
4.200000e-06	9.305287e-09	3.888173e-09	4.832365e+01	4.564080e+02
4.210000e-06	9.268140e-09	3.888660e-09	4.813074e+01	4.544806e+02
4.220000e-06	9.230074e-09	3.862741e-09	4.793305e+01	4.525204e+02
4.230000e-06	9.191149e-09	3.845094e-09	4.773091e+01	4.505273e+02
4.240000e-06	9.151568e-09	3.831511e-09	4.752536e+01	4.485017e+02
4.250000e-06	9.111430e-09	3.807964e-09	4.731692e+01	4.464436e+02
4.260000e-06	9.070666e-09	3.792637e-09	4.710523e+01	4.443532e+02
4.270000e-06	9.029298e-09	3.782222e-09	4.689040e+01	4.422306e+02
4.280000e-06	8.987389e-09	3.756573e-09	4.667276e+01	4.400760e+02
4.290000e-06	8.944938e-09	3.740759e-09	4.645230e+01	4.378896e+02
4.300000e-06	8.901951e-09	3.732646e-09	4.622907e+01	4.356715e+02
4.310000e-06	8.858467e-09	3.721515e-09	4.600325e+01	4.334218e+02
4.320000e-06	8.814482e-09	3.698795e-09	4.577482e+01	4.311408e+02
4.330000e-06	8.769902e-09	3.671141e-09	4.554331e+01	4.288286e+02
4.340000e-06	8.724674e-09	3.640201e-09	4.530844e+01	4.264854e+02
4.350000e-06	8.678804e-09	3.626040e-09	4.507023e+01	4.241113e+02
4.360000e-06	8.632314e-09	3.612357e-09	4.482880e+01	4.217065e+02
4.370000e-06	8.585223e-09	3.596531e-09	4.458425e+01	4.192712e+02
4.380000e-06	8.537443e-09	3.576920e-09	4.433613e+01	4.168055e+02
4.390000e-06	8.488898e-09	3.560420e-09	4.408402e+01	4.143097e+02
4.400000e-06	8.439632e-09	3.539405e-09	4.382818e+01	4.117839e+02
4.410000e-06	8.389736e-09	3.516812e-09	4.356906e+01	4.092283e+02
4.420000e-06	8.339279e-09	3.489508e-09	4.330703e+01	4.066431e+02
4.430000e-06	8.288240e-09	3.464367e-09	4.304198e+01	4.040285e+02
4.440000e-06	8.236535e-09	3.446052e-09	4.277347e+01	4.013846e+02
4.450000e-06	8.184076e-09	3.432223e-09	4.250104e+01	3.987117e+02
4.460000e-06	8.130806e-09	3.411864e-09	4.222440e+01	3.960099e+02
4.470000e-06	8.076721e-09	3.384585e-09	4.194353e+01	3.932795e+02
4.480000e-06	8.021918e-09	3.356057e-09	4.165893e+01	3.905206e+02
4.490000e-06	7.966520e-09	3.334933e-09	4.137124e+01	3.877335e+02
4.500000e-06	7.910619e-09	3.315457e-09	4.108094e+01	3.849183e+02
4.510000e-06	7.854220e-09	3.294096e-09	4.078805e+01	3.820753e+02
4.520000e-06	7.797280e-09	3.271106e-09	4.049235e+01	3.792046e+02
4.530000e-06	7.739781e-09	3.248575e-09	4.019376e+01	3.763065e+02
4.540000e-06	7.681743e-09	3.225265e-09	3.989235e+01	3.733811e+02
4.550000e-06	7.623223e-09	3.196548e-09	3.958845e+01	3.704287e+02
4.560000e-06	7.564269e-09	3.167511e-09	3.928230e+01	3.674496e+02
4.570000e-06	7.504876e-09	3.139883e-09	3.897386e+01	3.644438e+02
4.580000e-06	7.444999e-09	3.119198e-09	3.866291e+01	3.614117e+02
4.590000e-06	7.384591e-09	3.102019e-09	3.834920e+01	3.583535e+02
4.600000e-06	7.323561e-09	3.081691e-09	3.803227e+01	3.552693e+02
4.610000e-06	7.261818e-09	3.051673e-09	3.771163e+01	3.521594e+02
4.620000e-06	7.199404e-09	3.018842e-09	3.738750e+01	3.490240e+02
4.630000e-06	7.136419e-09	2.988627e-09	3.706041e+01	3.458634e+02
4.640000e-06	7.072897e-09	2.964880e-09	3.673053e+01	3.426778e+02
4.650000e-06	7.008881e-09	2.939904e-09	3.639809e+01	3.394674e+02
4.660000e-06	6.944426e-09	2.914087e-09	3.606337e+01	3.362324e+02
4.670000e-06	6.879528e-09	2.887658e-09	3.572634e+01	3.329731e+02
4.680000e-06	6.814147e-09	2.864337e-09	3.538681e+01	3.296897e+02
4.690000e-06	6.748283e-09	2.839300e-09	3.504477e+01	3.263824e+02
4.700000e-06	6.682005e-09	2.809609e-09	3.470058e+01	3.230516e+02
4.710000e-06	6.615341e-09	2.775653e-09	3.435438e+01	3.196974e+02
4.720000e-06	6.548283e-09	2.744245e-09	3.400614e+01	3.163201e+02
4.730000e-06	6.480797e-09	2.716727e-09	3.365567e+01	3.129198e+02
4.740000e-06	6.412831e-09	2.691234e-09	3.330272e+01	3.094970e+02
4.750000e-06	6.344345e-09	2.662206e-09	3.294706e+01	3.060518e+02
4.760000e-06	6.275295e-09	2.631922e-09	3.258847e+01	3.025844e+02
4.770000e-06	6.205654e-09	2.602869e-09	3.222682e+01	2.990951e+02
4.780000e-06	6.135445e-09	2.577326e-09	3.186222e+01	2.955843e+02
4.790000e-06	6.064734e-09	2.550987e-09	3.149500e+01	2.920520e+02
4.800000e-06	5.993547e-09	2.517928e-09	3.112532e+01	2.884986e+02
4.810000e-06	5.921922e-09	2.481483e-09	3.075336e+01	2.849244e+02
4.820000e-06	5.849923e-09	2.448462e-09	3.037946e+01	2.813295e+02
4.830000e-06	5.777606e-09	2.419721e-09	3.000391e+01	2.777144e+02
4.840000e-06	5.704967e-09	2.391352e-09	2.962668e+01	2.740791e+02
4.850000e-06	5.631963e-09	2.361418e-09	2.924756e+01	2.704240e+02
4.860000e-06	5.558583e-09	2.330741e-09	2.886649e+01	2.667494e+02
4.870000e-06	5.484813e-09	2.303668e-09	2.848339e+01	2.630554e+02
4.880000e-06	5.410631e-09	2.277444e-09	2.809815e+01	2.593425e+02
4.890000e-06	5.336038e-09	2.247840e-09	2.771078e+01	2.556108e+02
4.900000e-06	5.261016e-09	2.213566e-09	2.732118e+01	2.518606e+02
4.910000e-06	5.185536e-09	2.180957e-09	2.692920e+01	2.480922e+02
4.920000e-06	5.109574e-09	2.152262e-09	2.653472e+01	2.443059e+02
4.930000e-06	5.033163e-09	2.125574e-09	2.613791e+01	2.405020e+02
4.940000e-06	4.956317e-09	2.096001e-09	2.573884e+01	2.366806e+02
4.950000e-06	4.879034e-09	2.065517e-09	2.533750e+01	2.328421e+02
4.960000e-06	4.801324e-09	2.035692e-09	2.493394e+01	2.289868e+02
4.970000e-06	4.723207e-09	2.005388e-09	2.452827e+01	2.251150e+02
4.980000e-06	4.644737e-09	1.972233e-09	2.412076e+01	2.212269e+02
4.990000e-06	4.565916e-09	1.938628e-09	2.371144e+01	2.173228e+02
5.000000e-06	4.486751e-09	1.905735e-09	2.330032e+01	2.134030e+02
5.010000e-06	4.407249e-09	1.874362e-09	2.288745e+01	2.094677e+02
5.020000e-06	4.327427e-09	1.843383e-09	2.247293e+01	2.055174e+02
5.030000e-06	4.247337e-09	1.811421e-09	2.205701e+01	2.015522e+02
5.040000e-06	4.166994e-09	1.778652e-09	2.163978e+01	1.975724e+02
5.050000e-06	4.086386e-09	1.746202e-09	2.122117e+01	1.935784e+02
5.060000e-06	4.005502e-09	1.712772e-09	2.080112e+01	1.895703e+02
5.070000e-06	3.924335e-09	1.678219e-09	2.037961e+01	1.855486e+02
5.080000e-06	3.842915e-09	1.643435e-09	1.995679e+01	1.815135e+02
5.090000e-06	3.761255e-09	1.609319e-09	1.953271e+01	1.774653e+02
5.100000e-06	3.679360e-09	1.576128e-09	1.910742e+01	1.734042e+02
5.110000e-06	3.597260e-09	1.543444e-09	1.868106e+01	1.693307e+02
5.120000e-06	3.514968e-09	1.510948e-09	1.825371e+01	1.652449e+02
5.130000e-06	3.432497e-09	1.477815e-09	1.782543e+01	1.611472e+02
5.140000e-06	3.349882e-09	1.445299e-09	1.739640e+01	1.570378e+02
5.150000e-06	3.267092e-09	1.412303e-09	1.696645e+01	1.529171e+02
5.160000e-06	3.184063e-09	1.376627e-09	1.653527e+01	1.487854e+02
5.170000e-06	3.100787e-09	1.339821e-09	1.610281e+01	1.446429e+02
5.180000e-06	3.017264e-09	1.303060e-09	1.566906e+01	1.404900e+02
5.190000e-06	2.933506e-09	1.268409e-09	1.523410e+01	1.363270e+02
5.200000e-06	2.849513e-09	1.236079e-09	1.479790e+01	1.321541e+02
5.210000e-06	2.765280e-09	1.202754e-09	1.436047e+01	1.279718e+02
5.220000e-06	2.680846e-09	1.168121e-09	1.392200e+01	1.237801e+02
5.230000e-06	2.596244e-09	1.134187e-09	1.348265e+01	1.195796e+02
5.240000e-06	2.511452e-09	1.101462e-09	1.304231e+01	1.153704e+02
5.250000e-06	2.426456e-09	1.068928e-09	1.260092e+01	1.111529e+02
5.260000e-06	2.341296e-09	1.033911e-09	1.215867e+01	1.069274e+02
5.270000e-06	2.256003e-09	9.960384e-10	1.171573e+01	1.026942e+02
5.280000e-06	2.170570e-09	9.603327e-10	1.127207e+01	9.845363e+01
5.290000e-06	2.084971e-09	9.274683e-10	1.082754e+01	9.420595e+01
5.300000e-06	1.999187e-09	8.950385e-10	1.038205e+01	8.995149e+01
5.310000e-06	1.913206e-09	8.603501e-10	9.935542e+00	8.569055e+01
5.320000e-06	1.827017e-09	8.250396e-10	9.487951e+00	8.142345e+01
5.330000e-06	1.740625e-09	7.901627e-10	9.039309e+00	7.715049e+01
5.340000e-06	1.654055e-09	7.545348e-10	8.589734e+00	7.287199e+01
5.350000e-06	1.567366e-09	7.167313e-10	8.139550e+00	6.858826e+01
5.360000e-06	1.480602e-09	6.774475e-10	7.688970e+00	6.429960e+01
5.370000e-06	1.393766e-09	6.395765e-10	7.238018e+00	6.000632e+01
5.380000e-06	1.306853e-09	6.056177e-10	6.786667e+00	5.570875e+01
5.390000e-06	1.219865e-09	5.716489e-10	6.334925e+00	5.140718e+01
5.400000e-06	1.132787e-09	5.349304e-10	5.882716e+00	4.710194e+01
5.410000e-06	1.045631e-09	4.968981e-10	5.430101e+00	4.279332e+01
5.420000e-06	9.584122e-10	4.597851e-10	4.977164e+00	3.848166e+01
5.430000e-06	8.710988e-10	4.233812e-10	4.523733e+00	3.416725e+01
5.440000e-06	7.836771e-10	3.884672e-10	4.069739e+00	2.985041e+01
5.450000e-06	6.961655e-10	3.529440e-10	3.615279e+00	2.553145e+01
5.460000e-06	6.086184e-10	3.147871e-10	3.160634e+00	2.121069e+01
5.470000e-06	5.210693e-10	2.762759e-10	2.705979e+00	1.688844e+01
5.480000e-06	4.334896e-10	2.400642e-10	2.251165e+00	1.256501e+01
5.490000e-06	3.458656e-10	2.037239e-10	1.796121e+00	8.240720e+00
5.500000e-06	2.582314e-10	1.649437e-10	1.341024e+00	3.915878e+00
5.510000e-06	1.706060e-10	1.253424e-10	8.859727e-01	-4.092023e-01
5.520000e-06	8.298723e-11	8.762435e-11	4.309557e-01	-4.734206e+00
5.530000e-06	-4.607915e-12	5.262162e-11	-2.393871e-02	-9.058820e+00
5.540000e-06	-9.217050e-11	1.523841e-11	-4.786640e-01	-1.338273e+01
5.550000e-06	-1.797090e-10	-2.513219e-11	-9.332638e-01	-1.770562e+01
5.560000e-06	-2.672294e-10	-6.469086e-11	-1.387770e+00	-2.202719e+01
5.570000e-06	-3.547273e-10	-1.017046e-10	-1.842159e+00	-2.634711e+01
5.580000e-06	-4.422144e-10	-1.388688e-10	-2.296492e+00	-3.066507e+01
5.590000e-06	-5.297102e-10	-1.787459e-10	-2.750870e+00	-3.498077e+01
5.600000e-06	-6.171927e-10	-2.212944e-10	-3.205179e+00	-3.929388e+01
5.610000e-06	-7.046384e-10	-2.621927e-10	-3.659297e+00	-4.360410e+01
5.620000e-06	-7.920232e-10	-2.992756e-10	-4.113099e+00	-4.791111e+01
5.630000e-06	-8.793397e-10	-3.357929e-10	-4.566545e+00	-5.221461e+01
5.640000e-06	-9.665772e-10	-3.761350e-10	-5.019582e+00	-5.651427e+01
5.650000e-06	-1.053694e-09	-4.191898e-10	-5.471991e+00	-6.080979e+01
5.660000e-06	-1.140664e-09	-4.611869e-10	-5.923642e+00	-6.510085e+01
5.670000e-06	-1.227505e-09	-4.995067e-10	-6.374617e+00	-6.938715e+01
5.680000e-06	-1.314236e-09	-5.364837e-10	-6.825026e+00	-7.366838e+01
5.690000e-06	-1.400876e-09	-5.759081e-10	-7.274959e+00	-7.794422e+01
5.700000e-06	-1.487430e-09	-6.160297e-10	-7.724444e+00	-8.221436e+01
5.710000e-06	-1.573859e-09	-6.529016e-10	-8.173281e+00	-8.647850e+01
5.720000e-06	-1.660156e-09	-6.883523e-10	-8.621436e+00	-9.073632e+01
5.730000e-06	-1.746324e-09	-7.275825e-10	-9.068918e+00	-9.498752e+01
5.740000e-06	-1.832348e-09	-7.716249e-10	-9.515654e+00	-9.923179e+01
5.750000e-06	-1.918231e-09	-8.152504e-10	-9.961657e+00	-1.034688e+02
5.760000e-06	-2.003949e-09	-8.536701e-10	-1.040680e+01	-1.076983e+02
5.770000e-06	-2.089466e-09	-8.876563e-10	-1.085090e+01	-1.119199e+02
5.780000e-06	-2.174792e-09	-9.228168e-10	-1.129401e+01	-1.161334e+02
5.790000e-06	-2.259951e-09	-9.622378e-10	-1.173625e+01	-1.203384e+02
5.800000e-06	-2.344934e-09	-1.002758e-09	-1.217758e+01	-1.245347e+02
5.810000e-06	-2.429730e-09	-1.042130e-09	-1.261793e+01	-1.287218e+02
5.820000e-06	-2.514316e-09	-1.079754e-09	-1.305720e+01	-1.328996e+02
5.830000e-06	-2.598700e-09	-1.119527e-09	-1.349542e+01	-1.370677e+02
5.840000e-06	-2.682896e-09	-1.162085e-09	-1.393266e+01	-1.412259e+02
5.850000e-06	-2.766892e-09	-1.201168e-09	-1.436886e+01	-1.453737e+02
5.860000e-06	-2.850691e-09	-1.234664e-09	-1.480404e+01	-1.495110e+02
5.870000e-06	-2.934289e-09	-1.267317e-09	-1.523818e+01	-1.536374e+02
5.880000e-06	-3.017674e-09	-1.304951e-09	-1.567121e+01	-1.577526e+02
5.890000e-06	-3.100851e-09	-1.347274e-09	-1.610316e+01	-1.618563e+02
5.900000e-06	-3.183802e-09	-1.388588e-09	-1.653393e+01	-1.659483e+02
5.910000e-06	-3.266537e-09	-1.425886e-09	-1.696359e+01	-1.700281e+02
5.920000e-06	-3.349070e-09	-1.461830e-09	-1.739220e+01	-1.740956e+02
5.930000e-06	-3.431387e-09	-1.499243e-09	-1.781968e+01	-1.781505e+02
5.940000e-06	-3.513497e-09	-1.538580e-09	-1.824609e+01	-1.821924e+02
5.950000e-06	-3.595374e-09	-1.578076e-09	-1.867129e+01	-1.862210e+02
5.960000e-06	-3.677006e-09	-1.615193e-09	-1.909521e+01	-1.902361e+02
5.970000e-06	-3.758412e-09	-1.649320e-09	-1.951797e+01	-1.942373e+02
5.980000e-06	-3.839576e-09	-1.683386e-09	-1.993946e+01	-1.982245e+02
5.990000e-06	-3.920485e-09	-1.720086e-09	-2.035964e+01	-2.021972e+02
6.000000e-06	-4.001163e-09	-1.758249e-09	-2.077861e+01	-2.061552e+02
6.010000e-06	-4.081608e-09	-1.796800e-09	-2.119637e+01	-2.100982e+02
6.020000e-06	-4.161801e-09	-1.835676e-09	-2.161282e+01	-2.140260e+02
6.030000e-06	-4.241739e-09	-1.876560e-09	-2.202795e+01	-2.179381e+02
6.040000e-06	-4.321389e-09	-1.916451e-09	-2.244158e+01	-2.218345e+02
6.050000e-06	-4.400721e-09	-1.951692e-09	-2.285357e+01	-2.257147e+02
6.060000e-06	-4.479685e-09	-1.983034e-09	-2.326364e+01	-2.295785e+02
6.070000e-06	-4.558240e-09	-2.013287e-09	-2.367159e+01	-2.334257e+02
6.080000e-06	-4.636410e-09	-2.045766e-09	-2.407753e+01	-2.372558e+02
6.090000e-06	-4.714160e-09	-2.081689e-09	-2.448130e+01	-2.410688e+02
6.100000e-06	-4.791475e-09	-2.119590e-09	-2.488281e+01	-2.448642e+02
6.110000e-06	-4.868380e-09	-2.157304e-09	-2.528218e+01	-2.486418e+02
6.120000e-06	-4.944875e-09	-2.195369e-09	-2.567943e+01	-2.524013e+02
6.130000e-06	-5.020951e-09	-2.234088e-09	-2.607450e+01	-2.561425e+02
6.140000e-06	-5.096591e-09	-2.269717e-09	-2.646731e+01	-2.598651e+02
6.150000e-06	-5.171788e-09	-2.301712e-09	-2.685782e+01	-2.635689e+02
6.160000e-06	-5.246589e-09	-2.332415e-09	-2.724627e+01	-2.672534e+02
6.170000e-06	-5.321018e-09	-2.365727e-09	-2.763279e+01	-2.709186e+02
6.180000e-06	-5.395063e-09	-2.401182e-09	-2.801732e+01	-2.745640e+02
6.190000e-06	-5.468734e-09	-2.435281e-09	-2.839990e+01	-2.781896e+02
6.200000e-06	-5.542001e-09	-2.468642e-09	-2.878038e+01	-2.817949e+02
6.210000e-06	-5.614866e-09	-2.503765e-09	-2.915878e+01	-2.853797e+02
6.220000e-06	-5.687376e-09	-2.542779e-09	-2.953534e+01	-2.889438e+02
6.230000e-06	-5.759542e-09	-2.582312e-09	-2.991011e+01	-2.924870e+02
6.240000e-06	-5.831368e-09	-2.615532e-09	-3.028311e+01	-2.960088e+02
6.250000e-06	-5.902826e-09	-2.643495e-09	-3.065420e+01	-2.995092e+02
6.260000e-06	-5.973885e-09	-2.672873e-09	-3.102322e+01	-3.029879e+02
6.270000e-06	-6.044521e-09	-2.705450e-09	-3.139005e+01	-3.064445e+02
6.280000e-06	-6.114673e-09	-2.739302e-09	-3.175436e+01	-3.098788e+02
6.290000e-06	-6.184304e-09	-2.771486e-09	-3.211596e+01	-3.132907e+02
6.300000e-06	-6.253390e-09	-2.805048e-09	-3.247473e+01	-3.166798e+02
6.310000e-06	-6.321942e-09	-2.840242e-09	-3.283073e+01	-3.200459e+02
6.320000e-06	-6.389983e-09	-2.874064e-09	-3.318407e+01	-3.233888e+02
6.330000e-06	-6.457537e-09	-2.902540e-09	-3.353489e+01	-3.267081e+02
6.340000e-06	-6.524641e-09	-2.926684e-09	-3.388337e+01	-3.300038e+02
6.350000e-06	-6.591314e-09	-2.953853e-09	-3.422961e+01	-3.332755e+02
6.360000e-06	-6.657570e-09	-2.987187e-09	-3.457369e+01	-3.365230e+02
6.370000e-06	-6.723406e-09	-3.021954e-09	-3.491559e+01	-3.397460e+02
6.380000e-06	-6.788805e-09	-3.052036e-09	-3.525521e+01	-3.429444e+02
6.390000e-06	-6.853741e-09	-3.076306e-09	-3.559244e+01	-3.461179e+02
6.400000e-06	-6.918234e-09	-3.101653e-09	-3.592736e+01	-3.492662e+02
6.410000e-06	-6.982313e-09	-3.130806e-09	-3.626013e+01	-3.523892e+02
6.420000e-06	-7.045959e-09	-3.160006e-09	-3.659065e+01	-3.554866e+02
6.430000e-06	-7.109146e-09	-3.186501e-09	-3.691879e+01	-3.585582e+02
6.440000e-06	-7.171809e-09	-3.212995e-09	-3.724421e+01	-3.616038e+02
6.450000e-06	-7.233875e-09	-3.243611e-09	-3.756652e+01	-3.646231e+02
6.460000e-06	-7.295308e-09	-3.274434e-09	-3.788555e+01	-3.676159e+02
6.470000e-06	-7.356094e-09	-3.299394e-09	-3.820122e+01	-3.705820e+02
6.480000e-06	-7.416265e-09	-3.319680e-09	-3.851370e+01	-3.735213e+02
6.490000e-06	-7.475894e-09	-3.342920e-09	-3.882336e+01	-3.764334e+02
6.500000e-06	-7.535041e-09	-3.372572e-09	-3.913052e+01	-3.793182e+02
6.510000e-06	-7.593745e-09	-3.404252e-09	-3.943538e+01	-3.821754e+02
6.520000e-06	-7.651982e-09	-3.431123e-09	-3.973781e+01	-3.850049e+02
6.530000e-06	-7.709693e-09	-3.452706e-09	-4.003751e+01	-3.878065e+02
6.540000e-06	-7.766852e-09	-3.473586e-09	-4.033435e+01	-3.905798e+02
6.550000e-06	-7.823463e-09	-3.496797e-09	-4.062833e+01	-3.933249e+02
6.560000e-06	-7.879570e-09	-3.520517e-09	-4.091971e+01	-3.960414e+02
6.570000e-06	-7.935201e-09	-3.543716e-09	-4.120861e+01	-3.987291e+02
6.580000e-06	-7.990286e-09	-3.567259e-09	-4.149467e+01	-4.013879e+02
6.590000e-06	-8.044738e-09	-3.591882e-09	-4.177744e+01	-4.040176e+02
6.600000e-06	-8.098471e-09	-3.615877e-09	-4.205649e+01	-4.066179e+02
6.610000e-06	-8.151409e-09	-3.637367e-09	-4.233140e+01	-4.091887e+02
6.620000e-06	-8.203592e-09	-3.656832e-09	-4.260239e+01	-4.117298e+02
6.630000e-06	-8.255097e-09	-3.677819e-09	-4.286987e+01	-4.142410e+02
6.640000e-06	-8.305959e-09	-3.701256e-09	-4.313400e+01	-4.167222e+02
6.650000e-06	-8.356193e-09	-3.725097e-09	-4.339487e+01	-4.191731e+02
6.660000e-06	-8.405764e-09	-3.747536e-09	-4.365230e+01	-4.215936e+02
6.670000e-06	-8.454590e-09	-3.767231e-09	-4.390586e+01	-4.239834e+02
6.680000e-06	-8.502595e-09	-3.786536e-09	-4.415516e+01	-4.263425e+02
6.690000e-06	-8.549793e-09	-3.807097e-09	-4.440026e+01	-4.286707e+02
6.700000e-06	-8.596265e-09	-3.828263e-09	-4.464160e+01	-4.309677e+02
6.710000e-06	-8.642164e-09	-3.847806e-09	-4.487996e+01	-4.332335e+02
6.720000e-06	-8.687591e-09	-3.864709e-09	-4.511587e+01	-4.354678e+02
6.730000e-06	-8.732514e-09	-3.881473e-09	-4.534916e+01	-4.376705e+02
6.740000e-06	-8.776900e-09	-3.898987e-09	-4.557966e+01	-4.398414e+02
6.750000e-06	-8.820761e-09	-3.915555e-09	-4.580744e+01	-4.419804e+02
6.760000e-06	-8.864143e-09	-3.931396e-09	-4.603273e+01	-4.440874e+02
6.770000e-06	-8.907033e-09	-3.948880e-09	-4.625546e+01	-4.461621e+02
6.780000e-06	-8.949373e-09	-3.968366e-09	-4.647534e+01	-4.482044e+02
6.790000e-06	-8.991147e-09	-3.987469e-09	-4.669228e+01	-4.502141e+02
6.800000e-06	-9.032328e-09	-4.003169e-09	-4.690613e+01	-4.521913e+02
6.810000e-06	-9.072910e-09	-4.015993e-09	-4.711688e+01	-4.541355e+02
6.820000e-06	-9.112926e-09	-4.029427e-09	-4.732469e+01	-4.560469e+02
6.830000e-06	-9.152411e-09	-4.045132e-09	-4.752974e+01	-4.579251e+02
6.840000e-06	-9.191318e-09	-4.060627e-09	-4.773179e+01	-4.597701e+02
6.850000e-06	-9.229489e-09	-4.074179e-09	-4.793002e+01	-4.615817e+02
6.860000e-06	-9.266789e-09	-4.087557e-09	-4.812373e+01	-4.633598e+02
6.870000e-06	-9.303226e-09	-4.099880e-09	-4.831295e+01	-4.651043e+02
6.880000e-06	-9.338973e-09	-4.111031e-09	-4.849858e+01	-4.668151e+02
6.890000e-06	-9.374167e-09	-4.122707e-09	-4.868135e+01	-4.684919e+02
6.900000e-06	-9.408764e-09	-4.136371e-09	-4.886102e+01	-4.701348e+02
6.910000e-06	-9.442709e-09	-4.151433e-09	-4.903730e+01	-4.717435e+02
6.920000e-06	-9.476007e-09	-4.165169e-09	-4.921022e+01	-4.733180e+02
6.930000e-06	-9.508666e-09	-4.176973e-09	-4.937983e+01	-4.748582e+02
6.940000e-06	-9.540722e-09	-4.186497e-09	-4.954630e+01	-4.763638e+02
6.950000e-06	-9.572236e-09	-4.196774e-09	-4.970996e+01	-4.778350e+02
6.960000e-06	-9.603168e-09	-4.207732e-09	-4.987059e+01	-4.792714e+02
6.970000e-06	-9.633296e-09	-4.217442e-09	-5.002705e+01	-4.806731e+02
6.980000e-06	-9.662430e-09	-4.227433e-09	-5.017834e+01	-4.820398e+02
6.990000e-06	-9.690669e-09	-4.238897e-09	-5.032499e+01	-4.833716e+02
7.000000e-06	-9.718261e-09	-4.251318e-09	-5.046828e+01	-4.846683e+02
7.010000e-06	-9.745295e-09	-4.262363e-09	-5.060867e+01	-4.859299e+02
7.020000e-06	-9.771696e-09	-4.269906e-09	-5.074578e+01	-4.871561e+02
7.030000e-06	-9.797391e-09	-4.275011e-09	-5.087921e+01	-4.883470e+02
7.040000e-06	-9.822373e-09	-4.281874e-09	-5.100895e+01	-4.895025e+02
7.050000e-06	-9.846676e-09	-4.291625e-09	-5.113516e+01	-4.906225e+02
7.060000e-06	-9.870407e-09	-4.301162e-09	-5.125840e+01	-4.917068e+02
7.070000e-06	-9.893641e-09	-4.308635e-09	-5.137905e+01	-4.927555e+02
7.080000e-06	-9.916209e-09	-4.314167e-09	-5.149625e+01	-4.937684e+02
7.090000e-06	-9.937860e-09	-4.319409e-09	-5.160869e+01	-4.947455e+02
7.100000e-06	-9.958526e-09	-4.325219e-09	-5.171601e+01	-4.956866e+02
7.110000e-06	-9.978397e-09	-4.330485e-09	-5.181920e+01	-4.965918e+02
7.120000e-06	-9.997705e-09	-4.334101e-09	-5.191947e+01	-4.974610e+02
7.130000e-06	-1.001643e-08	-4.337385e-09	-5.201672e+01	-4.982940e+02
7.140000e-06	-1.003447e-08	-4.343571e-09	-5.211040e+01	-4.990909e+02
7.150000e-06	-1.005183e-08	-4.352044e-09	-5.220057e+01	-4.998516e+02
7.160000e-06	-1.006850e-08	-4.359306e-09	-5.228714e+01	-5.005760e+02
7.170000e-06	-1.008452e-08	-4.362464e-09	-5.237030e+01	-5.012641e+02
7.180000e-06	-1.009999e-08	-4.363564e-09	-5.245068e+01	-5.019158e+02
7.190000e-06	-1.011483e-08	-4.365583e-09	-5.252770e+01	-5.025311e+02
7.200000e-06	-1.012864e-08	-4.369503e-09	-5.259943e+01	-5.031099e+02
7.210000e-06	-1.014130e-08	-4.372837e-09	-5.266517e+01	-5.036522e+02
7.220000e-06	-1.015307e-08	-4.374823e-09	-5.272629e+01	-5.041579e+02
7.230000e-06	-1.016416e-08	-4.377466e-09	-5.278388e+01	-5.046271e+02
7.240000e-06	-1.017456e-08	-4.382089e-09	-5.283789e+01	-5.050596e+02
7.250000e-06	-1.018425e-08	-4.385714e-09	-5.288822e+01	-5.054555e+02
7.260000e-06	-1.019326e-08	-4.385547e-09	-5.293503e+01	-5.058147e+02
7.270000e-06	-1.020158e-08	-4.382782e-09	-5.297820e+01	-5.061372e+02
7.280000e-06	-1.020928e-08	-4.380861e-09	-5.301819e+01	-5.064230e+02
7.290000e-06	-1.021644e-08	-4.381660e-09	-5.305537e+01	-5.066721e+02
7.300000e-06	-1.022284e-08	-4.383754e-09	-5.308864e+01	-5.068843e+02
7.310000e-06	-1.022823e-08	-4.385582e-09	-5.311661e+01	-5.070598e+02
7.320000e-06	-1.023264e-08	-4.385913e-09	-5.313951e+01	-5.071985e+02
7.330000e-06	-1.023634e-08	-4.385167e-09	-5.315875e+01	-5.073004e+02
7.340000e-06	-1.023951e-08	-4.385190e-09	-5.317518e+01	-5.073654e+02
7.350000e-06	-1.024206e-08	-4.385645e-09	-5.318843e+01	-5.073937e+02
7.360000e-06	-1.024393e-08	-4.383599e-09	-5.319814e+01	-5.073851e+02
7.370000e-06	-1.024517e-08	-4.379388e-09	-5.320459e+01	-5.073397e+02
7.380000e-06	-1.024566e-08	-4.375150e-09	-5.320715e+01	-5.072575e+02
