# Temperatura_=_20.0
# Concentracion g/m^3_=_10000.0
# C_Vs_to_Am_M_A/Vsm_=_116720831517.84952
# pendiente_HvsI_1/m_=_3716.3
# ordenada_HvsI_A/m_=_1297.0
# frecuencia_Hz_=_198225.88340187792
# Promedio de 24 ciclos

Tiempo_(s)	Campo_(V.s)	Magnetizacion_(V.s)	Campo_(kA/m)	Magnetizacion_(A/m)
0.000000e+00	-1.049448e-08	-4.671727e-09	-4.578822e+01	-5.465234e+02
1.000000e-08	-1.049359e-08	-4.671243e-09	-4.578434e+01	-5.463048e+02
2.000000e-08	-1.049101e-08	-4.668579e-09	-4.577307e+01	-5.460013e+02
3.000000e-08	-1.048678e-08	-4.664636e-09	-4.575464e+01	-5.456131e+02
4.000000e-08	-1.048119e-08	-4.663129e-09	-4.573025e+01	-5.451401e+02
5.000000e-08	-1.047420e-08	-4.656916e-09	-4.569975e+01	-5.445825e+02
6.000000e-08	-1.046582e-08	-4.645489e-09	-4.566316e+01	-5.439403e+02
7.000000e-08	-1.045581e-08	-4.626219e-09	-4.561952e+01	-5.432136e+02
8.000000e-08	-1.044397e-08	-4.606383e-09	-4.556786e+01	-5.424027e+02
9.000000e-08	-1.043024e-08	-4.636804e-09	-4.550795e+01	-5.415074e+02
1.000000e-07	-1.041426e-08	-4.668467e-09	-4.543822e+01	-5.405281e+02
1.100000e-07	-1.039617e-08	-4.638411e-09	-4.535928e+01	-5.394649e+02
1.200000e-07	-1.037659e-08	-4.625391e-09	-4.527388e+01	-5.383179e+02
1.300000e-07	-1.035582e-08	-4.592540e-09	-4.518326e+01	-5.370873e+02
1.400000e-07	-1.033398e-08	-4.501349e-09	-4.508796e+01	-5.357733e+02
1.500000e-07	-1.031100e-08	-4.560372e-09	-4.498770e+01	-5.343762e+02
1.600000e-07	-1.028655e-08	-4.577261e-09	-4.488103e+01	-5.328960e+02
1.700000e-07	-1.026046e-08	-4.475609e-09	-4.476718e+01	-5.313331e+02
1.800000e-07	-1.023280e-08	-4.565802e-09	-4.464651e+01	-5.296877e+02
1.900000e-07	-1.020358e-08	-4.531351e-09	-4.451902e+01	-5.279600e+02
2.000000e-07	-1.017310e-08	-4.484667e-09	-4.438603e+01	-5.261504e+02
2.100000e-07	-1.014139e-08	-4.533490e-09	-4.424768e+01	-5.242590e+02
2.200000e-07	-1.010808e-08	-4.444753e-09	-4.410234e+01	-5.222863e+02
2.300000e-07	-1.007306e-08	-4.430786e-09	-4.394956e+01	-5.202324e+02
2.400000e-07	-1.003638e-08	-4.456054e-09	-4.378949e+01	-5.180978e+02
2.500000e-07	-9.998154e-09	-4.424958e-09	-4.362273e+01	-5.158827e+02
2.600000e-07	-9.958385e-09	-4.436064e-09	-4.344921e+01	-5.135875e+02
2.700000e-07	-9.917022e-09	-4.380813e-09	-4.326874e+01	-5.112125e+02
2.800000e-07	-9.874030e-09	-4.347163e-09	-4.308116e+01	-5.087582e+02
2.900000e-07	-9.829417e-09	-4.328770e-09	-4.288651e+01	-5.062248e+02
3.000000e-07	-9.783270e-09	-4.320955e-09	-4.268517e+01	-5.036129e+02
3.100000e-07	-9.735456e-09	-4.319133e-09	-4.247656e+01	-5.009227e+02
3.200000e-07	-9.685836e-09	-4.267862e-09	-4.226006e+01	-4.981547e+02
3.300000e-07	-9.634356e-09	-4.272581e-09	-4.203545e+01	-4.953094e+02
3.400000e-07	-9.581073e-09	-4.220127e-09	-4.180298e+01	-4.923872e+02
3.500000e-07	-9.526322e-09	-4.192150e-09	-4.156409e+01	-4.893885e+02
3.600000e-07	-9.470131e-09	-4.172020e-09	-4.131893e+01	-4.863138e+02
3.700000e-07	-9.412406e-09	-4.119274e-09	-4.106707e+01	-4.831636e+02
3.800000e-07	-9.353045e-09	-4.119438e-09	-4.080807e+01	-4.799384e+02
3.900000e-07	-9.292099e-09	-4.107281e-09	-4.054216e+01	-4.766386e+02
4.000000e-07	-9.229831e-09	-4.079470e-09	-4.027048e+01	-4.732648e+02
4.100000e-07	-9.166270e-09	-4.044904e-09	-3.999316e+01	-4.698175e+02
4.200000e-07	-9.101421e-09	-3.995042e-09	-3.971022e+01	-4.662972e+02
4.300000e-07	-9.035096e-09	-3.973698e-09	-3.942084e+01	-4.627045e+02
4.400000e-07	-8.967155e-09	-3.943725e-09	-3.912440e+01	-4.590400e+02
4.500000e-07	-8.897814e-09	-3.925712e-09	-3.882187e+01	-4.553041e+02
4.600000e-07	-8.827248e-09	-3.886681e-09	-3.851398e+01	-4.514976e+02
4.700000e-07	-8.755497e-09	-3.847374e-09	-3.820093e+01	-4.476209e+02
4.800000e-07	-8.682419e-09	-3.814619e-09	-3.788208e+01	-4.436747e+02
4.900000e-07	-8.607919e-09	-3.774616e-09	-3.755703e+01	-4.396596e+02
5.000000e-07	-8.531904e-09	-3.743549e-09	-3.722538e+01	-4.355762e+02
5.100000e-07	-8.454326e-09	-3.712092e-09	-3.688690e+01	-4.314252e+02
5.200000e-07	-8.375284e-09	-3.679019e-09	-3.654203e+01	-4.272072e+02
5.300000e-07	-8.294837e-09	-3.652414e-09	-3.619104e+01	-4.229228e+02
5.400000e-07	-8.213088e-09	-3.610639e-09	-3.583436e+01	-4.185727e+02
5.500000e-07	-8.130160e-09	-3.566924e-09	-3.547254e+01	-4.141576e+02
5.600000e-07	-8.046152e-09	-3.519081e-09	-3.510600e+01	-4.096781e+02
5.700000e-07	-7.961050e-09	-3.477057e-09	-3.473470e+01	-4.051351e+02
5.800000e-07	-7.874862e-09	-3.446128e-09	-3.435865e+01	-4.005291e+02
5.900000e-07	-7.787596e-09	-3.410036e-09	-3.397791e+01	-3.958609e+02
6.000000e-07	-7.699182e-09	-3.377332e-09	-3.359215e+01	-3.911312e+02
6.100000e-07	-7.609529e-09	-3.331138e-09	-3.320098e+01	-3.863407e+02
6.200000e-07	-7.518576e-09	-3.287529e-09	-3.280415e+01	-3.814902e+02
6.300000e-07	-7.426309e-09	-3.240006e-09	-3.240158e+01	-3.765805e+02
6.400000e-07	-7.332859e-09	-3.194766e-09	-3.199386e+01	-3.716122e+02
6.500000e-07	-7.238361e-09	-3.153150e-09	-3.158155e+01	-3.665863e+02
6.600000e-07	-7.142785e-09	-3.108720e-09	-3.116455e+01	-3.615033e+02
6.700000e-07	-7.046048e-09	-3.064774e-09	-3.074248e+01	-3.563643e+02
6.800000e-07	-6.948132e-09	-3.018655e-09	-3.031526e+01	-3.511698e+02
6.900000e-07	-6.849056e-09	-2.967595e-09	-2.988299e+01	-3.459208e+02
7.000000e-07	-6.748812e-09	-2.917788e-09	-2.944561e+01	-3.406180e+02
7.100000e-07	-6.647469e-09	-2.867378e-09	-2.900345e+01	-3.352624e+02
7.200000e-07	-6.545157e-09	-2.825552e-09	-2.855705e+01	-3.298546e+02
7.300000e-07	-6.441908e-09	-2.780910e-09	-2.810657e+01	-3.243956e+02
7.400000e-07	-6.337675e-09	-2.735259e-09	-2.765179e+01	-3.188861e+02
7.500000e-07	-6.232428e-09	-2.682698e-09	-2.719259e+01	-3.133272e+02
7.600000e-07	-6.126186e-09	-2.627089e-09	-2.672905e+01	-3.077195e+02
7.700000e-07	-6.018976e-09	-2.571015e-09	-2.626129e+01	-3.020640e+02
7.800000e-07	-5.910787e-09	-2.519032e-09	-2.578925e+01	-2.963616e+02
7.900000e-07	-5.801688e-09	-2.470792e-09	-2.531324e+01	-2.906131e+02
8.000000e-07	-5.691820e-09	-2.423847e-09	-2.483388e+01	-2.848194e+02
8.100000e-07	-5.581214e-09	-2.376615e-09	-2.435130e+01	-2.789815e+02
8.200000e-07	-5.469797e-09	-2.329080e-09	-2.386518e+01	-2.731002e+02
8.300000e-07	-5.357534e-09	-2.276610e-09	-2.337537e+01	-2.671765e+02
8.400000e-07	-5.244417e-09	-2.222188e-09	-2.288183e+01	-2.612112e+02
8.500000e-07	-5.130464e-09	-2.164840e-09	-2.238464e+01	-2.552053e+02
8.600000e-07	-5.015685e-09	-2.110762e-09	-2.188385e+01	-2.491598e+02
8.700000e-07	-4.900052e-09	-2.059830e-09	-2.137934e+01	-2.430755e+02
8.800000e-07	-4.783538e-09	-2.010013e-09	-2.087098e+01	-2.369534e+02
8.900000e-07	-4.666202e-09	-1.959872e-09	-2.035903e+01	-2.307945e+02
9.000000e-07	-4.548177e-09	-1.906189e-09	-1.984408e+01	-2.245997e+02
9.100000e-07	-4.429525e-09	-1.851331e-09	-1.932639e+01	-2.183700e+02
9.200000e-07	-4.310192e-09	-1.793760e-09	-1.880574e+01	-2.121063e+02
9.300000e-07	-4.190139e-09	-1.736139e-09	-1.828193e+01	-2.058096e+02
9.400000e-07	-4.069413e-09	-1.678445e-09	-1.775520e+01	-1.994809e+02
9.500000e-07	-3.948036e-09	-1.621734e-09	-1.722562e+01	-1.931212e+02
9.600000e-07	-3.826008e-09	-1.565415e-09	-1.669321e+01	-1.867314e+02
9.700000e-07	-3.703383e-09	-1.509090e-09	-1.615818e+01	-1.803126e+02
9.800000e-07	-3.580171e-09	-1.451390e-09	-1.562060e+01	-1.738657e+02
9.900000e-07	-3.456355e-09	-1.393950e-09	-1.508038e+01	-1.673918e+02
1.000000e-06	-3.331908e-09	-1.336768e-09	-1.453741e+01	-1.608918e+02
1.010000e-06	-3.206851e-09	-1.281768e-09	-1.399178e+01	-1.543668e+02
1.020000e-06	-3.081274e-09	-1.223056e-09	-1.344387e+01	-1.478177e+02
1.030000e-06	-2.955252e-09	-1.163765e-09	-1.289403e+01	-1.412457e+02
1.040000e-06	-2.828838e-09	-1.103485e-09	-1.234248e+01	-1.346516e+02
1.050000e-06	-2.702028e-09	-1.043828e-09	-1.178919e+01	-1.280365e+02
1.060000e-06	-2.574791e-09	-9.844351e-10	-1.123405e+01	-1.214015e+02
1.070000e-06	-2.447124e-09	-9.260208e-10	-1.067703e+01	-1.147476e+02
1.080000e-06	-2.319066e-09	-8.685675e-10	-1.011830e+01	-1.080758e+02
1.090000e-06	-2.190653e-09	-8.113834e-10	-9.558028e+00	-1.013872e+02
1.100000e-06	-2.061928e-09	-7.522404e-10	-8.996389e+00	-9.468268e+01
1.110000e-06	-1.932917e-09	-6.911058e-10	-8.433507e+00	-8.796344e+01
1.120000e-06	-1.803636e-09	-6.303060e-10	-7.869442e+00	-8.123046e+01
1.130000e-06	-1.674114e-09	-5.736535e-10	-7.304329e+00	-7.448479e+01
1.140000e-06	-1.544382e-09	-5.178268e-10	-6.738298e+00	-6.772749e+01
1.150000e-06	-1.414448e-09	-4.602854e-10	-6.171385e+00	-6.095959e+01
1.160000e-06	-1.284325e-09	-4.001602e-10	-5.603647e+00	-5.418214e+01
1.170000e-06	-1.154059e-09	-3.395074e-10	-5.035287e+00	-4.739620e+01
1.180000e-06	-1.023676e-09	-2.814233e-10	-4.466416e+00	-4.060283e+01
1.190000e-06	-8.931668e-10	-2.252591e-10	-3.896996e+00	-3.380306e+01
1.200000e-06	-7.625337e-10	-1.683519e-10	-3.327034e+00	-2.699797e+01
1.210000e-06	-6.318152e-10	-1.104881e-10	-2.756699e+00	-2.018860e+01
1.220000e-06	-5.010327e-10	-5.181503e-11	-2.186085e+00	-1.337601e+01
1.230000e-06	-3.701881e-10	6.013696e-12	-1.615200e+00	-6.561257e+00
1.240000e-06	-2.393044e-10	6.522283e-11	-1.044145e+00	2.546007e-01
1.250000e-06	-1.083943e-10	1.269759e-10	-4.729743e-01	7.070507e+00
1.260000e-06	2.254402e-11	1.877734e-10	9.831964e-02	1.388541e+01
1.270000e-06	1.534940e-10	2.460640e-10	6.696640e-01	2.069824e+01
1.280000e-06	2.844381e-10	3.029563e-10	1.240983e+00	2.750795e+01
1.290000e-06	4.153628e-10	3.609096e-10	1.812217e+00	3.431348e+01
1.300000e-06	5.462477e-10	4.202414e-10	2.383278e+00	4.111377e+01
1.310000e-06	6.770782e-10	4.807733e-10	2.954101e+00	4.790778e+01
1.320000e-06	8.078498e-10	5.395088e-10	3.524667e+00	5.469444e+01
1.330000e-06	9.385348e-10	5.984801e-10	4.094856e+00	6.147271e+01
1.340000e-06	1.069095e-09	6.585155e-10	4.664502e+00	6.824153e+01
1.350000e-06	1.199528e-09	7.193312e-10	5.233590e+00	7.499985e+01
1.360000e-06	1.329806e-09	7.787695e-10	5.802003e+00	8.174663e+01
1.370000e-06	1.459877e-09	8.358194e-10	6.369514e+00	8.848082e+01
1.380000e-06	1.589735e-09	8.919215e-10	6.936091e+00	9.520137e+01
1.390000e-06	1.719366e-09	9.504965e-10	7.501682e+00	1.019072e+02
1.400000e-06	1.848757e-09	1.010576e-09	8.066228e+00	1.085974e+02
1.410000e-06	1.977892e-09	1.068174e-09	8.629653e+00	1.152708e+02
1.420000e-06	2.106716e-09	1.122772e-09	9.191723e+00	1.219264e+02
1.430000e-06	2.235191e-09	1.178848e-09	9.752267e+00	1.285632e+02
1.440000e-06	2.363278e-09	1.236634e-09	1.031112e+01	1.351801e+02
1.450000e-06	2.490956e-09	1.295498e-09	1.086819e+01	1.417761e+02
1.460000e-06	2.618196e-09	1.353366e-09	1.142335e+01	1.483503e+02
1.470000e-06	2.745010e-09	1.408530e-09	1.197665e+01	1.549015e+02
1.480000e-06	2.871440e-09	1.463245e-09	1.252827e+01	1.614288e+02
1.490000e-06	2.997482e-09	1.520895e-09	1.307821e+01	1.679311e+02
1.500000e-06	3.123102e-09	1.579309e-09	1.362630e+01	1.744074e+02
1.510000e-06	3.248249e-09	1.633265e-09	1.417232e+01	1.808568e+02
1.520000e-06	3.372860e-09	1.683654e-09	1.471601e+01	1.872783e+02
1.530000e-06	3.496882e-09	1.735486e-09	1.525712e+01	1.936708e+02
1.540000e-06	3.620292e-09	1.792505e-09	1.579557e+01	2.000333e+02
1.550000e-06	3.743101e-09	1.850481e-09	1.633140e+01	2.063649e+02
1.560000e-06	3.865313e-09	1.904824e-09	1.686462e+01	2.126645e+02
1.570000e-06	3.986923e-09	1.955854e-09	1.739521e+01	2.189313e+02
1.580000e-06	4.107928e-09	2.007508e-09	1.792317e+01	2.251642e+02
1.590000e-06	4.228276e-09	2.062368e-09	1.844826e+01	2.313622e+02
1.600000e-06	4.347930e-09	2.116706e-09	1.897032e+01	2.375245e+02
1.610000e-06	4.466899e-09	2.166494e-09	1.948938e+01	2.436499e+02
1.620000e-06	4.585219e-09	2.213308e-09	2.000562e+01	2.497377e+02
1.630000e-06	4.702867e-09	2.263159e-09	2.051893e+01	2.557869e+02
1.640000e-06	4.819760e-09	2.317755e-09	2.102895e+01	2.617964e+02
1.650000e-06	4.935842e-09	2.371884e-09	2.153542e+01	2.677655e+02
1.660000e-06	5.051091e-09	2.421195e-09	2.203826e+01	2.736930e+02
1.670000e-06	5.165512e-09	2.466172e-09	2.253749e+01	2.795783e+02
1.680000e-06	5.279101e-09	2.513045e-09	2.303308e+01	2.854202e+02
1.690000e-06	5.391852e-09	2.564613e-09	2.352503e+01	2.912179e+02
1.700000e-06	5.503740e-09	2.616763e-09	2.401320e+01	2.969706e+02
1.710000e-06	5.614786e-09	2.663873e-09	2.449771e+01	3.026773e+02
1.720000e-06	5.725076e-09	2.707154e-09	2.497891e+01	3.083371e+02
1.730000e-06	5.834628e-09	2.751708e-09	2.545689e+01	3.139492e+02
1.740000e-06	5.943357e-09	2.800110e-09	2.593129e+01	3.195127e+02
1.750000e-06	6.051134e-09	2.847875e-09	2.640153e+01	3.250267e+02
1.760000e-06	6.157903e-09	2.890844e-09	2.686737e+01	3.304904e+02
1.770000e-06	6.263689e-09	2.931847e-09	2.732892e+01	3.359029e+02
1.780000e-06	6.368452e-09	2.976326e-09	2.778601e+01	3.412634e+02
1.790000e-06	6.472130e-09	3.024256e-09	2.823837e+01	3.465711e+02
1.800000e-06	6.574794e-09	3.068992e-09	2.868630e+01	3.518250e+02
1.810000e-06	6.676505e-09	3.107402e-09	2.913007e+01	3.570245e+02
1.820000e-06	6.777200e-09	3.144840e-09	2.956941e+01	3.621687e+02
1.830000e-06	6.876766e-09	3.185827e-09	3.000383e+01	3.672568e+02
1.840000e-06	6.975170e-09	3.229552e-09	3.043317e+01	3.722881e+02
1.850000e-06	7.072409e-09	3.271549e-09	3.085743e+01	3.772616e+02
1.860000e-06	7.168432e-09	3.309169e-09	3.127639e+01	3.821768e+02
1.870000e-06	7.263303e-09	3.346458e-09	3.169031e+01	3.870327e+02
1.880000e-06	7.357153e-09	3.386272e-09	3.209979e+01	3.918287e+02
1.890000e-06	7.450002e-09	3.426085e-09	3.250490e+01	3.965640e+02
1.900000e-06	7.541725e-09	3.462254e-09	3.290509e+01	4.012379e+02
1.910000e-06	7.632239e-09	3.494808e-09	3.330001e+01	4.058496e+02
1.920000e-06	7.721509e-09	3.528318e-09	3.368950e+01	4.103985e+02
1.930000e-06	7.809506e-09	3.565244e-09	3.407345e+01	4.148838e+02
1.940000e-06	7.896333e-09	3.602191e-09	3.445227e+01	4.193049e+02
1.950000e-06	7.982099e-09	3.636439e-09	3.482648e+01	4.236609e+02
1.960000e-06	8.066804e-09	3.668690e-09	3.519606e+01	4.279514e+02
1.970000e-06	8.150389e-09	3.701101e-09	3.556075e+01	4.321755e+02
1.980000e-06	8.232776e-09	3.734489e-09	3.592021e+01	4.363328e+02
1.990000e-06	8.313884e-09	3.768068e-09	3.627408e+01	4.404224e+02
2.000000e-06	8.393684e-09	3.800045e-09	3.662226e+01	4.444438e+02
2.010000e-06	8.472193e-09	3.830213e-09	3.696480e+01	4.483963e+02
2.020000e-06	8.549428e-09	3.859851e-09	3.730179e+01	4.522794e+02
2.030000e-06	8.625304e-09	3.889710e-09	3.763284e+01	4.560924e+02
2.040000e-06	8.699705e-09	3.918538e-09	3.795745e+01	4.598347e+02
2.050000e-06	8.772619e-09	3.945614e-09	3.827559e+01	4.635058e+02
2.060000e-06	8.844134e-09	3.972016e-09	3.858761e+01	4.671051e+02
2.070000e-06	8.914353e-09	4.001274e-09	3.889398e+01	4.706321e+02
2.080000e-06	8.983304e-09	4.032613e-09	3.919482e+01	4.740861e+02
2.090000e-06	9.050900e-09	4.062642e-09	3.948975e+01	4.774667e+02
2.100000e-06	9.117003e-09	4.088293e-09	3.977816e+01	4.807733e+02
2.110000e-06	9.181611e-09	4.110737e-09	4.006005e+01	4.840054e+02
2.120000e-06	9.244829e-09	4.132851e-09	4.033588e+01	4.871625e+02
2.130000e-06	9.306746e-09	4.154565e-09	4.060603e+01	4.902441e+02
2.140000e-06	9.367412e-09	4.177358e-09	4.087072e+01	4.932498e+02
2.150000e-06	9.426675e-09	4.201748e-09	4.112929e+01	4.961791e+02
2.160000e-06	9.484315e-09	4.226067e-09	4.138078e+01	4.990315e+02
2.170000e-06	9.540366e-09	4.249971e-09	4.162533e+01	5.018065e+02
2.180000e-06	9.594932e-09	4.271261e-09	4.186340e+01	5.045038e+02
2.190000e-06	9.647942e-09	4.289399e-09	4.209469e+01	5.071230e+02
2.200000e-06	9.699173e-09	4.306637e-09	4.231822e+01	5.096636e+02
2.210000e-06	9.748573e-09	4.323755e-09	4.253376e+01	5.121252e+02
2.220000e-06	9.796365e-09	4.344023e-09	4.274227e+01	5.145074e+02
2.230000e-06	9.842716e-09	4.365398e-09	4.294451e+01	5.168100e+02
2.240000e-06	9.887719e-09	4.385933e-09	4.314086e+01	5.190324e+02
2.250000e-06	9.931277e-09	4.403107e-09	4.333091e+01	5.211745e+02
2.260000e-06	9.973151e-09	4.417869e-09	4.351361e+01	5.232358e+02
2.270000e-06	1.001344e-08	4.432425e-09	4.368939e+01	5.252160e+02
2.280000e-06	1.005230e-08	4.445917e-09	4.385895e+01	5.271148e+02
2.290000e-06	1.008975e-08	4.460546e-09	4.402236e+01	5.289319e+02
2.300000e-06	1.012580e-08	4.475288e-09	4.417963e+01	5.306671e+02
2.310000e-06	1.016020e-08	4.489294e-09	4.432973e+01	5.323201e+02
2.320000e-06	1.019293e-08	4.503563e-09	4.447253e+01	5.338906e+02
2.330000e-06	1.022420e-08	4.516398e-09	4.460897e+01	5.353784e+02
2.340000e-06	1.025406e-08	4.528191e-09	4.473924e+01	5.367832e+02
2.350000e-06	1.028255e-08	4.538285e-09	4.486356e+01	5.381048e+02
2.360000e-06	1.030942e-08	4.547851e-09	4.498079e+01	5.393430e+02
2.370000e-06	1.033448e-08	4.557583e-09	4.509011e+01	5.404977e+02
2.380000e-06	1.035793e-08	4.566998e-09	4.519244e+01	5.415686e+02
2.390000e-06	1.037991e-08	4.575619e-09	4.528831e+01	5.425557e+02
2.400000e-06	1.040051e-08	4.582963e-09	4.537823e+01	5.434586e+02
2.410000e-06	1.041969e-08	4.590815e-09	4.546192e+01	5.442773e+02
2.420000e-06	1.043723e-08	4.598151e-09	4.553843e+01	5.450117e+02
2.430000e-06	1.045304e-08	4.603180e-09	4.560743e+01	5.456616e+02
2.440000e-06	1.046715e-08	4.607152e-09	4.566899e+01	5.462270e+02
2.450000e-06	1.047953e-08	4.612534e-09	4.572300e+01	5.467078e+02
2.460000e-06	1.049000e-08	4.618808e-09	4.576866e+01	5.471038e+02
2.470000e-06	1.049866e-08	4.624524e-09	4.580644e+01	5.474150e+02
2.480000e-06	1.050575e-08	4.628811e-09	4.583738e+01	5.476415e+02
2.490000e-06	1.051131e-08	4.631710e-09	4.586167e+01	5.477830e+02
2.500000e-06	1.051540e-08	4.632345e-09	4.587951e+01	5.478397e+02
2.510000e-06	1.051777e-08	4.632103e-09	4.588985e+01	5.478115e+02
2.520000e-06	1.051837e-08	4.634078e-09	4.589243e+01	5.476984e+02
2.530000e-06	1.051744e-08	4.633872e-09	4.588841e+01	5.475005e+02
2.540000e-06	1.051511e-08	4.630521e-09	4.587823e+01	5.472177e+02
2.550000e-06	1.051144e-08	4.630501e-09	4.586224e+01	5.468501e+02
2.560000e-06	1.050618e-08	4.628003e-09	4.583928e+01	5.463977e+02
2.570000e-06	1.049918e-08	4.624261e-09	4.580874e+01	5.458607e+02
2.580000e-06	1.049075e-08	4.622222e-09	4.577196e+01	5.452391e+02
2.590000e-06	1.048099e-08	4.634075e-09	4.572934e+01	5.445331e+02
2.600000e-06	1.046977e-08	4.629115e-09	4.568043e+01	5.437426e+02
2.610000e-06	1.045679e-08	4.559571e-09	4.562378e+01	5.428679e+02
2.620000e-06	1.044156e-08	4.544060e-09	4.555734e+01	5.419091e+02
2.630000e-06	1.042405e-08	4.558941e-09	4.548095e+01	5.408663e+02
2.640000e-06	1.040483e-08	4.564830e-09	4.539706e+01	5.397397e+02
2.650000e-06	1.038435e-08	4.662297e-09	4.530771e+01	5.385295e+02
2.660000e-06	1.036272e-08	4.577641e-09	4.521336e+01	5.372358e+02
2.670000e-06	1.033985e-08	4.509618e-09	4.511355e+01	5.358589e+02
2.680000e-06	1.031543e-08	4.609298e-09	4.500702e+01	5.343989e+02
2.690000e-06	1.028967e-08	4.484071e-09	4.489463e+01	5.328561e+02
2.700000e-06	1.026260e-08	4.502084e-09	4.477650e+01	5.312308e+02
2.710000e-06	1.023351e-08	4.557031e-09	4.464960e+01	5.295231e+02
2.720000e-06	1.020262e-08	4.418243e-09	4.451483e+01	5.277334e+02
2.730000e-06	1.017037e-08	4.497852e-09	4.437411e+01	5.258620e+02
2.740000e-06	1.013669e-08	4.471155e-09	4.422715e+01	5.239090e+02
2.750000e-06	1.010178e-08	4.400979e-09	4.407484e+01	5.218749e+02
2.760000e-06	1.006532e-08	4.469554e-09	4.391579e+01	5.197599e+02
2.770000e-06	1.002702e-08	4.364232e-09	4.374865e+01	5.175643e+02
2.780000e-06	9.987014e-09	4.408297e-09	4.357412e+01	5.152886e+02
2.790000e-06	9.945457e-09	4.408346e-09	4.339281e+01	5.129330e+02
2.800000e-06	9.902603e-09	4.340556e-09	4.320583e+01	5.104980e+02
2.810000e-06	9.858332e-09	4.380892e-09	4.301267e+01	5.079838e+02
2.820000e-06	9.812556e-09	4.296367e-09	4.281295e+01	5.053910e+02
2.830000e-06	9.765283e-09	4.321535e-09	4.260669e+01	5.027198e+02
2.840000e-06	9.716276e-09	4.273680e-09	4.239287e+01	4.999707e+02
2.850000e-06	9.665586e-09	4.256611e-09	4.217171e+01	4.971442e+02
2.860000e-06	9.613001e-09	4.282430e-09	4.194228e+01	4.942407e+02
2.870000e-06	9.558637e-09	4.195201e-09	4.170509e+01	4.912605e+02
2.880000e-06	9.502773e-09	4.239539e-09	4.146134e+01	4.882043e+02
2.890000e-06	9.445382e-09	4.167810e-09	4.121094e+01	4.850724e+02
2.900000e-06	9.386667e-09	4.114933e-09	4.095477e+01	4.818654e+02
2.910000e-06	9.326462e-09	4.110506e-09	4.069209e+01	4.785837e+02
2.920000e-06	9.264761e-09	4.050054e-09	4.042288e+01	4.752278e+02
2.930000e-06	9.201550e-09	4.077871e-09	4.014709e+01	4.717983e+02
2.940000e-06	9.136856e-09	4.026001e-09	3.986483e+01	4.682957e+02
2.950000e-06	9.070886e-09	4.001702e-09	3.957699e+01	4.647206e+02
2.960000e-06	9.003511e-09	3.961491e-09	3.928303e+01	4.610735e+02
2.970000e-06	8.934812e-09	3.911259e-09	3.898330e+01	4.573549e+02
2.980000e-06	8.864617e-09	3.895481e-09	3.867703e+01	4.535655e+02
2.990000e-06	8.792973e-09	3.850317e-09	3.836444e+01	4.497058e+02
3.000000e-06	8.720106e-09	3.837563e-09	3.804651e+01	4.457765e+02
3.010000e-06	8.645884e-09	3.808640e-09	3.772268e+01	4.417780e+02
3.020000e-06	8.570235e-09	3.770951e-09	3.739262e+01	4.377112e+02
3.030000e-06	8.493003e-09	3.737065e-09	3.705565e+01	4.335765e+02
3.040000e-06	8.414364e-09	3.677314e-09	3.671254e+01	4.293747e+02
3.050000e-06	8.334454e-09	3.642113e-09	3.636389e+01	4.251063e+02
3.060000e-06	8.253357e-09	3.616051e-09	3.601006e+01	4.207721e+02
3.070000e-06	8.171151e-09	3.583419e-09	3.565138e+01	4.163727e+02
3.080000e-06	8.087706e-09	3.563795e-09	3.528731e+01	4.119088e+02
3.090000e-06	8.003005e-09	3.505326e-09	3.491775e+01	4.073811e+02
3.100000e-06	7.916989e-09	3.467355e-09	3.454246e+01	4.027903e+02
3.110000e-06	7.829684e-09	3.415517e-09	3.416154e+01	3.981371e+02
3.120000e-06	7.741217e-09	3.377057e-09	3.377556e+01	3.934222e+02
3.130000e-06	7.651637e-09	3.344893e-09	3.338471e+01	3.886464e+02
3.140000e-06	7.560936e-09	3.299272e-09	3.298898e+01	3.838104e+02
3.150000e-06	7.469020e-09	3.271901e-09	3.258794e+01	3.789150e+02
3.160000e-06	7.375869e-09	3.224159e-09	3.218152e+01	3.739608e+02
3.170000e-06	7.281482e-09	3.185790e-09	3.176970e+01	3.689487e+02
3.180000e-06	7.185877e-09	3.133680e-09	3.135256e+01	3.638795e+02
3.190000e-06	7.089181e-09	3.083862e-09	3.093067e+01	3.587539e+02
3.200000e-06	6.991463e-09	3.047168e-09	3.050432e+01	3.535728e+02
3.210000e-06	6.892713e-09	3.005067e-09	3.007347e+01	3.483369e+02
3.220000e-06	6.792878e-09	2.970341e-09	2.963788e+01	3.430471e+02
3.230000e-06	6.691961e-09	2.918129e-09	2.919757e+01	3.377041e+02
3.240000e-06	6.589959e-09	2.865732e-09	2.875253e+01	3.323088e+02
3.250000e-06	6.486839e-09	2.814899e-09	2.830261e+01	3.268621e+02
3.260000e-06	6.382648e-09	2.766675e-09	2.784802e+01	3.213647e+02
3.270000e-06	6.277522e-09	2.724173e-09	2.738934e+01	3.158176e+02
3.280000e-06	6.171555e-09	2.676560e-09	2.692700e+01	3.102216e+02
3.290000e-06	6.064719e-09	2.631787e-09	2.646087e+01	3.045775e+02
3.300000e-06	5.957043e-09	2.585968e-09	2.599107e+01	2.988863e+02
3.310000e-06	5.848566e-09	2.537125e-09	2.551778e+01	2.931488e+02
3.320000e-06	5.739270e-09	2.485911e-09	2.504091e+01	2.873660e+02
3.330000e-06	5.629078e-09	2.428575e-09	2.456013e+01	2.815386e+02
3.340000e-06	5.517942e-09	2.378647e-09	2.407524e+01	2.756677e+02
3.350000e-06	5.405921e-09	2.331249e-09	2.358649e+01	2.697540e+02
3.360000e-06	5.293112e-09	2.286621e-09	2.309429e+01	2.637986e+02
3.370000e-06	5.179517e-09	2.238676e-09	2.259867e+01	2.578024e+02
3.380000e-06	5.065028e-09	2.184584e-09	2.209915e+01	2.517663e+02
3.390000e-06	4.949644e-09	2.133014e-09	2.159571e+01	2.456912e+02
3.400000e-06	4.833422e-09	2.080072e-09	2.108863e+01	2.395781e+02
3.410000e-06	4.716361e-09	2.029472e-09	2.057789e+01	2.334279e+02
3.420000e-06	4.598529e-09	1.976862e-09	2.006378e+01	2.272415e+02
3.430000e-06	4.479978e-09	1.922668e-09	1.954653e+01	2.210200e+02
3.440000e-06	4.360644e-09	1.868344e-09	1.902586e+01	2.147644e+02
3.450000e-06	4.240548e-09	1.813759e-09	1.850188e+01	2.084754e+02
3.460000e-06	4.119794e-09	1.759106e-09	1.797502e+01	2.021543e+02
3.470000e-06	3.998468e-09	1.703649e-09	1.744566e+01	1.958018e+02
3.480000e-06	3.876583e-09	1.646544e-09	1.691387e+01	1.894191e+02
3.490000e-06	3.754114e-09	1.589981e-09	1.637953e+01	1.830070e+02
3.500000e-06	3.631019e-09	1.535150e-09	1.584246e+01	1.765667e+02
3.510000e-06	3.507311e-09	1.482210e-09	1.530271e+01	1.700991e+02
3.520000e-06	3.383015e-09	1.425377e-09	1.476039e+01	1.636051e+02
3.530000e-06	3.258153e-09	1.366903e-09	1.421561e+01	1.570859e+02
3.540000e-06	3.132769e-09	1.306453e-09	1.366856e+01	1.505424e+02
3.550000e-06	3.006870e-09	1.249656e-09	1.311925e+01	1.439756e+02
3.560000e-06	2.880461e-09	1.197201e-09	1.256772e+01	1.373865e+02
3.570000e-06	2.753596e-09	1.144782e-09	1.201419e+01	1.307763e+02
3.580000e-06	2.626281e-09	1.089028e-09	1.145871e+01	1.241458e+02
3.590000e-06	2.498493e-09	1.029256e-09	1.090116e+01	1.174962e+02
3.600000e-06	2.370276e-09	9.694350e-10	1.034174e+01	1.108284e+02
3.610000e-06	2.241717e-09	9.110856e-10	9.780827e+00	1.041435e+02
3.620000e-06	2.112898e-09	8.525907e-10	9.218779e+00	9.744251e+01
3.630000e-06	1.983845e-09	7.945110e-10	8.655711e+00	9.072651e+01
3.640000e-06	1.854572e-09	7.365542e-10	8.091683e+00	8.399652e+01
3.650000e-06	1.725094e-09	6.786456e-10	7.526758e+00	7.725359e+01
3.660000e-06	1.595411e-09	6.223647e-10	6.960944e+00	7.049875e+01
3.670000e-06	1.465543e-09	5.669841e-10	6.394320e+00	6.373306e+01
3.680000e-06	1.335510e-09	5.094726e-10	5.826974e+00	5.695757e+01
3.690000e-06	1.205321e-09	4.504543e-10	5.258952e+00	5.017333e+01
3.700000e-06	1.074977e-09	3.932624e-10	4.690249e+00	4.338138e+01
3.710000e-06	9.444751e-10	3.370823e-10	4.120859e+00	3.658279e+01
3.720000e-06	8.138243e-10	2.777776e-10	3.550819e+00	2.977861e+01
3.730000e-06	6.830709e-10	2.153105e-10	2.980332e+00	2.296988e+01
3.740000e-06	5.522650e-10	1.541666e-10	2.409616e+00	1.615768e+01
3.750000e-06	4.214082e-10	9.839561e-11	1.838678e+00	9.343057e+00
3.760000e-06	2.904950e-10	4.671409e-11	1.267493e+00	2.527064e+00
3.770000e-06	1.595247e-10	-6.716366e-12	6.960596e-01	-4.289239e+00
3.780000e-06	2.851196e-11	-6.512619e-11	1.244406e-01	-1.110480e+01
3.790000e-06	-1.025145e-10	-1.253907e-10	-4.472378e-01	-1.791855e+01
3.800000e-06	-2.335316e-10	-1.841389e-10	-1.018876e+00	-2.472944e+01
3.810000e-06	-3.645213e-10	-2.415806e-10	-1.590394e+00	-3.153641e+01
3.820000e-06	-4.954759e-10	-2.993233e-10	-2.161759e+00	-3.833841e+01
3.830000e-06	-6.263812e-10	-3.587338e-10	-2.732909e+00	-4.513438e+01
3.840000e-06	-7.572020e-10	-4.164227e-10	-3.303690e+00	-5.192327e+01
3.850000e-06	-8.879239e-10	-4.719291e-10	-3.874039e+00	-5.870402e+01
3.860000e-06	-1.018539e-09	-5.277780e-10	-4.443921e+00	-6.547559e+01
3.870000e-06	-1.149022e-09	-5.855641e-10	-5.013230e+00	-7.223692e+01
3.880000e-06	-1.279343e-09	-6.436521e-10	-5.581833e+00	-7.898696e+01
3.890000e-06	-1.409470e-09	-7.017925e-10	-6.149586e+00	-8.572467e+01
3.900000e-06	-1.539388e-09	-7.593108e-10	-6.716429e+00	-9.244900e+01
3.910000e-06	-1.669094e-09	-8.164119e-10	-7.282346e+00	-9.915890e+01
3.920000e-06	-1.798571e-09	-8.737731e-10	-7.847263e+00	-1.058534e+02
3.930000e-06	-1.927814e-09	-9.319015e-10	-8.411161e+00	-1.125313e+02
3.940000e-06	-2.056802e-09	-9.872911e-10	-8.973948e+00	-1.191917e+02
3.950000e-06	-2.185503e-09	-1.040262e-09	-9.535479e+00	-1.258335e+02
3.960000e-06	-2.313883e-09	-1.093625e-09	-1.009561e+01	-1.324558e+02
3.970000e-06	-2.441892e-09	-1.149261e-09	-1.065412e+01	-1.390574e+02
3.980000e-06	-2.569488e-09	-1.205238e-09	-1.121084e+01	-1.456374e+02
3.990000e-06	-2.696628e-09	-1.261323e-09	-1.176556e+01	-1.521947e+02
4.000000e-06	-2.823273e-09	-1.317648e-09	-1.231812e+01	-1.587283e+02
4.010000e-06	-2.949411e-09	-1.373899e-09	-1.286847e+01	-1.652372e+02
4.020000e-06	-3.075060e-09	-1.431291e-09	-1.341668e+01	-1.717204e+02
4.030000e-06	-3.200228e-09	-1.489144e-09	-1.396280e+01	-1.781768e+02
4.040000e-06	-3.324885e-09	-1.546139e-09	-1.450669e+01	-1.846056e+02
4.050000e-06	-3.449000e-09	-1.600075e-09	-1.504822e+01	-1.910056e+02
4.060000e-06	-3.572537e-09	-1.653337e-09	-1.558721e+01	-1.973760e+02
4.070000e-06	-3.695441e-09	-1.709919e-09	-1.612345e+01	-2.037156e+02
4.080000e-06	-3.817696e-09	-1.769673e-09	-1.665686e+01	-2.100235e+02
4.090000e-06	-3.939362e-09	-1.829204e-09	-1.718770e+01	-2.162988e+02
4.100000e-06	-4.060488e-09	-1.886694e-09	-1.771619e+01	-2.225405e+02
4.110000e-06	-4.181046e-09	-1.941750e-09	-1.824219e+01	-2.287476e+02
4.120000e-06	-4.300964e-09	-1.995963e-09	-1.876540e+01	-2.349191e+02
4.130000e-06	-4.420157e-09	-2.050034e-09	-1.928545e+01	-2.410541e+02
4.140000e-06	-4.538611e-09	-2.103948e-09	-1.980227e+01	-2.471516e+02
4.150000e-06	-4.656336e-09	-2.158109e-09	-2.031592e+01	-2.532107e+02
4.160000e-06	-4.773316e-09	-2.212413e-09	-2.082631e+01	-2.592304e+02
4.170000e-06	-4.889543e-09	-2.267865e-09	-2.133342e+01	-2.652099e+02
4.180000e-06	-5.004942e-09	-2.324467e-09	-2.183691e+01	-2.711481e+02
4.190000e-06	-5.119417e-09	-2.379537e-09	-2.233637e+01	-2.770442e+02
4.200000e-06	-5.232949e-09	-2.432937e-09	-2.283172e+01	-2.828972e+02
4.210000e-06	-5.345578e-09	-2.486317e-09	-2.332313e+01	-2.887063e+02
4.220000e-06	-5.457333e-09	-2.539734e-09	-2.381072e+01	-2.944705e+02
4.230000e-06	-5.568200e-09	-2.592629e-09	-2.429445e+01	-3.001890e+02
4.240000e-06	-5.678155e-09	-2.645434e-09	-2.477419e+01	-3.058608e+02
4.250000e-06	-5.787228e-09	-2.696771e-09	-2.525008e+01	-3.114851e+02
4.260000e-06	-5.895484e-09	-2.750432e-09	-2.572241e+01	-3.170610e+02
4.270000e-06	-6.002945e-09	-2.804020e-09	-2.619128e+01	-3.225877e+02
4.280000e-06	-6.109560e-09	-2.854911e-09	-2.665645e+01	-3.280642e+02
4.290000e-06	-6.215302e-09	-2.903024e-09	-2.711781e+01	-3.334897e+02
4.300000e-06	-6.320163e-09	-2.949423e-09	-2.757532e+01	-3.388635e+02
4.310000e-06	-6.424050e-09	-2.998958e-09	-2.802859e+01	-3.441846e+02
4.320000e-06	-6.526856e-09	-3.051009e-09	-2.847714e+01	-3.494522e+02
4.330000e-06	-6.628540e-09	-3.105071e-09	-2.892079e+01	-3.546656e+02
4.340000e-06	-6.729130e-09	-3.156438e-09	-2.935968e+01	-3.598238e+02
4.350000e-06	-6.828640e-09	-3.205076e-09	-2.979385e+01	-3.649262e+02
4.360000e-06	-6.927085e-09	-3.251044e-09	-3.022337e+01	-3.699719e+02
4.370000e-06	-7.024524e-09	-3.295051e-09	-3.064851e+01	-3.749601e+02
4.380000e-06	-7.121008e-09	-3.337917e-09	-3.106947e+01	-3.798901e+02
4.390000e-06	-7.216456e-09	-3.381130e-09	-3.148592e+01	-3.847611e+02
4.400000e-06	-7.310738e-09	-3.427892e-09	-3.189728e+01	-3.895723e+02
4.410000e-06	-7.403836e-09	-3.476337e-09	-3.230347e+01	-3.943230e+02
4.420000e-06	-7.495755e-09	-3.522916e-09	-3.270453e+01	-3.990124e+02
4.430000e-06	-7.586495e-09	-3.565569e-09	-3.310043e+01	-4.036399e+02
4.440000e-06	-7.676092e-09	-3.605256e-09	-3.349135e+01	-4.082047e+02
4.450000e-06	-7.764590e-09	-3.643946e-09	-3.387747e+01	-4.127061e+02
4.460000e-06	-7.851954e-09	-3.682467e-09	-3.425865e+01	-4.171434e+02
4.470000e-06	-7.938089e-09	-3.720535e-09	-3.463446e+01	-4.215160e+02
4.480000e-06	-8.022967e-09	-3.757785e-09	-3.500480e+01	-4.258230e+02
4.490000e-06	-8.106610e-09	-3.794519e-09	-3.536973e+01	-4.300640e+02
4.500000e-06	-8.189071e-09	-3.832528e-09	-3.572952e+01	-4.342381e+02
4.510000e-06	-8.270405e-09	-3.870375e-09	-3.608439e+01	-4.383448e+02
4.520000e-06	-8.350598e-09	-3.905440e-09	-3.643428e+01	-4.423834e+02
4.530000e-06	-8.429537e-09	-3.936439e-09	-3.677869e+01	-4.463534e+02
4.540000e-06	-8.507089e-09	-3.966439e-09	-3.711706e+01	-4.502540e+02
4.550000e-06	-8.583169e-09	-3.998849e-09	-3.744900e+01	-4.540847e+02
4.560000e-06	-8.657788e-09	-4.032333e-09	-3.777457e+01	-4.578449e+02
4.570000e-06	-8.731029e-09	-4.064400e-09	-3.809413e+01	-4.615340e+02
4.580000e-06	-8.802969e-09	-4.093444e-09	-3.840801e+01	-4.651514e+02
4.590000e-06	-8.873556e-09	-4.121830e-09	-3.871598e+01	-4.686966e+02
4.600000e-06	-8.942675e-09	-4.150781e-09	-3.901755e+01	-4.721691e+02
4.610000e-06	-9.010344e-09	-4.179125e-09	-3.931280e+01	-4.755682e+02
4.620000e-06	-9.076649e-09	-4.205152e-09	-3.960209e+01	-4.788934e+02
4.630000e-06	-9.141653e-09	-4.228950e-09	-3.988571e+01	-4.821443e+02
4.640000e-06	-9.205353e-09	-4.252714e-09	-4.016364e+01	-4.853203e+02
4.650000e-06	-9.267599e-09	-4.276902e-09	-4.043522e+01	-4.884210e+02
4.660000e-06	-9.328255e-09	-4.300266e-09	-4.069987e+01	-4.914458e+02
4.670000e-06	-9.387425e-09	-4.321303e-09	-4.095803e+01	-4.943944e+02
4.680000e-06	-9.445217e-09	-4.341524e-09	-4.121019e+01	-4.972661e+02
4.690000e-06	-9.501646e-09	-4.363212e-09	-4.145639e+01	-5.000607e+02
4.700000e-06	-9.556593e-09	-4.385246e-09	-4.169613e+01	-5.027776e+02
4.710000e-06	-9.609814e-09	-4.405404e-09	-4.192834e+01	-5.054164e+02
4.720000e-06	-9.661257e-09	-4.422979e-09	-4.215279e+01	-5.079768e+02
4.730000e-06	-9.711006e-09	-4.439136e-09	-4.236985e+01	-5.104583e+02
4.740000e-06	-9.758932e-09	-4.456047e-09	-4.257895e+01	-5.128605e+02
4.750000e-06	-9.805143e-09	-4.472984e-09	-4.278057e+01	-5.151831e+02
4.760000e-06	-9.849987e-09	-4.488787e-09	-4.297623e+01	-5.174257e+02
4.770000e-06	-9.893584e-09	-4.503618e-09	-4.316645e+01	-5.195880e+02
4.780000e-06	-9.935916e-09	-4.518805e-09	-4.335115e+01	-5.216696e+02
4.790000e-06	-9.976899e-09	-4.534315e-09	-4.352996e+01	-5.236702e+02
4.800000e-06	-1.001652e-08	-4.549279e-09	-4.370283e+01	-5.255895e+02
4.810000e-06	-1.005460e-08	-4.562160e-09	-4.386898e+01	-5.274272e+02
4.820000e-06	-1.009097e-08	-4.572684e-09	-4.402767e+01	-5.291830e+02
4.830000e-06	-1.012582e-08	-4.583391e-09	-4.417972e+01	-5.308567e+02
4.840000e-06	-1.015925e-08	-4.594600e-09	-4.432559e+01	-5.324479e+02
4.850000e-06	-1.019123e-08	-4.605328e-09	-4.446511e+01	-5.339564e+02
4.860000e-06	-1.022162e-08	-4.615567e-09	-4.459771e+01	-5.353821e+02
4.870000e-06	-1.025028e-08	-4.625109e-09	-4.472276e+01	-5.367246e+02
4.880000e-06	-1.027740e-08	-4.634279e-09	-4.484106e+01	-5.379838e+02
4.890000e-06	-1.030303e-08	-4.642373e-09	-4.495292e+01	-5.391595e+02
4.900000e-06	-1.032717e-08	-4.648121e-09	-4.505825e+01	-5.402515e+02
4.910000e-06	-1.034979e-08	-4.652539e-09	-4.515691e+01	-5.412596e+02
4.920000e-06	-1.037067e-08	-4.657319e-09	-4.524803e+01	-5.421837e+02
4.930000e-06	-1.038993e-08	-4.663384e-09	-4.533207e+01	-5.430235e+02
4.940000e-06	-1.040774e-08	-4.670225e-09	-4.540978e+01	-5.437791e+02
4.950000e-06	-1.042407e-08	-4.676053e-09	-4.548102e+01	-5.444503e+02
4.960000e-06	-1.043875e-08	-4.679981e-09	-4.554506e+01	-5.450369e+02
4.970000e-06	-1.045150e-08	-4.682187e-09	-4.560068e+01	-5.455389e+02
4.980000e-06	-1.046241e-08	-4.684389e-09	-4.564831e+01	-5.459562e+02
4.990000e-06	-1.047174e-08	-4.685929e-09	-4.568901e+01	-5.462887e+02
5.000000e-06	-1.047956e-08	-4.685638e-09	-4.572312e+01	-5.465364e+02
5.010000e-06	-1.048572e-08	-4.683493e-09	-4.574998e+01	-5.466993e+02
5.020000e-06	-1.049010e-08	-4.680478e-09	-4.576913e+01	-5.467773e+02
5.030000e-06	-1.049293e-08	-4.678075e-09	-4.578146e+01	-5.467704e+02
5.040000e-06	-1.049427e-08	-4.675142e-09	-4.578731e+01	-5.466786e+02
