# Temperatura_=_20.0
# Concentracion g/m^3_=_10000.0
# C_Vs_to_Am_M_A/Vsm_=_116720831517.84952
# pendiente_HvsI_1/m_=_3716.3
# ordenada_HvsI_A/m_=_1297.0
# frecuencia_Hz_=_114720.89269128318
# Promedio de 23 ciclos

Tiempo_(s)	Campo_(V.s)	Magnetizacion_(V.s)	Campo_(kA/m)	Magnetizacion_(A/m)
0.000000e+00	-4.058699e-09	-1.758952e-09	-1.986352e+01	-2.079367e+02
1.000000e-08	-4.058824e-09	-1.757467e-09	-1.986414e+01	-2.079405e+02
2.000000e-08	-4.058794e-09	-1.757020e-09	-1.986399e+01	-2.079335e+02
3.000000e-08	-4.058609e-09	-1.763089e-09	-1.986308e+01	-2.079157e+02
4.000000e-08	-4.058273e-09	-1.777216e-09	-1.986144e+01	-2.078871e+02
5.000000e-08	-4.057795e-09	-1.786192e-09	-1.985910e+01	-2.078477e+02
6.000000e-08	-4.057159e-09	-1.780005e-09	-1.985599e+01	-2.077975e+02
7.000000e-08	-4.056351e-09	-1.743368e-09	-1.985203e+01	-2.077365e+02
8.000000e-08	-4.055387e-09	-1.690502e-09	-1.984731e+01	-2.076646e+02
9.000000e-08	-4.054275e-09	-1.728076e-09	-1.984187e+01	-2.075820e+02
1.000000e-07	-4.052957e-09	-1.772855e-09	-1.983542e+01	-2.074886e+02
1.100000e-07	-4.051401e-09	-1.816376e-09	-1.982780e+01	-2.073845e+02
1.200000e-07	-4.049563e-09	-1.884916e-09	-1.981881e+01	-2.072695e+02
1.300000e-07	-4.047358e-09	-1.844149e-09	-1.980802e+01	-2.071438e+02
1.400000e-07	-4.044740e-09	-1.764509e-09	-1.979521e+01	-2.070073e+02
1.500000e-07	-4.041696e-09	-1.692908e-09	-1.978031e+01	-2.068600e+02
1.600000e-07	-4.038263e-09	-1.649357e-09	-1.976351e+01	-2.067020e+02
1.700000e-07	-4.034556e-09	-1.685386e-09	-1.974537e+01	-2.065332e+02
1.800000e-07	-4.030672e-09	-1.733678e-09	-1.972636e+01	-2.063537e+02
1.900000e-07	-4.026629e-09	-1.792727e-09	-1.970657e+01	-2.061635e+02
2.000000e-07	-4.022444e-09	-1.835578e-09	-1.968609e+01	-2.059626e+02
2.100000e-07	-4.018142e-09	-1.820237e-09	-1.966504e+01	-2.057509e+02
2.200000e-07	-4.013727e-09	-1.766011e-09	-1.964343e+01	-2.055286e+02
2.300000e-07	-4.009200e-09	-1.710338e-09	-1.962127e+01	-2.052956e+02
2.400000e-07	-4.004532e-09	-1.689415e-09	-1.959843e+01	-2.050519e+02
2.500000e-07	-3.999713e-09	-1.707639e-09	-1.957484e+01	-2.047975e+02
2.600000e-07	-3.994711e-09	-1.759577e-09	-1.955036e+01	-2.045325e+02
2.700000e-07	-3.989467e-09	-1.794564e-09	-1.952470e+01	-2.042569e+02
2.800000e-07	-3.983983e-09	-1.797442e-09	-1.949786e+01	-2.039707e+02
2.900000e-07	-3.978268e-09	-1.756824e-09	-1.946989e+01	-2.036738e+02
3.000000e-07	-3.972352e-09	-1.700142e-09	-1.944094e+01	-2.033664e+02
3.100000e-07	-3.966249e-09	-1.678190e-09	-1.941107e+01	-2.030484e+02
3.200000e-07	-3.959958e-09	-1.705631e-09	-1.938028e+01	-2.027198e+02
3.300000e-07	-3.953474e-09	-1.747933e-09	-1.934855e+01	-2.023807e+02
3.400000e-07	-3.946796e-09	-1.766974e-09	-1.931586e+01	-2.020311e+02
3.500000e-07	-3.939912e-09	-1.762707e-09	-1.928217e+01	-2.016710e+02
3.600000e-07	-3.932785e-09	-1.740626e-09	-1.924729e+01	-2.013004e+02
3.700000e-07	-3.925412e-09	-1.708961e-09	-1.921121e+01	-2.009194e+02
3.800000e-07	-3.917805e-09	-1.678389e-09	-1.917398e+01	-2.005279e+02
3.900000e-07	-3.910014e-09	-1.677179e-09	-1.913585e+01	-2.001259e+02
4.000000e-07	-3.902061e-09	-1.707670e-09	-1.909693e+01	-1.997136e+02
4.100000e-07	-3.893944e-09	-1.735916e-09	-1.905720e+01	-1.992909e+02
4.200000e-07	-3.885709e-09	-1.740675e-09	-1.901690e+01	-1.988578e+02
4.300000e-07	-3.877377e-09	-1.721810e-09	-1.897612e+01	-1.984144e+02
4.400000e-07	-3.868943e-09	-1.697772e-09	-1.893485e+01	-1.979607e+02
4.500000e-07	-3.860399e-09	-1.673083e-09	-1.889303e+01	-1.974967e+02
4.600000e-07	-3.851714e-09	-1.667724e-09	-1.885053e+01	-1.970224e+02
4.700000e-07	-3.842852e-09	-1.682553e-09	-1.880715e+01	-1.965379e+02
4.800000e-07	-3.833784e-09	-1.697256e-09	-1.876277e+01	-1.960432e+02
4.900000e-07	-3.824425e-09	-1.696593e-09	-1.871697e+01	-1.955382e+02
5.000000e-07	-3.814703e-09	-1.685310e-09	-1.866939e+01	-1.950232e+02
5.100000e-07	-3.804626e-09	-1.676173e-09	-1.862008e+01	-1.944979e+02
5.200000e-07	-3.794230e-09	-1.661826e-09	-1.856920e+01	-1.939626e+02
5.300000e-07	-3.783505e-09	-1.654151e-09	-1.851671e+01	-1.934172e+02
5.400000e-07	-3.772466e-09	-1.656719e-09	-1.846268e+01	-1.928617e+02
5.500000e-07	-3.761147e-09	-1.663202e-09	-1.840729e+01	-1.922962e+02
5.600000e-07	-3.749551e-09	-1.659906e-09	-1.835053e+01	-1.917207e+02
5.700000e-07	-3.737719e-09	-1.646676e-09	-1.829263e+01	-1.911353e+02
5.800000e-07	-3.725691e-09	-1.633941e-09	-1.823376e+01	-1.905399e+02
5.900000e-07	-3.713477e-09	-1.620527e-09	-1.817399e+01	-1.899346e+02
6.000000e-07	-3.701097e-09	-1.616471e-09	-1.811340e+01	-1.893194e+02
6.100000e-07	-3.688564e-09	-1.622427e-09	-1.805206e+01	-1.886944e+02
6.200000e-07	-3.675878e-09	-1.629052e-09	-1.798997e+01	-1.880596e+02
6.300000e-07	-3.662985e-09	-1.622755e-09	-1.792687e+01	-1.874150e+02
6.400000e-07	-3.649882e-09	-1.608900e-09	-1.786275e+01	-1.867607e+02
6.500000e-07	-3.636562e-09	-1.596245e-09	-1.779756e+01	-1.860966e+02
6.600000e-07	-3.622999e-09	-1.584002e-09	-1.773118e+01	-1.854229e+02
6.700000e-07	-3.609219e-09	-1.578143e-09	-1.766374e+01	-1.847395e+02
6.800000e-07	-3.595249e-09	-1.577267e-09	-1.759537e+01	-1.840466e+02
6.900000e-07	-3.581097e-09	-1.577571e-09	-1.752611e+01	-1.833441e+02
7.000000e-07	-3.566762e-09	-1.573655e-09	-1.745595e+01	-1.826320e+02
7.100000e-07	-3.552237e-09	-1.568629e-09	-1.738487e+01	-1.819104e+02
7.200000e-07	-3.537521e-09	-1.561193e-09	-1.731285e+01	-1.811794e+02
7.300000e-07	-3.522600e-09	-1.550437e-09	-1.723982e+01	-1.804390e+02
7.400000e-07	-3.507427e-09	-1.542460e-09	-1.716556e+01	-1.796892e+02
7.500000e-07	-3.492028e-09	-1.537630e-09	-1.709020e+01	-1.789301e+02
7.600000e-07	-3.476349e-09	-1.534328e-09	-1.701347e+01	-1.781616e+02
7.700000e-07	-3.460318e-09	-1.528342e-09	-1.693501e+01	-1.773839e+02
7.800000e-07	-3.444025e-09	-1.520622e-09	-1.685527e+01	-1.765970e+02
7.900000e-07	-3.427471e-09	-1.511198e-09	-1.677426e+01	-1.758009e+02
8.000000e-07	-3.410660e-09	-1.503448e-09	-1.669198e+01	-1.749956e+02
8.100000e-07	-3.393624e-09	-1.499068e-09	-1.660860e+01	-1.741813e+02
8.200000e-07	-3.376416e-09	-1.494158e-09	-1.652439e+01	-1.733579e+02
8.300000e-07	-3.359071e-09	-1.486865e-09	-1.643950e+01	-1.725255e+02
8.400000e-07	-3.341564e-09	-1.476973e-09	-1.635382e+01	-1.716841e+02
8.500000e-07	-3.323912e-09	-1.468167e-09	-1.626743e+01	-1.708338e+02
8.600000e-07	-3.306139e-09	-1.459232e-09	-1.618045e+01	-1.699746e+02
8.700000e-07	-3.288274e-09	-1.448837e-09	-1.609302e+01	-1.691066e+02
8.800000e-07	-3.270283e-09	-1.438836e-09	-1.600497e+01	-1.682298e+02
8.900000e-07	-3.252160e-09	-1.431787e-09	-1.591627e+01	-1.673443e+02
9.000000e-07	-3.233917e-09	-1.427238e-09	-1.582699e+01	-1.664500e+02
9.100000e-07	-3.215547e-09	-1.420802e-09	-1.573709e+01	-1.655471e+02
9.200000e-07	-3.197052e-09	-1.411502e-09	-1.564657e+01	-1.646356e+02
9.300000e-07	-3.178402e-09	-1.399248e-09	-1.555530e+01	-1.637155e+02
9.400000e-07	-3.159582e-09	-1.388590e-09	-1.546319e+01	-1.627870e+02
9.500000e-07	-3.140585e-09	-1.380210e-09	-1.537022e+01	-1.618499e+02
9.600000e-07	-3.121394e-09	-1.371060e-09	-1.527629e+01	-1.609045e+02
9.700000e-07	-3.101992e-09	-1.360597e-09	-1.518134e+01	-1.599506e+02
9.800000e-07	-3.082390e-09	-1.351431e-09	-1.508541e+01	-1.589885e+02
9.900000e-07	-3.062618e-09	-1.345632e-09	-1.498864e+01	-1.580181e+02
1.000000e-06	-3.042706e-09	-1.339627e-09	-1.489119e+01	-1.570395e+02
1.010000e-06	-3.022661e-09	-1.330981e-09	-1.479309e+01	-1.560527e+02
1.020000e-06	-3.002499e-09	-1.319661e-09	-1.469441e+01	-1.550578e+02
1.030000e-06	-2.982262e-09	-1.309174e-09	-1.459538e+01	-1.540549e+02
1.040000e-06	-2.961965e-09	-1.300333e-09	-1.449604e+01	-1.530439e+02
1.050000e-06	-2.941612e-09	-1.291904e-09	-1.439643e+01	-1.520250e+02
1.060000e-06	-2.921192e-09	-1.283668e-09	-1.429649e+01	-1.509982e+02
1.070000e-06	-2.900706e-09	-1.274965e-09	-1.419624e+01	-1.499635e+02
1.080000e-06	-2.880143e-09	-1.266763e-09	-1.409560e+01	-1.489211e+02
1.090000e-06	-2.859478e-09	-1.259417e-09	-1.399446e+01	-1.478708e+02
1.100000e-06	-2.838706e-09	-1.252276e-09	-1.389280e+01	-1.468130e+02
1.110000e-06	-2.817789e-09	-1.243679e-09	-1.379043e+01	-1.457474e+02
1.120000e-06	-2.796708e-09	-1.235336e-09	-1.368726e+01	-1.446743e+02
1.130000e-06	-2.775459e-09	-1.228021e-09	-1.358327e+01	-1.435937e+02
1.140000e-06	-2.754051e-09	-1.219348e-09	-1.347850e+01	-1.425056e+02
1.150000e-06	-2.732463e-09	-1.208852e-09	-1.337284e+01	-1.414101e+02
1.160000e-06	-2.710697e-09	-1.198720e-09	-1.326632e+01	-1.403073e+02
1.170000e-06	-2.688782e-09	-1.191520e-09	-1.315907e+01	-1.391971e+02
1.180000e-06	-2.666733e-09	-1.185128e-09	-1.305115e+01	-1.380797e+02
1.190000e-06	-2.644562e-09	-1.177652e-09	-1.294265e+01	-1.369552e+02
1.200000e-06	-2.622277e-09	-1.168058e-09	-1.283358e+01	-1.358235e+02
1.210000e-06	-2.599894e-09	-1.157164e-09	-1.272404e+01	-1.346848e+02
1.220000e-06	-2.577401e-09	-1.146574e-09	-1.261396e+01	-1.335390e+02
1.230000e-06	-2.554794e-09	-1.136565e-09	-1.250332e+01	-1.323863e+02
1.240000e-06	-2.532083e-09	-1.127349e-09	-1.239217e+01	-1.312268e+02
1.250000e-06	-2.509268e-09	-1.117316e-09	-1.228051e+01	-1.300604e+02
1.260000e-06	-2.486311e-09	-1.107382e-09	-1.216816e+01	-1.288872e+02
1.270000e-06	-2.463211e-09	-1.098133e-09	-1.205511e+01	-1.277074e+02
1.280000e-06	-2.439973e-09	-1.087311e-09	-1.194138e+01	-1.265209e+02
1.290000e-06	-2.416587e-09	-1.073751e-09	-1.182692e+01	-1.253278e+02
1.300000e-06	-2.393045e-09	-1.059691e-09	-1.171171e+01	-1.241282e+02
1.310000e-06	-2.369367e-09	-1.048046e-09	-1.159583e+01	-1.229222e+02
1.320000e-06	-2.345553e-09	-1.038481e-09	-1.147928e+01	-1.217098e+02
1.330000e-06	-2.321612e-09	-1.028597e-09	-1.136211e+01	-1.204910e+02
1.340000e-06	-2.297571e-09	-1.018097e-09	-1.124445e+01	-1.192660e+02
1.350000e-06	-2.273435e-09	-1.007712e-09	-1.112633e+01	-1.180347e+02
1.360000e-06	-2.249236e-09	-9.964336e-10	-1.100790e+01	-1.167974e+02
1.370000e-06	-2.224971e-09	-9.853781e-10	-1.088914e+01	-1.155540e+02
1.380000e-06	-2.200635e-09	-9.743404e-10	-1.077004e+01	-1.143045e+02
1.390000e-06	-2.176239e-09	-9.637342e-10	-1.065065e+01	-1.130491e+02
1.400000e-06	-2.151791e-09	-9.548091e-10	-1.053100e+01	-1.117879e+02
1.410000e-06	-2.127276e-09	-9.471397e-10	-1.041102e+01	-1.105208e+02
1.420000e-06	-2.102683e-09	-9.401167e-10	-1.029066e+01	-1.092480e+02
1.430000e-06	-2.078023e-09	-9.308137e-10	-1.016997e+01	-1.079695e+02
1.440000e-06	-2.053264e-09	-9.190441e-10	-1.004880e+01	-1.066853e+02
1.450000e-06	-2.028382e-09	-9.062775e-10	-9.927024e+00	-1.053957e+02
1.460000e-06	-2.003406e-09	-8.935081e-10	-9.804792e+00	-1.041005e+02
1.470000e-06	-1.978316e-09	-8.822761e-10	-9.682000e+00	-1.028000e+02
1.480000e-06	-1.953095e-09	-8.735453e-10	-9.558567e+00	-1.014941e+02
1.490000e-06	-1.927737e-09	-8.665601e-10	-9.434461e+00	-1.001829e+02
1.500000e-06	-1.902217e-09	-8.588084e-10	-9.309567e+00	-9.886649e+01
1.510000e-06	-1.876560e-09	-8.483423e-10	-9.183999e+00	-9.754496e+01
1.520000e-06	-1.850758e-09	-8.348121e-10	-9.057722e+00	-9.621836e+01
1.530000e-06	-1.824785e-09	-8.214463e-10	-8.930607e+00	-9.488675e+01
1.540000e-06	-1.798628e-09	-8.102457e-10	-8.802594e+00	-9.355021e+01
1.550000e-06	-1.772309e-09	-8.003456e-10	-8.673788e+00	-9.220880e+01
1.560000e-06	-1.745833e-09	-7.904137e-10	-8.544213e+00	-9.086260e+01
1.570000e-06	-1.719195e-09	-7.788747e-10	-8.413845e+00	-8.951167e+01
1.580000e-06	-1.692409e-09	-7.664128e-10	-8.282755e+00	-8.815609e+01
1.590000e-06	-1.665439e-09	-7.553617e-10	-8.150761e+00	-8.679592e+01
1.600000e-06	-1.638305e-09	-7.456603e-10	-8.017966e+00	-8.543124e+01
1.610000e-06	-1.611034e-09	-7.341502e-10	-7.884498e+00	-8.406211e+01
1.620000e-06	-1.583632e-09	-7.220539e-10	-7.750394e+00	-8.268862e+01
1.630000e-06	-1.556115e-09	-7.114562e-10	-7.615725e+00	-8.131082e+01
1.640000e-06	-1.528451e-09	-7.025976e-10	-7.480334e+00	-7.992879e+01
1.650000e-06	-1.500671e-09	-6.938729e-10	-7.344376e+00	-7.854261e+01
1.660000e-06	-1.472843e-09	-6.818531e-10	-7.208183e+00	-7.715234e+01
1.670000e-06	-1.444943e-09	-6.684547e-10	-7.071640e+00	-7.575806e+01
1.680000e-06	-1.416945e-09	-6.566710e-10	-6.934619e+00	-7.435984e+01
1.690000e-06	-1.388886e-09	-6.472515e-10	-6.797293e+00	-7.295775e+01
1.700000e-06	-1.360775e-09	-6.373313e-10	-6.659717e+00	-7.155187e+01
1.710000e-06	-1.332611e-09	-6.250177e-10	-6.521881e+00	-7.014226e+01
1.720000e-06	-1.304399e-09	-6.132411e-10	-6.383811e+00	-6.872901e+01
1.730000e-06	-1.276144e-09	-6.034628e-10	-6.245530e+00	-6.731218e+01
1.740000e-06	-1.247866e-09	-5.933997e-10	-6.107131e+00	-6.589185e+01
1.750000e-06	-1.219567e-09	-5.804918e-10	-5.968634e+00	-6.446809e+01
1.760000e-06	-1.191241e-09	-5.656440e-10	-5.830007e+00	-6.304098e+01
1.770000e-06	-1.162895e-09	-5.514722e-10	-5.691278e+00	-6.161058e+01
1.780000e-06	-1.134535e-09	-5.424994e-10	-5.552483e+00	-6.017699e+01
1.790000e-06	-1.106158e-09	-5.373750e-10	-5.413606e+00	-5.874026e+01
1.800000e-06	-1.077760e-09	-5.296425e-10	-5.274623e+00	-5.730047e+01
1.810000e-06	-1.049341e-09	-5.171331e-10	-5.135537e+00	-5.585771e+01
1.820000e-06	-1.020894e-09	-5.024542e-10	-4.996314e+00	-5.441204e+01
1.830000e-06	-9.924264e-10	-4.880099e-10	-4.856994e+00	-5.296353e+01
1.840000e-06	-9.639456e-10	-4.747905e-10	-4.717606e+00	-5.151227e+01
1.850000e-06	-9.354410e-10	-4.627144e-10	-4.578103e+00	-5.005833e+01
1.860000e-06	-9.069135e-10	-4.497615e-10	-4.438488e+00	-4.860179e+01
1.870000e-06	-8.783604e-10	-4.384299e-10	-4.298747e+00	-4.714271e+01
1.880000e-06	-8.497716e-10	-4.297278e-10	-4.158832e+00	-4.568118e+01
1.890000e-06	-8.211554e-10	-4.199057e-10	-4.018782e+00	-4.421728e+01
1.900000e-06	-7.925007e-10	-4.058952e-10	-3.878544e+00	-4.275107e+01
1.910000e-06	-7.638275e-10	-3.892254e-10	-3.738216e+00	-4.128264e+01
1.920000e-06	-7.351405e-10	-3.748041e-10	-3.597819e+00	-3.981205e+01
1.930000e-06	-7.064075e-10	-3.650795e-10	-3.457198e+00	-3.833940e+01
1.940000e-06	-6.776425e-10	-3.572653e-10	-3.316421e+00	-3.686475e+01
1.950000e-06	-6.488564e-10	-3.467594e-10	-3.175540e+00	-3.538818e+01
1.960000e-06	-6.200595e-10	-3.343284e-10	-3.034606e+00	-3.390976e+01
1.970000e-06	-5.912321e-10	-3.221532e-10	-2.893523e+00	-3.242958e+01
1.980000e-06	-5.623645e-10	-3.099610e-10	-2.752243e+00	-3.094771e+01
1.990000e-06	-5.334688e-10	-2.963411e-10	-2.610826e+00	-2.946423e+01
2.000000e-06	-5.045127e-10	-2.819935e-10	-2.469112e+00	-2.797922e+01
2.010000e-06	-4.755102e-10	-2.706566e-10	-2.327173e+00	-2.649274e+01
2.020000e-06	-4.465131e-10	-2.616748e-10	-2.185259e+00	-2.500489e+01
2.030000e-06	-4.175065e-10	-2.532323e-10	-2.043299e+00	-2.351573e+01
2.040000e-06	-3.884681e-10	-2.420924e-10	-1.901183e+00	-2.202535e+01
2.050000e-06	-3.594056e-10	-2.262503e-10	-1.758950e+00	-2.053382e+01
2.060000e-06	-3.303204e-10	-2.090572e-10	-1.616605e+00	-1.904121e+01
2.070000e-06	-3.012122e-10	-1.935120e-10	-1.474148e+00	-1.754762e+01
2.080000e-06	-2.720882e-10	-1.811321e-10	-1.331614e+00	-1.605310e+01
2.090000e-06	-2.429566e-10	-1.688785e-10	-1.189042e+00	-1.455775e+01
2.100000e-06	-2.138273e-10	-1.560498e-10	-1.046481e+00	-1.306164e+01
2.110000e-06	-1.846825e-10	-1.461862e-10	-9.038442e-01	-1.156485e+01
2.120000e-06	-1.555060e-10	-1.368792e-10	-7.610528e-01	-1.006745e+01
2.130000e-06	-1.263231e-10	-1.243126e-10	-6.182301e-01	-8.569521e+00
2.140000e-06	-9.713840e-11	-1.072832e-10	-4.753984e-01	-7.071145e+00
2.150000e-06	-6.793420e-11	-8.817277e-11	-3.324713e-01	-5.572398e+00
2.160000e-06	-3.873074e-11	-7.342638e-11	-1.895478e-01	-4.073357e+00
2.170000e-06	-9.540360e-12	-6.512391e-11	-4.668837e-02	-2.574100e+00
2.180000e-06	1.965438e-11	-5.838101e-11	9.619246e-02	-1.074706e+00
2.190000e-06	4.885988e-11	-4.838401e-11	2.391259e-01	4.247488e-01
2.200000e-06	7.807868e-11	-3.568972e-11	3.821244e-01	1.924185e+00
2.210000e-06	1.072731e-10	-2.200223e-11	5.250036e-01	3.423526e+00
2.220000e-06	1.364289e-10	-7.238410e-12	6.676936e-01	4.922693e+00
2.230000e-06	1.655787e-10	9.189723e-12	8.103548e-01	6.421608e+00
2.240000e-06	1.947432e-10	2.605089e-11	9.530877e-01	7.920194e+00
2.250000e-06	2.238777e-10	4.022201e-11	1.095674e+00	9.418372e+00
2.260000e-06	2.530049e-10	4.923927e-11	1.238224e+00	1.091607e+01
2.270000e-06	2.821596e-10	5.667683e-11	1.380909e+00	1.241320e+01
2.280000e-06	3.112743e-10	6.703022e-11	1.523398e+00	1.390968e+01
2.290000e-06	3.403597e-10	8.201383e-11	1.665744e+00	1.540546e+01
2.300000e-06	3.694317e-10	9.970281e-11	1.808024e+00	1.690043e+01
2.310000e-06	3.984663e-10	1.163244e-10	1.950121e+00	1.839453e+01
2.320000e-06	4.274709e-10	1.314723e-10	2.092071e+00	1.988768e+01
2.330000e-06	4.564553e-10	1.439743e-10	2.233922e+00	2.137980e+01
2.340000e-06	4.854185e-10	1.535762e-10	2.375670e+00	2.287081e+01
2.350000e-06	5.143413e-10	1.627541e-10	2.517220e+00	2.436064e+01
2.360000e-06	5.432336e-10	1.749679e-10	2.658620e+00	2.584921e+01
2.370000e-06	5.721036e-10	1.904711e-10	2.799912e+00	2.733643e+01
2.380000e-06	6.009417e-10	2.083714e-10	2.941047e+00	2.882224e+01
2.390000e-06	6.297582e-10	2.257426e-10	3.082077e+00	3.030656e+01
2.400000e-06	6.585556e-10	2.403195e-10	3.223014e+00	3.178931e+01
2.410000e-06	6.873182e-10	2.524508e-10	3.363779e+00	3.327041e+01
2.420000e-06	7.160389e-10	2.619971e-10	3.504340e+00	3.474979e+01
2.430000e-06	7.447356e-10	2.718508e-10	3.644784e+00	3.622736e+01
2.440000e-06	7.734031e-10	2.844354e-10	3.785085e+00	3.770305e+01
2.450000e-06	8.020297e-10	2.996849e-10	3.925185e+00	3.917680e+01
2.460000e-06	8.306286e-10	3.152596e-10	4.065150e+00	4.064851e+01
2.470000e-06	8.592055e-10	3.280332e-10	4.205007e+00	4.211811e+01
2.480000e-06	8.877539e-10	3.401568e-10	4.344725e+00	4.358552e+01
2.490000e-06	9.162711e-10	3.543008e-10	4.484290e+00	4.505068e+01
2.500000e-06	9.447680e-10	3.691065e-10	4.623756e+00	4.651350e+01
2.510000e-06	9.732525e-10	3.823310e-10	4.763161e+00	4.797391e+01
2.520000e-06	1.001714e-09	3.940490e-10	4.902454e+00	4.943183e+01
2.530000e-06	1.030160e-09	4.068465e-10	5.041668e+00	5.088718e+01
2.540000e-06	1.058585e-09	4.206516e-10	5.180784e+00	5.233989e+01
2.550000e-06	1.086983e-09	4.342905e-10	5.319764e+00	5.378989e+01
2.560000e-06	1.115363e-09	4.474908e-10	5.458659e+00	5.523710e+01
2.570000e-06	1.143725e-09	4.606499e-10	5.597467e+00	5.668144e+01
2.580000e-06	1.172066e-09	4.755672e-10	5.736169e+00	5.812285e+01
2.590000e-06	1.200380e-09	4.918988e-10	5.874741e+00	5.956123e+01
2.600000e-06	1.228672e-09	5.045452e-10	6.013199e+00	6.099653e+01
2.610000e-06	1.256952e-09	5.139426e-10	6.151604e+00	6.242866e+01
2.620000e-06	1.285214e-09	5.264131e-10	6.289922e+00	6.385755e+01
2.630000e-06	1.313428e-09	5.430655e-10	6.428005e+00	6.528312e+01
2.640000e-06	1.341597e-09	5.615105e-10	6.565866e+00	6.670531e+01
2.650000e-06	1.369717e-09	5.775588e-10	6.703486e+00	6.812404e+01
2.660000e-06	1.397783e-09	5.895944e-10	6.840844e+00	6.953923e+01
2.670000e-06	1.425800e-09	6.016891e-10	6.977961e+00	7.095081e+01
2.680000e-06	1.453746e-09	6.178584e-10	7.114726e+00	7.235871e+01
2.690000e-06	1.481620e-09	6.354929e-10	7.251147e+00	7.376285e+01
2.700000e-06	1.509406e-09	6.489133e-10	7.387132e+00	7.516317e+01
2.710000e-06	1.537069e-09	6.599984e-10	7.522514e+00	7.655958e+01
2.720000e-06	1.564581e-09	6.734158e-10	7.657163e+00	7.795202e+01
2.730000e-06	1.591944e-09	6.889906e-10	7.791079e+00	7.934042e+01
2.740000e-06	1.619180e-09	7.042100e-10	7.924373e+00	8.072470e+01
2.750000e-06	1.646277e-09	7.151392e-10	8.056985e+00	8.210478e+01
2.760000e-06	1.673225e-09	7.245218e-10	8.188868e+00	8.348060e+01
2.770000e-06	1.700006e-09	7.395263e-10	8.319938e+00	8.485210e+01
2.780000e-06	1.726633e-09	7.594685e-10	8.450251e+00	8.621918e+01
2.790000e-06	1.753113e-09	7.772705e-10	8.579846e+00	8.758179e+01
2.800000e-06	1.779399e-09	7.891803e-10	8.708492e+00	8.893985e+01
2.810000e-06	1.805511e-09	7.978757e-10	8.836284e+00	9.029330e+01
2.820000e-06	1.831459e-09	8.087458e-10	8.963274e+00	9.164206e+01
2.830000e-06	1.857227e-09	8.232592e-10	9.089385e+00	9.298606e+01
2.840000e-06	1.882838e-09	8.372088e-10	9.214728e+00	9.432523e+01
2.850000e-06	1.908292e-09	8.488630e-10	9.339300e+00	9.565951e+01
2.860000e-06	1.933602e-09	8.619124e-10	9.463168e+00	9.698882e+01
2.870000e-06	1.958778e-09	8.794766e-10	9.586380e+00	9.831310e+01
2.880000e-06	1.983795e-09	8.973829e-10	9.708816e+00	9.963227e+01
2.890000e-06	2.008699e-09	9.101234e-10	9.830697e+00	1.009463e+02
2.900000e-06	2.033522e-09	9.159853e-10	9.952182e+00	1.022550e+02
2.910000e-06	2.058248e-09	9.217108e-10	1.007320e+01	1.035585e+02
2.920000e-06	2.082884e-09	9.344144e-10	1.019376e+01	1.048565e+02
2.930000e-06	2.107449e-09	9.510012e-10	1.031399e+01	1.061492e+02
2.940000e-06	2.131958e-09	9.666107e-10	1.043393e+01	1.074363e+02
2.950000e-06	2.156399e-09	9.786628e-10	1.055355e+01	1.087178e+02
2.960000e-06	2.180780e-09	9.899114e-10	1.067287e+01	1.099937e+02
2.970000e-06	2.205106e-09	1.004316e-09	1.079193e+01	1.112639e+02
2.980000e-06	2.229358e-09	1.018185e-09	1.091062e+01	1.125283e+02
2.990000e-06	2.253536e-09	1.026294e-09	1.102895e+01	1.137869e+02
3.000000e-06	2.277643e-09	1.031333e-09	1.114693e+01	1.150395e+02
3.010000e-06	2.301672e-09	1.040384e-09	1.126453e+01	1.162862e+02
3.020000e-06	2.325611e-09	1.056258e-09	1.138169e+01	1.175269e+02
3.030000e-06	2.349412e-09	1.075015e-09	1.149817e+01	1.187614e+02
3.040000e-06	2.373048e-09	1.091257e-09	1.161385e+01	1.199898e+02
3.050000e-06	2.396549e-09	1.102942e-09	1.172886e+01	1.212119e+02
3.060000e-06	2.419921e-09	1.112333e-09	1.184325e+01	1.224278e+02
3.070000e-06	2.443127e-09	1.122055e-09	1.195682e+01	1.236373e+02
3.080000e-06	2.466173e-09	1.132168e-09	1.206960e+01	1.248403e+02
3.090000e-06	2.489092e-09	1.141091e-09	1.218177e+01	1.260369e+02
3.100000e-06	2.511903e-09	1.151307e-09	1.229341e+01	1.272270e+02
3.110000e-06	2.534601e-09	1.165159e-09	1.240450e+01	1.284104e+02
3.120000e-06	2.557194e-09	1.179744e-09	1.251507e+01	1.295872e+02
3.130000e-06	2.579684e-09	1.191083e-09	1.262514e+01	1.307572e+02
3.140000e-06	2.602062e-09	1.197272e-09	1.273465e+01	1.319205e+02
3.150000e-06	2.624332e-09	1.202878e-09	1.284365e+01	1.330769e+02
3.160000e-06	2.646497e-09	1.211203e-09	1.295212e+01	1.342264e+02
3.170000e-06	2.668545e-09	1.222321e-09	1.306003e+01	1.353689e+02
3.180000e-06	2.690464e-09	1.234764e-09	1.316730e+01	1.365044e+02
3.190000e-06	2.712240e-09	1.245677e-09	1.327387e+01	1.376328e+02
3.200000e-06	2.733853e-09	1.255845e-09	1.337965e+01	1.387541e+02
3.210000e-06	2.755301e-09	1.266489e-09	1.348461e+01	1.398681e+02
3.220000e-06	2.776606e-09	1.274848e-09	1.358888e+01	1.409749e+02
3.230000e-06	2.797756e-09	1.280023e-09	1.369239e+01	1.420744e+02
3.240000e-06	2.818730e-09	1.285890e-09	1.379504e+01	1.431665e+02
3.250000e-06	2.839564e-09	1.295821e-09	1.389700e+01	1.442511e+02
3.260000e-06	2.860275e-09	1.308693e-09	1.399836e+01	1.453283e+02
3.270000e-06	2.880888e-09	1.319418e-09	1.409925e+01	1.463979e+02
3.280000e-06	2.901436e-09	1.325924e-09	1.419981e+01	1.474599e+02
3.290000e-06	2.921906e-09	1.331243e-09	1.429999e+01	1.485143e+02
3.300000e-06	2.942311e-09	1.339614e-09	1.439985e+01	1.495609e+02
3.310000e-06	2.962657e-09	1.350651e-09	1.449943e+01	1.505998e+02
3.320000e-06	2.982924e-09	1.361545e-09	1.459862e+01	1.516309e+02
3.330000e-06	3.003094e-09	1.369758e-09	1.469733e+01	1.526540e+02
3.340000e-06	3.023172e-09	1.376399e-09	1.479559e+01	1.536693e+02
3.350000e-06	3.043131e-09	1.383952e-09	1.489328e+01	1.546766e+02
3.360000e-06	3.062925e-09	1.390448e-09	1.499015e+01	1.556758e+02
3.370000e-06	3.082565e-09	1.396511e-09	1.508627e+01	1.566670e+02
3.380000e-06	3.102002e-09	1.403331e-09	1.518139e+01	1.576500e+02
3.390000e-06	3.121236e-09	1.412935e-09	1.527552e+01	1.586248e+02
3.400000e-06	3.140288e-09	1.425128e-09	1.536876e+01	1.595914e+02
3.410000e-06	3.159124e-09	1.434343e-09	1.546095e+01	1.605497e+02
3.420000e-06	3.177764e-09	1.439630e-09	1.555218e+01	1.614997e+02
3.430000e-06	3.196230e-09	1.442370e-09	1.564255e+01	1.624413e+02
3.440000e-06	3.214541e-09	1.446737e-09	1.573216e+01	1.633744e+02
3.450000e-06	3.232702e-09	1.455295e-09	1.582105e+01	1.642991e+02
3.460000e-06	3.250731e-09	1.465630e-09	1.590928e+01	1.652152e+02
3.470000e-06	3.268661e-09	1.476164e-09	1.599703e+01	1.661228e+02
3.480000e-06	3.286484e-09	1.485874e-09	1.608426e+01	1.670217e+02
3.490000e-06	3.304181e-09	1.494431e-09	1.617087e+01	1.679119e+02
3.500000e-06	3.321749e-09	1.499713e-09	1.625685e+01	1.687935e+02
3.510000e-06	3.339201e-09	1.502118e-09	1.634226e+01	1.696662e+02
3.520000e-06	3.356513e-09	1.504928e-09	1.642699e+01	1.705302e+02
3.530000e-06	3.373667e-09	1.509891e-09	1.651094e+01	1.713853e+02
3.540000e-06	3.390654e-09	1.517095e-09	1.659408e+01	1.722315e+02
3.550000e-06	3.407423e-09	1.524196e-09	1.667614e+01	1.730687e+02
3.560000e-06	3.423956e-09	1.529536e-09	1.675706e+01	1.738970e+02
3.570000e-06	3.440240e-09	1.534486e-09	1.683675e+01	1.747162e+02
3.580000e-06	3.456252e-09	1.540615e-09	1.691512e+01	1.755264e+02
3.590000e-06	3.471991e-09	1.546959e-09	1.699214e+01	1.763274e+02
3.600000e-06	3.487455e-09	1.551614e-09	1.706782e+01	1.771193e+02
3.610000e-06	3.502675e-09	1.554701e-09	1.714231e+01	1.779020e+02
3.620000e-06	3.517700e-09	1.557912e-09	1.721585e+01	1.786754e+02
3.630000e-06	3.532532e-09	1.562213e-09	1.728843e+01	1.794396e+02
3.640000e-06	3.547154e-09	1.567050e-09	1.735999e+01	1.801944e+02
3.650000e-06	3.561582e-09	1.571938e-09	1.743061e+01	1.809399e+02
3.660000e-06	3.575863e-09	1.576040e-09	1.750050e+01	1.816760e+02
3.670000e-06	3.590004e-09	1.579515e-09	1.756971e+01	1.824026e+02
3.680000e-06	3.603954e-09	1.583686e-09	1.763797e+01	1.831198e+02
3.690000e-06	3.617660e-09	1.588645e-09	1.770506e+01	1.838275e+02
3.700000e-06	3.631145e-09	1.593893e-09	1.777105e+01	1.845256e+02
3.710000e-06	3.644432e-09	1.597873e-09	1.783608e+01	1.852141e+02
3.720000e-06	3.657486e-09	1.600400e-09	1.789997e+01	1.858931e+02
3.730000e-06	3.670338e-09	1.602621e-09	1.796286e+01	1.865623e+02
3.740000e-06	3.683033e-09	1.604089e-09	1.802500e+01	1.872219e+02
3.750000e-06	3.695589e-09	1.605842e-09	1.808645e+01	1.878717e+02
3.760000e-06	3.707988e-09	1.609143e-09	1.814713e+01	1.885118e+02
3.770000e-06	3.720219e-09	1.614356e-09	1.820699e+01	1.891421e+02
3.780000e-06	3.732282e-09	1.620857e-09	1.826602e+01	1.897626e+02
3.790000e-06	3.744141e-09	1.626350e-09	1.832406e+01	1.903732e+02
3.800000e-06	3.755776e-09	1.629802e-09	1.838100e+01	1.909740e+02
3.810000e-06	3.767173e-09	1.630980e-09	1.843678e+01	1.915648e+02
3.820000e-06	3.778260e-09	1.632111e-09	1.849104e+01	1.921457e+02
3.830000e-06	3.788984e-09	1.635645e-09	1.854352e+01	1.927166e+02
3.840000e-06	3.799357e-09	1.640619e-09	1.859429e+01	1.932774e+02
3.850000e-06	3.809398e-09	1.645395e-09	1.864343e+01	1.938283e+02
3.860000e-06	3.819118e-09	1.648100e-09	1.869100e+01	1.943690e+02
3.870000e-06	3.828549e-09	1.649680e-09	1.873716e+01	1.948997e+02
3.880000e-06	3.837719e-09	1.651469e-09	1.878204e+01	1.954203e+02
3.890000e-06	3.846652e-09	1.653882e-09	1.882575e+01	1.959307e+02
3.900000e-06	3.855413e-09	1.657251e-09	1.886863e+01	1.964309e+02
3.910000e-06	3.864038e-09	1.661060e-09	1.891084e+01	1.969209e+02
3.920000e-06	3.872530e-09	1.666354e-09	1.895240e+01	1.974007e+02
3.930000e-06	3.880912e-09	1.673371e-09	1.899342e+01	1.978703e+02
3.940000e-06	3.889203e-09	1.680059e-09	1.903400e+01	1.983296e+02
3.950000e-06	3.897368e-09	1.683490e-09	1.907396e+01	1.987785e+02
3.960000e-06	3.905377e-09	1.683134e-09	1.911316e+01	1.992172e+02
3.970000e-06	3.913212e-09	1.681840e-09	1.915150e+01	1.996455e+02
3.980000e-06	3.920825e-09	1.683030e-09	1.918876e+01	2.000634e+02
3.990000e-06	3.928197e-09	1.687335e-09	1.922484e+01	2.004709e+02
4.000000e-06	3.935374e-09	1.692440e-09	1.925997e+01	2.008681e+02
4.010000e-06	3.942367e-09	1.697362e-09	1.929419e+01	2.012548e+02
4.020000e-06	3.949155e-09	1.702369e-09	1.932741e+01	2.016310e+02
4.030000e-06	3.955762e-09	1.706203e-09	1.935974e+01	2.019968e+02
4.040000e-06	3.962198e-09	1.707166e-09	1.939125e+01	2.023520e+02
4.050000e-06	3.968446e-09	1.705746e-09	1.942182e+01	2.026968e+02
4.060000e-06	3.974504e-09	1.704510e-09	1.945147e+01	2.030311e+02
4.070000e-06	3.980351e-09	1.707094e-09	1.948008e+01	2.033548e+02
4.080000e-06	3.985969e-09	1.713810e-09	1.950758e+01	2.036679e+02
4.090000e-06	3.991364e-09	1.720442e-09	1.953399e+01	2.039704e+02
4.100000e-06	3.996539e-09	1.723950e-09	1.955931e+01	2.042624e+02
4.110000e-06	4.001516e-09	1.724444e-09	1.958367e+01	2.045437e+02
4.120000e-06	4.006321e-09	1.724047e-09	1.960719e+01	2.048145e+02
4.130000e-06	4.010989e-09	1.725571e-09	1.963003e+01	2.050746e+02
4.140000e-06	4.015536e-09	1.728314e-09	1.965228e+01	2.053240e+02
4.150000e-06	4.019974e-09	1.730106e-09	1.967400e+01	2.055628e+02
4.160000e-06	4.024316e-09	1.731211e-09	1.969525e+01	2.057909e+02
4.170000e-06	4.028540e-09	1.733704e-09	1.971593e+01	2.060083e+02
4.180000e-06	4.032618e-09	1.737812e-09	1.973588e+01	2.062150e+02
4.190000e-06	4.036509e-09	1.739791e-09	1.975493e+01	2.064110e+02
4.200000e-06	4.040181e-09	1.739560e-09	1.977290e+01	2.065963e+02
4.210000e-06	4.043593e-09	1.740576e-09	1.978959e+01	2.067708e+02
4.220000e-06	4.046681e-09	1.743589e-09	1.980471e+01	2.069346e+02
4.230000e-06	4.049429e-09	1.747157e-09	1.981816e+01	2.070877e+02
4.240000e-06	4.051846e-09	1.749877e-09	1.982999e+01	2.072300e+02
4.250000e-06	4.053923e-09	1.750435e-09	1.984015e+01	2.073615e+02
4.260000e-06	4.055657e-09	1.750127e-09	1.984864e+01	2.074823e+02
4.270000e-06	4.057079e-09	1.752261e-09	1.985560e+01	2.075923e+02
4.280000e-06	4.058239e-09	1.754779e-09	1.986127e+01	2.076915e+02
4.290000e-06	4.059178e-09	1.754615e-09	1.986587e+01	2.077799e+02
4.300000e-06	4.059924e-09	1.753627e-09	1.986952e+01	2.078576e+02
4.310000e-06	4.060518e-09	1.754120e-09	1.987243e+01	2.079244e+02
4.320000e-06	4.060986e-09	1.756728e-09	1.987472e+01	2.079804e+02
4.330000e-06	4.061356e-09	1.759208e-09	1.987653e+01	2.080257e+02
4.340000e-06	4.061628e-09	1.759348e-09	1.987786e+01	2.080601e+02
4.350000e-06	4.061755e-09	1.757892e-09	1.987848e+01	2.080837e+02
4.360000e-06	4.061694e-09	1.758076e-09	1.987818e+01	2.080966e+02
4.370000e-06	4.061436e-09	1.761766e-09	1.987692e+01	2.080986e+02
4.380000e-06	4.060972e-09	1.759857e-09	1.987465e+01	2.080898e+02
4.390000e-06	4.060263e-09	1.751397e-09	1.987118e+01	2.080702e+02
4.400000e-06	4.059320e-09	1.746584e-09	1.986657e+01	2.080397e+02
4.410000e-06	4.058174e-09	1.730797e-09	1.986095e+01	2.079985e+02
4.420000e-06	4.056821e-09	1.779764e-09	1.985434e+01	2.079465e+02
4.430000e-06	4.055223e-09	1.835716e-09	1.984651e+01	2.078837e+02
4.440000e-06	4.053376e-09	1.792183e-09	1.983747e+01	2.078101e+02
4.450000e-06	4.051329e-09	1.755293e-09	1.982745e+01	2.077256e+02
4.460000e-06	4.049141e-09	1.693325e-09	1.981675e+01	2.076304e+02
4.470000e-06	4.046848e-09	1.637568e-09	1.980552e+01	2.075245e+02
4.480000e-06	4.044423e-09	1.679898e-09	1.979365e+01	2.074077e+02
4.490000e-06	4.041805e-09	1.757666e-09	1.978084e+01	2.072801e+02
4.500000e-06	4.038962e-09	1.846844e-09	1.976693e+01	2.071418e+02
4.510000e-06	4.035922e-09	1.862881e-09	1.975205e+01	2.069928e+02
4.520000e-06	4.032721e-09	1.818967e-09	1.973639e+01	2.068330e+02
4.530000e-06	4.029369e-09	1.772304e-09	1.971998e+01	2.066624e+02
4.540000e-06	4.025890e-09	1.701049e-09	1.970295e+01	2.064811e+02
4.550000e-06	4.022303e-09	1.669367e-09	1.968540e+01	2.062891e+02
4.560000e-06	4.018601e-09	1.689389e-09	1.966728e+01	2.060864e+02
4.570000e-06	4.014764e-09	1.755732e-09	1.964851e+01	2.058729e+02
4.580000e-06	4.010746e-09	1.808577e-09	1.962884e+01	2.056488e+02
4.590000e-06	4.006498e-09	1.809390e-09	1.960805e+01	2.054140e+02
4.600000e-06	4.001954e-09	1.783579e-09	1.958581e+01	2.051685e+02
4.610000e-06	3.997098e-09	1.731419e-09	1.956205e+01	2.049124e+02
4.620000e-06	3.991924e-09	1.688871e-09	1.953672e+01	2.046456e+02
4.630000e-06	3.986419e-09	1.685740e-09	1.950978e+01	2.043682e+02
4.640000e-06	3.980571e-09	1.735007e-09	1.948116e+01	2.040802e+02
4.650000e-06	3.974375e-09	1.791185e-09	1.945084e+01	2.037816e+02
4.660000e-06	3.967880e-09	1.805749e-09	1.941905e+01	2.034724e+02
4.670000e-06	3.961099e-09	1.766804e-09	1.938587e+01	2.031526e+02
4.680000e-06	3.954057e-09	1.711443e-09	1.935140e+01	2.028223e+02
4.690000e-06	3.946822e-09	1.684255e-09	1.931599e+01	2.024814e+02
4.700000e-06	3.939439e-09	1.695789e-09	1.927986e+01	2.021301e+02
4.710000e-06	3.931932e-09	1.732114e-09	1.924312e+01	2.017682e+02
4.720000e-06	3.924324e-09	1.765466e-09	1.920589e+01	2.013959e+02
4.730000e-06	3.916599e-09	1.777639e-09	1.916808e+01	2.010130e+02
4.740000e-06	3.908737e-09	1.753308e-09	1.912960e+01	2.006198e+02
4.750000e-06	3.900720e-09	1.716586e-09	1.909036e+01	2.002161e+02
4.760000e-06	3.892519e-09	1.689256e-09	1.905023e+01	1.998021e+02
4.770000e-06	3.884129e-09	1.682263e-09	1.900917e+01	1.993776e+02
4.780000e-06	3.875537e-09	1.694489e-09	1.896712e+01	1.989428e+02
4.790000e-06	3.866699e-09	1.720332e-09	1.892386e+01	1.984977e+02
4.800000e-06	3.857646e-09	1.747956e-09	1.887956e+01	1.980422e+02
4.810000e-06	3.848411e-09	1.743221e-09	1.883436e+01	1.975765e+02
4.820000e-06	3.838990e-09	1.706833e-09	1.878825e+01	1.971005e+02
4.830000e-06	3.829400e-09	1.669685e-09	1.874132e+01	1.966143e+02
4.840000e-06	3.819647e-09	1.661740e-09	1.869359e+01	1.961178e+02
4.850000e-06	3.809746e-09	1.672332e-09	1.864513e+01	1.956112e+02
4.860000e-06	3.799658e-09	1.683342e-09	1.859576e+01	1.950944e+02
4.870000e-06	3.789356e-09	1.692867e-09	1.854534e+01	1.945675e+02
4.880000e-06	3.778816e-09	1.689354e-09	1.849376e+01	1.940305e+02
4.890000e-06	3.768056e-09	1.674387e-09	1.844110e+01	1.934834e+02
4.900000e-06	3.757120e-09	1.655726e-09	1.838758e+01	1.929262e+02
4.910000e-06	3.745991e-09	1.648163e-09	1.833311e+01	1.923591e+02
4.920000e-06	3.734661e-09	1.646277e-09	1.827766e+01	1.917819e+02
4.930000e-06	3.723162e-09	1.645619e-09	1.822138e+01	1.911948e+02
4.940000e-06	3.711492e-09	1.649244e-09	1.816427e+01	1.905977e+02
4.950000e-06	3.699619e-09	1.647687e-09	1.810617e+01	1.899908e+02
4.960000e-06	3.687557e-09	1.636336e-09	1.804713e+01	1.893740e+02
4.970000e-06	3.675311e-09	1.618926e-09	1.798720e+01	1.887473e+02
4.980000e-06	3.662846e-09	1.610029e-09	1.792620e+01	1.881109e+02
4.990000e-06	3.650078e-09	1.608724e-09	1.786371e+01	1.874646e+02
5.000000e-06	3.636942e-09	1.611924e-09	1.779942e+01	1.868087e+02
5.010000e-06	3.623437e-09	1.615653e-09	1.773332e+01	1.861430e+02
5.020000e-06	3.609554e-09	1.613176e-09	1.766538e+01	1.854677e+02
5.030000e-06	3.595354e-09	1.602035e-09	1.759588e+01	1.847827e+02
5.040000e-06	3.580886e-09	1.585308e-09	1.752507e+01	1.840881e+02
5.050000e-06	3.566163e-09	1.572637e-09	1.745302e+01	1.833840e+02
5.060000e-06	3.551203e-09	1.564811e-09	1.737980e+01	1.826704e+02
5.070000e-06	3.536041e-09	1.564260e-09	1.730560e+01	1.819472e+02
5.080000e-06	3.520748e-09	1.566040e-09	1.723076e+01	1.812147e+02
5.090000e-06	3.505327e-09	1.562626e-09	1.715529e+01	1.804727e+02
5.100000e-06	3.489795e-09	1.553154e-09	1.707927e+01	1.797213e+02
5.110000e-06	3.474176e-09	1.541191e-09	1.700283e+01	1.789606e+02
5.120000e-06	3.458468e-09	1.531864e-09	1.692595e+01	1.781906e+02
5.130000e-06	3.442645e-09	1.524487e-09	1.684851e+01	1.774113e+02
5.140000e-06	3.426676e-09	1.520774e-09	1.677036e+01	1.766229e+02
5.150000e-06	3.410514e-09	1.517642e-09	1.669126e+01	1.758252e+02
5.160000e-06	3.394148e-09	1.511948e-09	1.661117e+01	1.750185e+02
5.170000e-06	3.377582e-09	1.503106e-09	1.653009e+01	1.742026e+02
5.180000e-06	3.360833e-09	1.494105e-09	1.644812e+01	1.733777e+02
5.190000e-06	3.343925e-09	1.486403e-09	1.636538e+01	1.725438e+02
5.200000e-06	3.326843e-09	1.478909e-09	1.628177e+01	1.717009e+02
5.210000e-06	3.309595e-09	1.473235e-09	1.619736e+01	1.708491e+02
5.220000e-06	3.292202e-09	1.466006e-09	1.611224e+01	1.699885e+02
5.230000e-06	3.274679e-09	1.455893e-09	1.602648e+01	1.691190e+02
5.240000e-06	3.257027e-09	1.442953e-09	1.594009e+01	1.682407e+02
5.250000e-06	3.239262e-09	1.431023e-09	1.585314e+01	1.673537e+02
5.260000e-06	3.221368e-09	1.421228e-09	1.576557e+01	1.664580e+02
5.270000e-06	3.203305e-09	1.413056e-09	1.567717e+01	1.655537e+02
5.280000e-06	3.185059e-09	1.406764e-09	1.558788e+01	1.646407e+02
5.290000e-06	3.166622e-09	1.399155e-09	1.549764e+01	1.637192e+02
5.300000e-06	3.147986e-09	1.391315e-09	1.540643e+01	1.627892e+02
5.310000e-06	3.129145e-09	1.381352e-09	1.531423e+01	1.618508e+02
5.320000e-06	3.110139e-09	1.369946e-09	1.522121e+01	1.609039e+02
5.330000e-06	3.090993e-09	1.360368e-09	1.512751e+01	1.599487e+02
5.340000e-06	3.071722e-09	1.352498e-09	1.503320e+01	1.589852e+02
5.350000e-06	3.052368e-09	1.345188e-09	1.493847e+01	1.580134e+02
5.360000e-06	3.032928e-09	1.336415e-09	1.484333e+01	1.570334e+02
5.370000e-06	3.013414e-09	1.328506e-09	1.474783e+01	1.560453e+02
5.380000e-06	2.993843e-09	1.320827e-09	1.465205e+01	1.550490e+02
5.390000e-06	2.974203e-09	1.312504e-09	1.455593e+01	1.540448e+02
5.400000e-06	2.954489e-09	1.303552e-09	1.445945e+01	1.530325e+02
5.410000e-06	2.934703e-09	1.293252e-09	1.436262e+01	1.520122e+02
5.420000e-06	2.914802e-09	1.283509e-09	1.426522e+01	1.509841e+02
5.430000e-06	2.894736e-09	1.274308e-09	1.416701e+01	1.499481e+02
5.440000e-06	2.874486e-09	1.265662e-09	1.406791e+01	1.489044e+02
5.450000e-06	2.854035e-09	1.256459e-09	1.396782e+01	1.478529e+02
5.460000e-06	2.833364e-09	1.245939e-09	1.386666e+01	1.467937e+02
5.470000e-06	2.812490e-09	1.236060e-09	1.376450e+01	1.457269e+02
5.480000e-06	2.791376e-09	1.227614e-09	1.366116e+01	1.446525e+02
5.490000e-06	2.769972e-09	1.218794e-09	1.355641e+01	1.435707e+02
5.500000e-06	2.748267e-09	1.208146e-09	1.345019e+01	1.424813e+02
5.510000e-06	2.726293e-09	1.195966e-09	1.334264e+01	1.413846e+02
5.520000e-06	2.704092e-09	1.185897e-09	1.323399e+01	1.402805e+02
5.530000e-06	2.681659e-09	1.179782e-09	1.312420e+01	1.391692e+02
5.540000e-06	2.659002e-09	1.172171e-09	1.301332e+01	1.380506e+02
5.550000e-06	2.636164e-09	1.159535e-09	1.290155e+01	1.369248e+02
5.560000e-06	2.613171e-09	1.145192e-09	1.278902e+01	1.357920e+02
5.570000e-06	2.590048e-09	1.134436e-09	1.267585e+01	1.346521e+02
5.580000e-06	2.566819e-09	1.128075e-09	1.256217e+01	1.335052e+02
5.590000e-06	2.543482e-09	1.122411e-09	1.244796e+01	1.323513e+02
5.600000e-06	2.520058e-09	1.114039e-09	1.233332e+01	1.311906e+02
5.610000e-06	2.496567e-09	1.103894e-09	1.221835e+01	1.300231e+02
5.620000e-06	2.473018e-09	1.094775e-09	1.210310e+01	1.288488e+02
5.630000e-06	2.449419e-09	1.085270e-09	1.198760e+01	1.276678e+02
5.640000e-06	2.425760e-09	1.072808e-09	1.187182e+01	1.264803e+02
5.650000e-06	2.402034e-09	1.058638e-09	1.175570e+01	1.252861e+02
5.660000e-06	2.378232e-09	1.048120e-09	1.163921e+01	1.240854e+02
5.670000e-06	2.354357e-09	1.041934e-09	1.152236e+01	1.228783e+02
5.680000e-06	2.330398e-09	1.034308e-09	1.140511e+01	1.216648e+02
5.690000e-06	2.306315e-09	1.021981e-09	1.128724e+01	1.204450e+02
5.700000e-06	2.282088e-09	1.006623e-09	1.116867e+01	1.192189e+02
5.710000e-06	2.257736e-09	9.938497e-10	1.104950e+01	1.179867e+02
5.720000e-06	2.233274e-09	9.846643e-10	1.092978e+01	1.167483e+02
5.730000e-06	2.208684e-09	9.751068e-10	1.080943e+01	1.155039e+02
5.740000e-06	2.183950e-09	9.623978e-10	1.068838e+01	1.142534e+02
5.750000e-06	2.159073e-09	9.479902e-10	1.056663e+01	1.129971e+02
5.760000e-06	2.134076e-09	9.371004e-10	1.044430e+01	1.117348e+02
5.770000e-06	2.108965e-09	9.297162e-10	1.032140e+01	1.104668e+02
5.780000e-06	2.083757e-09	9.202919e-10	1.019803e+01	1.091930e+02
5.790000e-06	2.058473e-09	9.068852e-10	1.007429e+01	1.079136e+02
5.800000e-06	2.033101e-09	8.925178e-10	9.950118e+00	1.066285e+02
5.810000e-06	2.007628e-09	8.817746e-10	9.825452e+00	1.053379e+02
5.820000e-06	1.982050e-09	8.741750e-10	9.700273e+00	1.040419e+02
5.830000e-06	1.956382e-09	8.646338e-10	9.574650e+00	1.027404e+02
5.840000e-06	1.930643e-09	8.505773e-10	9.448684e+00	1.014337e+02
5.850000e-06	1.904823e-09	8.356014e-10	9.322319e+00	1.001216e+02
5.860000e-06	1.878890e-09	8.245140e-10	9.195402e+00	9.880435e+01
5.870000e-06	1.852877e-09	8.167581e-10	9.068093e+00	9.748197e+01
5.880000e-06	1.826798e-09	8.078998e-10	8.940461e+00	9.615453e+01
5.890000e-06	1.800613e-09	7.959478e-10	8.812307e+00	9.482209e+01
5.900000e-06	1.774311e-09	7.854290e-10	8.683582e+00	9.348473e+01
5.910000e-06	1.747903e-09	7.769556e-10	8.554340e+00	9.214253e+01
5.920000e-06	1.721360e-09	7.675466e-10	8.424438e+00	9.079553e+01
5.930000e-06	1.694685e-09	7.539015e-10	8.293892e+00	8.944383e+01
5.940000e-06	1.667900e-09	7.383255e-10	8.162801e+00	8.808748e+01
5.950000e-06	1.640996e-09	7.266029e-10	8.031133e+00	8.672655e+01
5.960000e-06	1.614004e-09	7.193019e-10	7.899034e+00	8.536113e+01
5.970000e-06	1.586950e-09	7.127854e-10	7.766626e+00	8.399127e+01
5.980000e-06	1.559819e-09	7.016021e-10	7.633845e+00	8.261706e+01
5.990000e-06	1.532610e-09	6.880268e-10	7.500685e+00	8.123855e+01
6.000000e-06	1.505350e-09	6.765513e-10	7.367274e+00	7.985583e+01
6.010000e-06	1.478050e-09	6.679015e-10	7.233665e+00	7.846897e+01
6.020000e-06	1.450695e-09	6.590445e-10	7.099788e+00	7.707803e+01
6.030000e-06	1.423284e-09	6.475433e-10	6.965635e+00	7.568309e+01
6.040000e-06	1.395835e-09	6.355953e-10	6.831301e+00	7.428422e+01
6.050000e-06	1.368355e-09	6.237837e-10	6.696808e+00	7.288150e+01
6.060000e-06	1.340832e-09	6.113803e-10	6.562111e+00	7.147499e+01
6.070000e-06	1.313280e-09	5.984924e-10	6.427270e+00	7.006478e+01
6.080000e-06	1.285711e-09	5.852786e-10	6.292346e+00	6.865093e+01
6.090000e-06	1.258129e-09	5.734670e-10	6.157357e+00	6.723351e+01
6.100000e-06	1.230532e-09	5.653155e-10	6.022293e+00	6.581261e+01
6.110000e-06	1.202910e-09	5.610051e-10	5.887110e+00	6.438829e+01
6.120000e-06	1.175261e-09	5.549969e-10	5.751797e+00	6.296063e+01
6.130000e-06	1.147595e-09	5.434186e-10	5.616395e+00	6.152970e+01
6.140000e-06	1.119906e-09	5.285724e-10	5.480886e+00	6.009558e+01
6.150000e-06	1.092173e-09	5.127576e-10	5.345156e+00	5.865834e+01
6.160000e-06	1.064407e-09	4.985203e-10	5.209271e+00	5.721806e+01
6.170000e-06	1.036635e-09	4.868538e-10	5.073351e+00	5.577481e+01
6.180000e-06	1.008835e-09	4.780049e-10	4.937299e+00	5.432867e+01
6.190000e-06	9.809869e-10	4.705402e-10	4.801006e+00	5.287970e+01
6.200000e-06	9.530931e-10	4.620775e-10	4.664492e+00	5.142800e+01
6.210000e-06	9.251557e-10	4.503067e-10	4.527765e+00	4.997362e+01
6.220000e-06	8.971621e-10	4.352303e-10	4.390762e+00	4.851666e+01
6.230000e-06	8.691021e-10	4.202383e-10	4.253435e+00	4.705717e+01
6.240000e-06	8.409868e-10	4.071795e-10	4.115837e+00	4.559525e+01
6.250000e-06	8.128264e-10	3.952273e-10	3.978018e+00	4.413096e+01
6.260000e-06	7.846063e-10	3.832687e-10	3.839907e+00	4.266438e+01
6.270000e-06	7.563251e-10	3.707484e-10	3.701497e+00	4.119559e+01
6.280000e-06	7.280169e-10	3.583104e-10	3.562955e+00	3.972466e+01
6.290000e-06	6.996609e-10	3.476644e-10	3.424179e+00	3.825168e+01
6.300000e-06	6.712431e-10	3.369861e-10	3.285100e+00	3.677671e+01
6.310000e-06	6.427780e-10	3.240095e-10	3.145791e+00	3.529983e+01
6.320000e-06	6.142622e-10	3.094620e-10	3.006232e+00	3.382112e+01
6.330000e-06	5.857013e-10	2.963594e-10	2.866454e+00	3.234066e+01
6.340000e-06	5.571079e-10	2.846688e-10	2.726516e+00	3.085853e+01
6.350000e-06	5.284749e-10	2.712428e-10	2.586384e+00	2.937479e+01
6.360000e-06	4.997912e-10	2.567168e-10	2.446004e+00	2.788954e+01
6.370000e-06	4.710740e-10	2.425687e-10	2.305461e+00	2.640283e+01
6.380000e-06	4.423044e-10	2.300744e-10	2.164661e+00	2.491477e+01
6.390000e-06	4.134844e-10	2.203741e-10	2.023614e+00	2.342541e+01
6.400000e-06	3.846451e-10	2.119569e-10	1.882473e+00	2.193483e+01
6.410000e-06	3.557692e-10	2.014204e-10	1.741152e+00	2.044312e+01
6.420000e-06	3.268569e-10	1.876410e-10	1.599654e+00	1.895036e+01
6.430000e-06	2.979690e-10	1.729476e-10	1.458275e+00	1.745661e+01
6.440000e-06	2.690791e-10	1.577121e-10	1.316886e+00	1.596196e+01
6.450000e-06	2.401091e-10	1.438286e-10	1.175105e+00	1.446649e+01
6.460000e-06	2.110831e-10	1.327417e-10	1.033049e+00	1.297027e+01
6.470000e-06	1.820604e-10	1.224351e-10	8.910103e-01	1.147337e+01
6.480000e-06	1.530399e-10	1.123470e-10	7.489824e-01	9.975891e+00
6.490000e-06	1.239966e-10	1.000637e-10	6.068427e-01	8.477893e+00
6.500000e-06	9.493206e-11	8.571779e-11	4.645993e-01	6.979459e+00
6.510000e-06	6.586644e-11	7.142004e-11	3.223504e-01	5.480667e+00
6.520000e-06	3.680169e-11	5.813246e-11	1.801059e-01	3.981594e+00
6.530000e-06	7.734070e-12	4.668444e-11	3.784725e-02	2.482318e+00
6.540000e-06	-2.135095e-11	3.691852e-11	-1.044967e-01	9.829180e-01
6.550000e-06	-5.045320e-11	2.677701e-11	-2.469251e-01	-5.165292e-01
6.560000e-06	-7.954018e-11	1.409233e-11	-3.892786e-01	-2.015945e+00
6.570000e-06	-1.085909e-10	3.238485e-13	-5.314543e-01	-3.515252e+00
6.580000e-06	-1.376282e-10	-1.293003e-11	-6.735644e-01	-5.014373e+00
6.590000e-06	-1.666579e-10	-2.590401e-11	-8.156372e-01	-6.513228e+00
6.600000e-06	-1.956635e-10	-3.918520e-11	-9.575923e-01	-8.011741e+00
6.610000e-06	-2.246715e-10	-5.170644e-11	-1.099559e+00	-9.509833e+00
6.620000e-06	-2.536834e-10	-6.197793e-11	-1.241545e+00	-1.100743e+01
6.630000e-06	-2.826577e-10	-7.209532e-11	-1.383347e+00	-1.250444e+01
6.640000e-06	-3.115933e-10	-8.432665e-11	-1.524959e+00	-1.400081e+01
6.650000e-06	-3.405226e-10	-9.825234e-11	-1.666541e+00	-1.549644e+01
6.660000e-06	-3.694215e-10	-1.122330e-10	-1.807974e+00	-1.699126e+01
6.670000e-06	-3.982691e-10	-1.251306e-10	-1.949155e+00	-1.848520e+01
6.680000e-06	-4.270738e-10	-1.376329e-10	-2.090127e+00	-1.997817e+01
6.690000e-06	-4.558348e-10	-1.514961e-10	-2.230885e+00	-2.147010e+01
6.700000e-06	-4.845196e-10	-1.659624e-10	-2.371270e+00	-2.296091e+01
6.710000e-06	-5.131419e-10	-1.783968e-10	-2.511350e+00	-2.445052e+01
6.720000e-06	-5.417337e-10	-1.895481e-10	-2.651280e+00	-2.593886e+01
6.730000e-06	-5.702684e-10	-2.021328e-10	-2.790930e+00	-2.742584e+01
6.740000e-06	-5.987522e-10	-2.166678e-10	-2.930331e+00	-2.891140e+01
6.750000e-06	-6.272302e-10	-2.306423e-10	-3.069704e+00	-3.039545e+01
6.760000e-06	-6.556806e-10	-2.431411e-10	-3.208943e+00	-3.187791e+01
6.770000e-06	-6.840626e-10	-2.556453e-10	-3.347846e+00	-3.335872e+01
6.780000e-06	-7.123634e-10	-2.688647e-10	-3.486352e+00	-3.483778e+01
6.790000e-06	-7.405922e-10	-2.831715e-10	-3.624505e+00	-3.631504e+01
6.800000e-06	-7.687855e-10	-2.958656e-10	-3.762485e+00	-3.779040e+01
6.810000e-06	-7.969303e-10	-3.057407e-10	-3.900227e+00	-3.926379e+01
6.820000e-06	-8.250122e-10	-3.163832e-10	-4.037662e+00	-4.073514e+01
6.830000e-06	-8.530522e-10	-3.295828e-10	-4.174891e+00	-4.220437e+01
6.840000e-06	-8.810498e-10	-3.448922e-10	-4.311913e+00	-4.367141e+01
6.850000e-06	-9.089948e-10	-3.596253e-10	-4.448678e+00	-4.513616e+01
6.860000e-06	-9.368989e-10	-3.719108e-10	-4.585242e+00	-4.659857e+01
6.870000e-06	-9.647843e-10	-3.833292e-10	-4.721715e+00	-4.805856e+01
6.880000e-06	-9.926432e-10	-3.956938e-10	-4.858058e+00	-4.951604e+01
6.890000e-06	-1.020441e-09	-4.079257e-10	-4.994103e+00	-5.097095e+01
6.900000e-06	-1.048190e-09	-4.191996e-10	-5.129906e+00	-5.242320e+01
6.910000e-06	-1.075917e-09	-4.314248e-10	-5.265604e+00	-5.387272e+01
6.920000e-06	-1.103625e-09	-4.465183e-10	-5.401209e+00	-5.531944e+01
6.930000e-06	-1.131309e-09	-4.638132e-10	-5.536698e+00	-5.676329e+01
6.940000e-06	-1.158970e-09	-4.799692e-10	-5.672073e+00	-5.820418e+01
6.950000e-06	-1.186604e-09	-4.934279e-10	-5.807313e+00	-5.964204e+01
6.960000e-06	-1.214215e-09	-5.047168e-10	-5.942444e+00	-6.107679e+01
6.970000e-06	-1.241803e-09	-5.160299e-10	-6.077463e+00	-6.250837e+01
6.980000e-06	-1.269363e-09	-5.292534e-10	-6.212345e+00	-6.393670e+01
6.990000e-06	-1.296904e-09	-5.419917e-10	-6.347129e+00	-6.536170e+01
7.000000e-06	-1.324425e-09	-5.537455e-10	-6.481821e+00	-6.678330e+01
7.010000e-06	-1.351926e-09	-5.673510e-10	-6.616409e+00	-6.820143e+01
7.020000e-06	-1.379402e-09	-5.830740e-10	-6.750881e+00	-6.961601e+01
7.030000e-06	-1.406843e-09	-5.972681e-10	-6.885178e+00	-7.102697e+01
7.040000e-06	-1.434233e-09	-6.079357e-10	-7.019228e+00	-7.243423e+01
7.050000e-06	-1.461573e-09	-6.175065e-10	-7.153031e+00	-7.383772e+01
7.060000e-06	-1.488867e-09	-6.294616e-10	-7.286607e+00	-7.523738e+01
7.070000e-06	-1.516098e-09	-6.445376e-10	-7.419879e+00	-7.663312e+01
7.080000e-06	-1.543242e-09	-6.598762e-10	-7.552726e+00	-7.802487e+01
7.090000e-06	-1.570305e-09	-6.734090e-10	-7.685172e+00	-7.941257e+01
7.100000e-06	-1.597279e-09	-6.852212e-10	-7.817185e+00	-8.079614e+01
7.110000e-06	-1.624159e-09	-6.982146e-10	-7.948738e+00	-8.217550e+01
7.120000e-06	-1.650939e-09	-7.132570e-10	-8.079800e+00	-8.355059e+01
7.130000e-06	-1.677606e-09	-7.278863e-10	-8.210310e+00	-8.492133e+01
7.140000e-06	-1.704160e-09	-7.405257e-10	-8.340269e+00	-8.628766e+01
7.150000e-06	-1.730616e-09	-7.524440e-10	-8.469741e+00	-8.764950e+01
7.160000e-06	-1.756973e-09	-7.664975e-10	-8.598734e+00	-8.900678e+01
7.170000e-06	-1.783210e-09	-7.814272e-10	-8.727142e+00	-9.035943e+01
7.180000e-06	-1.809343e-09	-7.948084e-10	-8.855039e+00	-9.170739e+01
7.190000e-06	-1.835369e-09	-8.057633e-10	-8.982411e+00	-9.305057e+01
7.200000e-06	-1.861289e-09	-8.156134e-10	-9.109263e+00	-9.438892e+01
7.210000e-06	-1.887121e-09	-8.280373e-10	-9.235689e+00	-9.572235e+01
7.220000e-06	-1.912870e-09	-8.424999e-10	-9.361704e+00	-9.705081e+01
7.230000e-06	-1.938528e-09	-8.561026e-10	-9.487278e+00	-9.837422e+01
7.240000e-06	-1.964110e-09	-8.676334e-10	-9.612477e+00	-9.969252e+01
7.250000e-06	-1.989630e-09	-8.786326e-10	-9.737376e+00	-1.010056e+02
7.260000e-06	-2.015066e-09	-8.911675e-10	-9.861857e+00	-1.023135e+02
7.270000e-06	-2.040399e-09	-9.044765e-10	-9.985842e+00	-1.036160e+02
7.280000e-06	-2.065621e-09	-9.171728e-10	-1.010928e+01	-1.049132e+02
7.290000e-06	-2.090729e-09	-9.295339e-10	-1.023216e+01	-1.062049e+02
7.300000e-06	-2.115729e-09	-9.420013e-10	-1.035451e+01	-1.074910e+02
7.310000e-06	-2.140613e-09	-9.540429e-10	-1.047630e+01	-1.087716e+02
7.320000e-06	-2.165377e-09	-9.648829e-10	-1.059749e+01	-1.100466e+02
7.330000e-06	-2.190009e-09	-9.753046e-10	-1.071804e+01	-1.113158e+02
7.340000e-06	-2.214495e-09	-9.864131e-10	-1.083788e+01	-1.125792e+02
7.350000e-06	-2.238843e-09	-9.976068e-10	-1.095704e+01	-1.138367e+02
7.360000e-06	-2.263067e-09	-1.009940e-09	-1.107559e+01	-1.150884e+02
7.370000e-06	-2.287147e-09	-1.023447e-09	-1.119344e+01	-1.163340e+02
7.380000e-06	-2.311101e-09	-1.036406e-09	-1.131067e+01	-1.175737e+02
7.390000e-06	-2.334986e-09	-1.048918e-09	-1.142757e+01	-1.188072e+02
7.400000e-06	-2.358801e-09	-1.061182e-09	-1.154412e+01	-1.200345e+02
7.410000e-06	-2.382533e-09	-1.072908e-09	-1.166027e+01	-1.212556e+02
7.420000e-06	-2.406203e-09	-1.084880e-09	-1.177611e+01	-1.224703e+02
7.430000e-06	-2.429826e-09	-1.095405e-09	-1.189172e+01	-1.236787e+02
7.440000e-06	-2.453404e-09	-1.103201e-09	-1.200711e+01	-1.248807e+02
7.450000e-06	-2.476935e-09	-1.110981e-09	-1.212227e+01	-1.260762e+02
7.460000e-06	-2.500406e-09	-1.121214e-09	-1.223714e+01	-1.272651e+02
7.470000e-06	-2.523810e-09	-1.133565e-09	-1.235168e+01	-1.284474e+02
7.480000e-06	-2.547121e-09	-1.145368e-09	-1.246577e+01	-1.296231e+02
7.490000e-06	-2.570332e-09	-1.155056e-09	-1.257936e+01	-1.307920e+02
7.500000e-06	-2.593438e-09	-1.163441e-09	-1.269245e+01	-1.319541e+02
7.510000e-06	-2.616388e-09	-1.173559e-09	-1.280476e+01	-1.331093e+02
7.520000e-06	-2.639173e-09	-1.185634e-09	-1.291628e+01	-1.342576e+02
7.530000e-06	-2.661798e-09	-1.196144e-09	-1.302701e+01	-1.353989e+02
7.540000e-06	-2.684226e-09	-1.203538e-09	-1.313677e+01	-1.365332e+02
7.550000e-06	-2.706415e-09	-1.211360e-09	-1.324537e+01	-1.376604e+02
7.560000e-06	-2.728334e-09	-1.222527e-09	-1.335264e+01	-1.387805e+02
7.570000e-06	-2.749997e-09	-1.235130e-09	-1.345866e+01	-1.398933e+02
7.580000e-06	-2.771439e-09	-1.244320e-09	-1.356360e+01	-1.409989e+02
7.590000e-06	-2.792621e-09	-1.249548e-09	-1.366726e+01	-1.420971e+02
7.600000e-06	-2.813515e-09	-1.255531e-09	-1.376952e+01	-1.431879e+02
7.610000e-06	-2.834166e-09	-1.264569e-09	-1.387059e+01	-1.442713e+02
7.620000e-06	-2.854605e-09	-1.275609e-09	-1.397062e+01	-1.453472e+02
7.630000e-06	-2.874835e-09	-1.285296e-09	-1.406962e+01	-1.464155e+02
7.640000e-06	-2.894891e-09	-1.291282e-09	-1.416778e+01	-1.474762e+02
7.650000e-06	-2.914817e-09	-1.296977e-09	-1.426530e+01	-1.485293e+02
7.660000e-06	-2.934640e-09	-1.307273e-09	-1.436231e+01	-1.495746e+02
7.670000e-06	-2.954374e-09	-1.318853e-09	-1.445889e+01	-1.506122e+02
7.680000e-06	-2.974023e-09	-1.326903e-09	-1.455506e+01	-1.516419e+02
7.690000e-06	-2.993608e-09	-1.332401e-09	-1.465091e+01	-1.526637e+02
7.700000e-06	-3.013135e-09	-1.339307e-09	-1.474647e+01	-1.536776e+02
7.710000e-06	-3.032601e-09	-1.348988e-09	-1.484174e+01	-1.546836e+02
7.720000e-06	-3.052000e-09	-1.358461e-09	-1.493668e+01	-1.556814e+02
7.730000e-06	-3.071289e-09	-1.365949e-09	-1.503108e+01	-1.566712e+02
7.740000e-06	-3.090427e-09	-1.371818e-09	-1.512474e+01	-1.576529e+02
7.750000e-06	-3.109407e-09	-1.378933e-09	-1.521763e+01	-1.586263e+02
7.760000e-06	-3.128212e-09	-1.389527e-09	-1.530967e+01	-1.595915e+02
7.770000e-06	-3.146828e-09	-1.400608e-09	-1.540077e+01	-1.605484e+02
7.780000e-06	-3.165244e-09	-1.408624e-09	-1.549090e+01	-1.614969e+02
7.790000e-06	-3.183472e-09	-1.412707e-09	-1.558011e+01	-1.624371e+02
7.800000e-06	-3.201542e-09	-1.417016e-09	-1.566855e+01	-1.633688e+02
7.810000e-06	-3.219465e-09	-1.424025e-09	-1.575626e+01	-1.642920e+02
7.820000e-06	-3.237243e-09	-1.431434e-09	-1.584327e+01	-1.652067e+02
7.830000e-06	-3.254903e-09	-1.437923e-09	-1.592970e+01	-1.661128e+02
7.840000e-06	-3.272455e-09	-1.444045e-09	-1.601560e+01	-1.670103e+02
7.850000e-06	-3.289871e-09	-1.451484e-09	-1.610083e+01	-1.678990e+02
7.860000e-06	-3.307149e-09	-1.459874e-09	-1.618539e+01	-1.687791e+02
7.870000e-06	-3.324284e-09	-1.467252e-09	-1.626926e+01	-1.696503e+02
7.880000e-06	-3.341236e-09	-1.472557e-09	-1.635222e+01	-1.705128e+02
7.890000e-06	-3.357978e-09	-1.477423e-09	-1.643415e+01	-1.713664e+02
7.900000e-06	-3.374514e-09	-1.484182e-09	-1.651508e+01	-1.722111e+02
7.910000e-06	-3.390863e-09	-1.492699e-09	-1.659510e+01	-1.730468e+02
7.920000e-06	-3.407037e-09	-1.500635e-09	-1.667425e+01	-1.738735e+02
7.930000e-06	-3.423058e-09	-1.507269e-09	-1.675266e+01	-1.746912e+02
7.940000e-06	-3.438954e-09	-1.513125e-09	-1.683046e+01	-1.754998e+02
7.950000e-06	-3.454733e-09	-1.518795e-09	-1.690768e+01	-1.762993e+02
7.960000e-06	-3.470402e-09	-1.523540e-09	-1.698436e+01	-1.770896e+02
7.970000e-06	-3.485975e-09	-1.526926e-09	-1.706058e+01	-1.778708e+02
7.980000e-06	-3.501452e-09	-1.531022e-09	-1.713632e+01	-1.786426e+02
7.990000e-06	-3.516812e-09	-1.537801e-09	-1.721150e+01	-1.794052e+02
8.000000e-06	-3.532022e-09	-1.546565e-09	-1.728593e+01	-1.801585e+02
8.010000e-06	-3.547026e-09	-1.554278e-09	-1.735937e+01	-1.809024e+02
8.020000e-06	-3.561773e-09	-1.558710e-09	-1.743154e+01	-1.816369e+02
8.030000e-06	-3.576227e-09	-1.561443e-09	-1.750228e+01	-1.823619e+02
8.040000e-06	-3.590392e-09	-1.565020e-09	-1.757160e+01	-1.830775e+02
8.050000e-06	-3.604216e-09	-1.569310e-09	-1.763926e+01	-1.837836e+02
8.060000e-06	-3.617629e-09	-1.573689e-09	-1.770490e+01	-1.844801e+02
8.070000e-06	-3.630712e-09	-1.578611e-09	-1.776893e+01	-1.851670e+02
8.080000e-06	-3.643478e-09	-1.584373e-09	-1.783141e+01	-1.858442e+02
8.090000e-06	-3.655970e-09	-1.590433e-09	-1.789254e+01	-1.865119e+02
8.100000e-06	-3.668257e-09	-1.596535e-09	-1.795268e+01	-1.871698e+02
8.110000e-06	-3.680334e-09	-1.601330e-09	-1.801178e+01	-1.878180e+02
8.120000e-06	-3.692241e-09	-1.604350e-09	-1.807005e+01	-1.884564e+02
8.130000e-06	-3.703995e-09	-1.607677e-09	-1.812758e+01	-1.890851e+02
8.140000e-06	-3.715602e-09	-1.613310e-09	-1.818439e+01	-1.897039e+02
8.150000e-06	-3.727065e-09	-1.621628e-09	-1.824049e+01	-1.903128e+02
8.160000e-06	-3.738369e-09	-1.629605e-09	-1.829581e+01	-1.909119e+02
8.170000e-06	-3.749485e-09	-1.633492e-09	-1.835021e+01	-1.915010e+02
8.180000e-06	-3.760391e-09	-1.634657e-09	-1.840359e+01	-1.920802e+02
8.190000e-06	-3.771061e-09	-1.637130e-09	-1.845581e+01	-1.926494e+02
8.200000e-06	-3.781520e-09	-1.642757e-09	-1.850699e+01	-1.932086e+02
8.210000e-06	-3.791787e-09	-1.648951e-09	-1.855724e+01	-1.937577e+02
8.220000e-06	-3.801841e-09	-1.654157e-09	-1.860645e+01	-1.942968e+02
8.230000e-06	-3.811712e-09	-1.658576e-09	-1.865476e+01	-1.948258e+02
8.240000e-06	-3.821433e-09	-1.663226e-09	-1.870233e+01	-1.953446e+02
8.250000e-06	-3.831010e-09	-1.668216e-09	-1.874920e+01	-1.958533e+02
8.260000e-06	-3.840435e-09	-1.670115e-09	-1.879533e+01	-1.963518e+02
8.270000e-06	-3.849687e-09	-1.669357e-09	-1.884061e+01	-1.968401e+02
8.280000e-06	-3.858734e-09	-1.669659e-09	-1.888488e+01	-1.973182e+02
8.290000e-06	-3.867569e-09	-1.673495e-09	-1.892812e+01	-1.977860e+02
8.300000e-06	-3.876191e-09	-1.679864e-09	-1.897032e+01	-1.982435e+02
8.310000e-06	-3.884583e-09	-1.685200e-09	-1.901139e+01	-1.986907e+02
8.320000e-06	-3.892750e-09	-1.687961e-09	-1.905136e+01	-1.991276e+02
8.330000e-06	-3.900747e-09	-1.689448e-09	-1.909050e+01	-1.995542e+02
8.340000e-06	-3.908610e-09	-1.691937e-09	-1.912898e+01	-1.999703e+02
8.350000e-06	-3.916351e-09	-1.695746e-09	-1.916687e+01	-2.003761e+02
8.360000e-06	-3.923992e-09	-1.699362e-09	-1.920426e+01	-2.007715e+02
8.370000e-06	-3.931534e-09	-1.702853e-09	-1.924117e+01	-2.011564e+02
8.380000e-06	-3.938965e-09	-1.707851e-09	-1.927754e+01	-2.015309e+02
8.390000e-06	-3.946267e-09	-1.713483e-09	-1.931327e+01	-2.018949e+02
8.400000e-06	-3.953396e-09	-1.717439e-09	-1.934816e+01	-2.022484e+02
8.410000e-06	-3.960320e-09	-1.718279e-09	-1.938205e+01	-2.025913e+02
8.420000e-06	-3.967006e-09	-1.717797e-09	-1.941477e+01	-2.029238e+02
8.430000e-06	-3.973393e-09	-1.720195e-09	-1.944603e+01	-2.032457e+02
8.440000e-06	-3.979446e-09	-1.725383e-09	-1.947566e+01	-2.035570e+02
8.450000e-06	-3.985166e-09	-1.731005e-09	-1.950365e+01	-2.038578e+02
8.460000e-06	-3.990561e-09	-1.735185e-09	-1.953005e+01	-2.041480e+02
8.470000e-06	-3.995610e-09	-1.737318e-09	-1.955476e+01	-2.044275e+02
8.480000e-06	-4.000331e-09	-1.738572e-09	-1.957786e+01	-2.046965e+02
8.490000e-06	-4.004768e-09	-1.739879e-09	-1.959958e+01	-2.049547e+02
8.500000e-06	-4.008953e-09	-1.741427e-09	-1.962006e+01	-2.052024e+02
8.510000e-06	-4.012942e-09	-1.743736e-09	-1.963959e+01	-2.054393e+02
8.520000e-06	-4.016788e-09	-1.747352e-09	-1.965841e+01	-2.056656e+02
8.530000e-06	-4.020512e-09	-1.750830e-09	-1.967664e+01	-2.058812e+02
8.540000e-06	-4.024130e-09	-1.752719e-09	-1.969434e+01	-2.060861e+02
8.550000e-06	-4.027636e-09	-1.752225e-09	-1.971150e+01	-2.062803e+02
8.560000e-06	-4.030995e-09	-1.751467e-09	-1.972794e+01	-2.064638e+02
8.570000e-06	-4.034206e-09	-1.752764e-09	-1.974365e+01	-2.066365e+02
8.580000e-06	-4.037248e-09	-1.756194e-09	-1.975854e+01	-2.067985e+02
8.590000e-06	-4.040085e-09	-1.760550e-09	-1.977243e+01	-2.069497e+02
8.600000e-06	-4.042692e-09	-1.763812e-09	-1.978518e+01	-2.070902e+02
8.610000e-06	-4.045049e-09	-1.764238e-09	-1.979672e+01	-2.072199e+02
8.620000e-06	-4.047187e-09	-1.761542e-09	-1.980718e+01	-2.073389e+02
8.630000e-06	-4.049140e-09	-1.758160e-09	-1.981674e+01	-2.074471e+02
8.640000e-06	-4.050950e-09	-1.756737e-09	-1.982560e+01	-2.075444e+02
8.650000e-06	-4.052627e-09	-1.759653e-09	-1.983381e+01	-2.076310e+02
8.660000e-06	-4.054163e-09	-1.765091e-09	-1.984132e+01	-2.077068e+02
8.670000e-06	-4.055528e-09	-1.769389e-09	-1.984801e+01	-2.077719e+02
8.680000e-06	-4.056605e-09	-1.770123e-09	-1.985328e+01	-2.078261e+02
8.690000e-06	-4.057391e-09	-1.767397e-09	-1.985712e+01	-2.078695e+02
8.700000e-06	-4.057993e-09	-1.764507e-09	-1.986007e+01	-2.079021e+02
8.710000e-06	-4.058425e-09	-1.761657e-09	-1.986218e+01	-2.079239e+02
