# Temperatura_=_20.0
# Concentracion g/m^3_=_10000.0
# C_Vs_to_Am_M_A/Vsm_=_116720831517.84952
# pendiente_HvsI_1/m_=_3716.3
# ordenada_HvsI_A/m_=_1297.0
# frecuencia_Hz_=_135108.60379380838
# Promedio de 25 ciclos

Tiempo_(s)	Campo_(V.s)	Magnetizacion_(V.s)	Campo_(kA/m)	Magnetizacion_(A/m)
0.000000e+00	-5.174677e-09	-2.177775e-09	-2.725545e+01	-2.518725e+02
1.000000e-08	-5.174613e-09	-2.177885e-09	-2.725511e+01	-2.517957e+02
2.000000e-08	-5.174298e-09	-2.178796e-09	-2.725345e+01	-2.517008e+02
3.000000e-08	-5.173773e-09	-2.180327e-09	-2.725068e+01	-2.515876e+02
4.000000e-08	-5.173028e-09	-2.180412e-09	-2.724676e+01	-2.514564e+02
5.000000e-08	-5.171944e-09	-2.176249e-09	-2.724105e+01	-2.513069e+02
6.000000e-08	-5.170370e-09	-2.164172e-09	-2.723276e+01	-2.511394e+02
7.000000e-08	-5.168136e-09	-2.162949e-09	-2.722099e+01	-2.509537e+02
8.000000e-08	-5.165150e-09	-2.159665e-09	-2.720526e+01	-2.507499e+02
9.000000e-08	-5.161549e-09	-2.124300e-09	-2.718630e+01	-2.505280e+02
1.000000e-07	-5.157568e-09	-2.117211e-09	-2.716533e+01	-2.502880e+02
1.100000e-07	-5.153365e-09	-2.174082e-09	-2.714319e+01	-2.500299e+02
1.200000e-07	-5.148980e-09	-2.153547e-09	-2.712009e+01	-2.497538e+02
1.300000e-07	-5.144377e-09	-2.086411e-09	-2.709585e+01	-2.494597e+02
1.400000e-07	-5.139500e-09	-2.093345e-09	-2.707016e+01	-2.491476e+02
1.500000e-07	-5.134252e-09	-2.108768e-09	-2.704252e+01	-2.488174e+02
1.600000e-07	-5.128579e-09	-2.098987e-09	-2.701264e+01	-2.484694e+02
1.700000e-07	-5.122531e-09	-2.096578e-09	-2.698078e+01	-2.481034e+02
1.800000e-07	-5.116174e-09	-2.116838e-09	-2.694730e+01	-2.477195e+02
1.900000e-07	-5.109524e-09	-2.120744e-09	-2.691228e+01	-2.473177e+02
2.000000e-07	-5.102552e-09	-2.098286e-09	-2.687555e+01	-2.468980e+02
2.100000e-07	-5.095206e-09	-2.066372e-09	-2.683686e+01	-2.464606e+02
2.200000e-07	-5.087448e-09	-2.071336e-09	-2.679600e+01	-2.460053e+02
2.300000e-07	-5.079330e-09	-2.095876e-09	-2.675324e+01	-2.455323e+02
2.400000e-07	-5.070943e-09	-2.095780e-09	-2.670907e+01	-2.450416e+02
2.500000e-07	-5.062323e-09	-2.082124e-09	-2.666366e+01	-2.445331e+02
2.600000e-07	-5.053430e-09	-2.086605e-09	-2.661682e+01	-2.440071e+02
2.700000e-07	-5.044168e-09	-2.077866e-09	-2.656804e+01	-2.434634e+02
2.800000e-07	-5.034402e-09	-2.044769e-09	-2.651660e+01	-2.429021e+02
2.900000e-07	-5.024032e-09	-2.033152e-09	-2.646198e+01	-2.423234e+02
3.000000e-07	-5.013064e-09	-2.052001e-09	-2.640421e+01	-2.417271e+02
3.100000e-07	-5.001571e-09	-2.065160e-09	-2.634368e+01	-2.411134e+02
3.200000e-07	-4.989629e-09	-2.049226e-09	-2.628078e+01	-2.404822e+02
3.300000e-07	-4.977321e-09	-2.033406e-09	-2.621595e+01	-2.398337e+02
3.400000e-07	-4.964695e-09	-2.031068e-09	-2.614945e+01	-2.391679e+02
3.500000e-07	-4.951731e-09	-2.023055e-09	-2.608117e+01	-2.384849e+02
3.600000e-07	-4.938377e-09	-2.005598e-09	-2.601083e+01	-2.377846e+02
3.700000e-07	-4.924597e-09	-2.005511e-09	-2.593825e+01	-2.370672e+02
3.800000e-07	-4.910420e-09	-2.009915e-09	-2.586358e+01	-2.363326e+02
3.900000e-07	-4.895897e-09	-2.001713e-09	-2.578708e+01	-2.355810e+02
4.000000e-07	-4.880982e-09	-1.990293e-09	-2.570852e+01	-2.348124e+02
4.100000e-07	-4.865585e-09	-1.986400e-09	-2.562743e+01	-2.340268e+02
4.200000e-07	-4.849651e-09	-1.970194e-09	-2.554350e+01	-2.332244e+02
4.300000e-07	-4.833182e-09	-1.955198e-09	-2.545675e+01	-2.324051e+02
4.400000e-07	-4.816238e-09	-1.958981e-09	-2.536751e+01	-2.315690e+02
4.500000e-07	-4.798881e-09	-1.964811e-09	-2.527609e+01	-2.307163e+02
4.600000e-07	-4.781203e-09	-1.950744e-09	-2.518298e+01	-2.298468e+02
4.700000e-07	-4.763274e-09	-1.934535e-09	-2.508855e+01	-2.289608e+02
4.800000e-07	-4.745107e-09	-1.928896e-09	-2.499286e+01	-2.280582e+02
4.900000e-07	-4.726684e-09	-1.921175e-09	-2.489582e+01	-2.271392e+02
5.000000e-07	-4.707951e-09	-1.908113e-09	-2.479716e+01	-2.262038e+02
5.100000e-07	-4.688856e-09	-1.902869e-09	-2.469658e+01	-2.252521e+02
5.200000e-07	-4.669373e-09	-1.900686e-09	-2.459396e+01	-2.242841e+02
5.300000e-07	-4.649521e-09	-1.892340e-09	-2.448940e+01	-2.232999e+02
5.400000e-07	-4.629365e-09	-1.882686e-09	-2.438324e+01	-2.222996e+02
5.500000e-07	-4.609001e-09	-1.871373e-09	-2.427597e+01	-2.212832e+02
5.600000e-07	-4.588468e-09	-1.855893e-09	-2.416783e+01	-2.202509e+02
5.700000e-07	-4.567753e-09	-1.844214e-09	-2.405872e+01	-2.192027e+02
5.800000e-07	-4.546810e-09	-1.841037e-09	-2.394841e+01	-2.181386e+02
5.900000e-07	-4.525570e-09	-1.834444e-09	-2.383654e+01	-2.170588e+02
6.000000e-07	-4.503984e-09	-1.823204e-09	-2.372285e+01	-2.159633e+02
6.100000e-07	-4.482044e-09	-1.815169e-09	-2.360728e+01	-2.148523e+02
6.200000e-07	-4.459792e-09	-1.807135e-09	-2.349008e+01	-2.137257e+02
6.300000e-07	-4.437270e-09	-1.793883e-09	-2.337145e+01	-2.125837e+02
6.400000e-07	-4.414452e-09	-1.783677e-09	-2.325127e+01	-2.114263e+02
6.500000e-07	-4.391281e-09	-1.775076e-09	-2.312923e+01	-2.102537e+02
6.600000e-07	-4.367755e-09	-1.762965e-09	-2.300531e+01	-2.090659e+02
6.700000e-07	-4.343909e-09	-1.749797e-09	-2.287971e+01	-2.078630e+02
6.800000e-07	-4.319777e-09	-1.740399e-09	-2.275261e+01	-2.066452e+02
6.900000e-07	-4.295441e-09	-1.730058e-09	-2.262443e+01	-2.054123e+02
7.000000e-07	-4.270946e-09	-1.721078e-09	-2.249541e+01	-2.041647e+02
7.100000e-07	-4.246256e-09	-1.713903e-09	-2.236537e+01	-2.029023e+02
7.200000e-07	-4.221305e-09	-1.704066e-09	-2.223395e+01	-2.016253e+02
7.300000e-07	-4.196017e-09	-1.691175e-09	-2.210075e+01	-2.003337e+02
7.400000e-07	-4.170365e-09	-1.681032e-09	-2.196565e+01	-1.990276e+02
7.500000e-07	-4.144284e-09	-1.671239e-09	-2.182827e+01	-1.977072e+02
7.600000e-07	-4.117700e-09	-1.659988e-09	-2.168825e+01	-1.963725e+02
7.700000e-07	-4.090637e-09	-1.648816e-09	-2.154571e+01	-1.950237e+02
7.800000e-07	-4.063121e-09	-1.637804e-09	-2.140078e+01	-1.936607e+02
7.900000e-07	-4.035192e-09	-1.625527e-09	-2.125367e+01	-1.922838e+02
8.000000e-07	-4.006967e-09	-1.613844e-09	-2.110501e+01	-1.908929e+02
8.100000e-07	-3.978565e-09	-1.601635e-09	-2.095542e+01	-1.894883e+02
8.200000e-07	-3.950014e-09	-1.588343e-09	-2.080504e+01	-1.880701e+02
8.300000e-07	-3.921302e-09	-1.576038e-09	-2.065381e+01	-1.866382e+02
8.400000e-07	-3.892399e-09	-1.564010e-09	-2.050157e+01	-1.851928e+02
8.500000e-07	-3.863249e-09	-1.550430e-09	-2.034804e+01	-1.837341e+02
8.600000e-07	-3.833785e-09	-1.535689e-09	-2.019285e+01	-1.822621e+02
8.700000e-07	-3.804010e-09	-1.520783e-09	-2.003602e+01	-1.807770e+02
8.800000e-07	-3.773963e-09	-1.506634e-09	-1.987776e+01	-1.792788e+02
8.900000e-07	-3.743678e-09	-1.494018e-09	-1.971825e+01	-1.777677e+02
9.000000e-07	-3.713180e-09	-1.481599e-09	-1.955761e+01	-1.762437e+02
9.100000e-07	-3.682445e-09	-1.468313e-09	-1.939573e+01	-1.747070e+02
9.200000e-07	-3.651459e-09	-1.454114e-09	-1.923252e+01	-1.731576e+02
9.300000e-07	-3.620207e-09	-1.440877e-09	-1.906792e+01	-1.715958e+02
9.400000e-07	-3.588684e-09	-1.428008e-09	-1.890188e+01	-1.700216e+02
9.500000e-07	-3.556910e-09	-1.414337e-09	-1.873453e+01	-1.684351e+02
9.600000e-07	-3.524920e-09	-1.399468e-09	-1.856603e+01	-1.668364e+02
9.700000e-07	-3.492729e-09	-1.385282e-09	-1.839648e+01	-1.652257e+02
9.800000e-07	-3.460368e-09	-1.372025e-09	-1.822603e+01	-1.636030e+02
9.900000e-07	-3.427874e-09	-1.358387e-09	-1.805488e+01	-1.619686e+02
1.000000e-06	-3.395221e-09	-1.341588e-09	-1.788289e+01	-1.603224e+02
1.010000e-06	-3.362379e-09	-1.323462e-09	-1.770991e+01	-1.586647e+02
1.020000e-06	-3.329317e-09	-1.307714e-09	-1.753577e+01	-1.569954e+02
1.030000e-06	-3.295976e-09	-1.294218e-09	-1.736016e+01	-1.553149e+02
1.040000e-06	-3.262326e-09	-1.280256e-09	-1.718293e+01	-1.536231e+02
1.050000e-06	-3.228328e-09	-1.265544e-09	-1.700386e+01	-1.519203e+02
1.060000e-06	-3.193921e-09	-1.249779e-09	-1.682263e+01	-1.502064e+02
1.070000e-06	-3.159091e-09	-1.233704e-09	-1.663918e+01	-1.484818e+02
1.080000e-06	-3.123856e-09	-1.215717e-09	-1.645360e+01	-1.467463e+02
1.090000e-06	-3.088265e-09	-1.196825e-09	-1.626614e+01	-1.450003e+02
1.100000e-06	-3.052384e-09	-1.179082e-09	-1.607714e+01	-1.432438e+02
1.110000e-06	-3.016287e-09	-1.163368e-09	-1.588702e+01	-1.414770e+02
1.120000e-06	-2.980031e-09	-1.149003e-09	-1.569606e+01	-1.396999e+02
1.130000e-06	-2.943642e-09	-1.134886e-09	-1.550439e+01	-1.379128e+02
1.140000e-06	-2.907151e-09	-1.119849e-09	-1.531219e+01	-1.361157e+02
1.150000e-06	-2.870574e-09	-1.103911e-09	-1.511954e+01	-1.343087e+02
1.160000e-06	-2.833884e-09	-1.088775e-09	-1.492629e+01	-1.324921e+02
1.170000e-06	-2.797048e-09	-1.073493e-09	-1.473227e+01	-1.306658e+02
1.180000e-06	-2.760036e-09	-1.055806e-09	-1.453732e+01	-1.288302e+02
1.190000e-06	-2.722809e-09	-1.035341e-09	-1.434124e+01	-1.269852e+02
1.200000e-06	-2.685362e-09	-1.014449e-09	-1.414401e+01	-1.251310e+02
1.210000e-06	-2.647682e-09	-9.958968e-10	-1.394555e+01	-1.232678e+02
1.220000e-06	-2.609781e-09	-9.817215e-10	-1.374592e+01	-1.213957e+02
1.230000e-06	-2.571693e-09	-9.698790e-10	-1.354531e+01	-1.195148e+02
1.240000e-06	-2.533437e-09	-9.568444e-10	-1.334381e+01	-1.176253e+02
1.250000e-06	-2.495019e-09	-9.413228e-10	-1.314146e+01	-1.157273e+02
1.260000e-06	-2.456443e-09	-9.226696e-10	-1.293828e+01	-1.138209e+02
1.270000e-06	-2.417720e-09	-9.014454e-10	-1.273432e+01	-1.119062e+02
1.280000e-06	-2.378843e-09	-8.802193e-10	-1.252955e+01	-1.099835e+02
1.290000e-06	-2.339786e-09	-8.615612e-10	-1.232384e+01	-1.080529e+02
1.300000e-06	-2.300569e-09	-8.474047e-10	-1.211727e+01	-1.061144e+02
1.310000e-06	-2.261178e-09	-8.364211e-10	-1.190980e+01	-1.041682e+02
1.320000e-06	-2.221594e-09	-8.250409e-10	-1.170130e+01	-1.022146e+02
1.330000e-06	-2.181846e-09	-8.087543e-10	-1.149195e+01	-1.002535e+02
1.340000e-06	-2.141929e-09	-7.891651e-10	-1.128171e+01	-9.828518e+01
1.350000e-06	-2.101860e-09	-7.706442e-10	-1.107066e+01	-9.630975e+01
1.360000e-06	-2.061670e-09	-7.551246e-10	-1.085898e+01	-9.432736e+01
1.370000e-06	-2.021377e-09	-7.401314e-10	-1.064675e+01	-9.233814e+01
1.380000e-06	-1.980991e-09	-7.237503e-10	-1.043403e+01	-9.034224e+01
1.390000e-06	-1.940537e-09	-7.071031e-10	-1.022096e+01	-8.833981e+01
1.400000e-06	-1.900033e-09	-6.915547e-10	-1.000762e+01	-8.633099e+01
1.410000e-06	-1.859472e-09	-6.767806e-10	-9.793980e+00	-8.431592e+01
1.420000e-06	-1.818842e-09	-6.614107e-10	-9.579980e+00	-8.229475e+01
1.430000e-06	-1.778137e-09	-6.440071e-10	-9.365580e+00	-8.026762e+01
1.440000e-06	-1.737345e-09	-6.251595e-10	-9.150726e+00	-7.823468e+01
1.450000e-06	-1.696460e-09	-6.090290e-10	-8.935382e+00	-7.619609e+01
1.460000e-06	-1.655471e-09	-5.962155e-10	-8.719491e+00	-7.415197e+01
1.470000e-06	-1.614346e-09	-5.819632e-10	-8.502881e+00	-7.210249e+01
1.480000e-06	-1.573085e-09	-5.635754e-10	-8.285554e+00	-7.004778e+01
1.490000e-06	-1.531685e-09	-5.439254e-10	-8.067500e+00	-6.798801e+01
1.500000e-06	-1.490140e-09	-5.275367e-10	-7.848675e+00	-6.592331e+01
1.510000e-06	-1.448443e-09	-5.146848e-10	-7.629057e+00	-6.385383e+01
1.520000e-06	-1.406574e-09	-5.015584e-10	-7.408532e+00	-6.177973e+01
1.530000e-06	-1.364528e-09	-4.854910e-10	-7.187070e+00	-5.970115e+01
1.540000e-06	-1.322325e-09	-4.675883e-10	-6.964785e+00	-5.761824e+01
1.550000e-06	-1.279971e-09	-4.490956e-10	-6.741701e+00	-5.553115e+01
1.560000e-06	-1.237444e-09	-4.303468e-10	-6.517707e+00	-5.344004e+01
1.570000e-06	-1.194758e-09	-4.122105e-10	-6.292878e+00	-5.134506e+01
1.580000e-06	-1.151901e-09	-3.944223e-10	-6.067147e+00	-4.924635e+01
1.590000e-06	-1.108884e-09	-3.778894e-10	-5.840570e+00	-4.714406e+01
1.600000e-06	-1.065738e-09	-3.637551e-10	-5.613319e+00	-4.503836e+01
1.610000e-06	-1.022460e-09	-3.498544e-10	-5.385368e+00	-4.292938e+01
1.620000e-06	-9.790565e-10	-3.336573e-10	-5.156761e+00	-4.081729e+01
1.630000e-06	-9.355411e-10	-3.147699e-10	-4.927562e+00	-3.870223e+01
1.640000e-06	-8.919160e-10	-2.947359e-10	-4.697785e+00	-3.658436e+01
1.650000e-06	-8.482098e-10	-2.763108e-10	-4.467581e+00	-3.446382e+01
1.660000e-06	-8.044264e-10	-2.594582e-10	-4.236970e+00	-3.234078e+01
1.670000e-06	-7.605604e-10	-2.422278e-10	-4.005924e+00	-3.021538e+01
1.680000e-06	-7.166357e-10	-2.244841e-10	-3.774569e+00	-2.808778e+01
1.690000e-06	-6.726576e-10	-2.081988e-10	-3.542934e+00	-2.595814e+01
1.700000e-06	-6.286322e-10	-1.921560e-10	-3.311048e+00	-2.382660e+01
1.710000e-06	-5.845560e-10	-1.744090e-10	-3.078895e+00	-2.169331e+01
1.720000e-06	-5.404281e-10	-1.541962e-10	-2.846470e+00	-1.955844e+01
1.730000e-06	-4.962600e-10	-1.342468e-10	-2.613833e+00	-1.742214e+01
1.740000e-06	-4.520692e-10	-1.172116e-10	-2.381077e+00	-1.528456e+01
1.750000e-06	-4.078614e-10	-1.012011e-10	-2.148230e+00	-1.314585e+01
1.760000e-06	-3.636271e-10	-8.325620e-11	-1.915245e+00	-1.100617e+01
1.770000e-06	-3.193609e-10	-6.434980e-11	-1.682091e+00	-8.865674e+00
1.780000e-06	-2.750796e-10	-4.638144e-11	-1.448857e+00	-6.724515e+00
1.790000e-06	-2.307897e-10	-3.066925e-11	-1.215579e+00	-4.582847e+00
1.800000e-06	-1.864811e-10	-1.699845e-11	-9.822023e-01	-2.440825e+00
1.810000e-06	-1.421671e-10	-1.863172e-12	-7.487964e-01	-2.986037e-01
1.820000e-06	-9.785171e-11	1.579669e-11	-5.153837e-01	1.843663e+00
1.830000e-06	-5.353712e-11	3.492792e-11	-2.819751e-01	3.985820e+00
1.840000e-06	-9.226327e-12	5.370288e-11	-4.858655e-02	6.127714e+00
1.850000e-06	3.508584e-11	7.115334e-11	1.848093e-01	8.269190e+00
1.860000e-06	7.940138e-11	8.937168e-11	4.182229e-01	1.041009e+01
1.870000e-06	1.237155e-10	1.079675e-10	6.516290e-01	1.255027e+01
1.880000e-06	1.680256e-10	1.240227e-10	8.850143e-01	1.468957e+01
1.890000e-06	2.123257e-10	1.367428e-10	1.118347e+00	1.682783e+01
1.900000e-06	2.566115e-10	1.486830e-10	1.351603e+00	1.896490e+01
1.910000e-06	3.008893e-10	1.646573e-10	1.584818e+00	2.110063e+01
1.920000e-06	3.451569e-10	1.848291e-10	1.817979e+00	2.323486e+01
1.930000e-06	3.894115e-10	2.055526e-10	2.051072e+00	2.536744e+01
1.940000e-06	4.336375e-10	2.238187e-10	2.284014e+00	2.749821e+01
1.950000e-06	4.778292e-10	2.396235e-10	2.516775e+00	2.962703e+01
1.960000e-06	5.219872e-10	2.547228e-10	2.749359e+00	3.175374e+01
1.970000e-06	5.661005e-10	2.712272e-10	2.981708e+00	3.387818e+01
1.980000e-06	6.101724e-10	2.870407e-10	3.213838e+00	3.600020e+01
1.990000e-06	6.541978e-10	3.008680e-10	3.445723e+00	3.811965e+01
2.000000e-06	6.981844e-10	3.164991e-10	3.677404e+00	4.023637e+01
2.010000e-06	7.421325e-10	3.367861e-10	3.908883e+00	4.235022e+01
2.020000e-06	7.860112e-10	3.592886e-10	4.139995e+00	4.446104e+01
2.030000e-06	8.298148e-10	3.781261e-10	4.370712e+00	4.656868e+01
2.040000e-06	8.735360e-10	3.919611e-10	4.600995e+00	4.867299e+01
2.050000e-06	9.171605e-10	4.050825e-10	4.830769e+00	5.077381e+01
2.060000e-06	9.606673e-10	4.216598e-10	5.059923e+00	5.287100e+01
2.070000e-06	1.004035e-09	4.416098e-10	5.288343e+00	5.496440e+01
2.080000e-06	1.047260e-09	4.612645e-10	5.516013e+00	5.705386e+01
2.090000e-06	1.090335e-09	4.773731e-10	5.742890e+00	5.913923e+01
2.100000e-06	1.133274e-09	4.918010e-10	5.969055e+00	6.122036e+01
2.110000e-06	1.176085e-09	5.080366e-10	6.194542e+00	6.329711e+01
2.120000e-06	1.218717e-09	5.260135e-10	6.419089e+00	6.536931e+01
2.130000e-06	1.261172e-09	5.432982e-10	6.642703e+00	6.743683e+01
2.140000e-06	1.303487e-09	5.590766e-10	6.865578e+00	6.949951e+01
2.150000e-06	1.345640e-09	5.758368e-10	7.087604e+00	7.155720e+01
2.160000e-06	1.387611e-09	5.952630e-10	7.308667e+00	7.360976e+01
2.170000e-06	1.429400e-09	6.162317e-10	7.528776e+00	7.565704e+01
2.180000e-06	1.471027e-09	6.353447e-10	7.748026e+00	7.769889e+01
2.190000e-06	1.512522e-09	6.501232e-10	7.966582e+00	7.973516e+01
2.200000e-06	1.553877e-09	6.640464e-10	8.184404e+00	8.176571e+01
2.210000e-06	1.595077e-09	6.816879e-10	8.401406e+00	8.379039e+01
2.220000e-06	1.636128e-09	7.021648e-10	8.617625e+00	8.580905e+01
2.230000e-06	1.677053e-09	7.202355e-10	8.833180e+00	8.782155e+01
2.240000e-06	1.717874e-09	7.346587e-10	9.048192e+00	8.982774e+01
2.250000e-06	1.758599e-09	7.496615e-10	9.262690e+00	9.182748e+01
2.260000e-06	1.799240e-09	7.676714e-10	9.476752e+00	9.382063e+01
2.270000e-06	1.839819e-09	7.860585e-10	9.690482e+00	9.580704e+01
2.280000e-06	1.880350e-09	8.016125e-10	9.903966e+00	9.778657e+01
2.290000e-06	1.920840e-09	8.149377e-10	1.011723e+01	9.975907e+01
2.300000e-06	1.961264e-09	8.299994e-10	1.033015e+01	1.017244e+02
2.310000e-06	2.001612e-09	8.481762e-10	1.054266e+01	1.036824e+02
2.320000e-06	2.041868e-09	8.656340e-10	1.075469e+01	1.056330e+02
2.330000e-06	2.081998e-09	8.801076e-10	1.096606e+01	1.075760e+02
2.340000e-06	2.121986e-09	8.946948e-10	1.117668e+01	1.095112e+02
2.350000e-06	2.161797e-09	9.133404e-10	1.138637e+01	1.114386e+02
2.360000e-06	2.201415e-09	9.347847e-10	1.159504e+01	1.133580e+02
2.370000e-06	2.240874e-09	9.536893e-10	1.180287e+01	1.152692e+02
2.380000e-06	2.280158e-09	9.677621e-10	1.200979e+01	1.171722e+02
2.390000e-06	2.319243e-09	9.799587e-10	1.221565e+01	1.190667e+02
2.400000e-06	2.358167e-09	9.942583e-10	1.242066e+01	1.209527e+02
2.410000e-06	2.396954e-09	1.011323e-09	1.262496e+01	1.228299e+02
2.420000e-06	2.435611e-09	1.028988e-09	1.282857e+01	1.246984e+02
2.430000e-06	2.474136e-09	1.045006e-09	1.303148e+01	1.265578e+02
2.440000e-06	2.512522e-09	1.060577e-09	1.323366e+01	1.284082e+02
2.450000e-06	2.550748e-09	1.077507e-09	1.343501e+01	1.302494e+02
2.460000e-06	2.588785e-09	1.093858e-09	1.363535e+01	1.320811e+02
2.470000e-06	2.626627e-09	1.108731e-09	1.383467e+01	1.339034e+02
2.480000e-06	2.664250e-09	1.123131e-09	1.403283e+01	1.357161e+02
2.490000e-06	2.701652e-09	1.138331e-09	1.422982e+01	1.375190e+02
2.500000e-06	2.738837e-09	1.154686e-09	1.442568e+01	1.393120e+02
2.510000e-06	2.775826e-09	1.170869e-09	1.462051e+01	1.410950e+02
2.520000e-06	2.812653e-09	1.186258e-09	1.481448e+01	1.428678e+02
2.530000e-06	2.849348e-09	1.201634e-09	1.500776e+01	1.446304e+02
2.540000e-06	2.885938e-09	1.217803e-09	1.520048e+01	1.463825e+02
2.550000e-06	2.922455e-09	1.233607e-09	1.539281e+01	1.481242e+02
2.560000e-06	2.958883e-09	1.247207e-09	1.558468e+01	1.498552e+02
2.570000e-06	2.995180e-09	1.259741e-09	1.577587e+01	1.515754e+02
2.580000e-06	3.031321e-09	1.274249e-09	1.596622e+01	1.532847e+02
2.590000e-06	3.067271e-09	1.291971e-09	1.615557e+01	1.549830e+02
2.600000e-06	3.102941e-09	1.309731e-09	1.634345e+01	1.566701e+02
2.610000e-06	3.138249e-09	1.324539e-09	1.652942e+01	1.583460e+02
2.620000e-06	3.173161e-09	1.337423e-09	1.671330e+01	1.600104e+02
2.630000e-06	3.207660e-09	1.350884e-09	1.689501e+01	1.616634e+02
2.640000e-06	3.241760e-09	1.364315e-09	1.707462e+01	1.633047e+02
2.650000e-06	3.275485e-09	1.377179e-09	1.725225e+01	1.649343e+02
2.660000e-06	3.308863e-09	1.390767e-09	1.742806e+01	1.665520e+02
2.670000e-06	3.341958e-09	1.406133e-09	1.760237e+01	1.681578e+02
2.680000e-06	3.374835e-09	1.422765e-09	1.777554e+01	1.697514e+02
2.690000e-06	3.407542e-09	1.438554e-09	1.794781e+01	1.713329e+02
2.700000e-06	3.440122e-09	1.451882e-09	1.811941e+01	1.729020e+02
2.710000e-06	3.472585e-09	1.462710e-09	1.829039e+01	1.744586e+02
2.720000e-06	3.504914e-09	1.474024e-09	1.846067e+01	1.760028e+02
2.730000e-06	3.537066e-09	1.488349e-09	1.863002e+01	1.775342e+02
2.740000e-06	3.568977e-09	1.503081e-09	1.879810e+01	1.790529e+02
2.750000e-06	3.600601e-09	1.515427e-09	1.896466e+01	1.805587e+02
2.760000e-06	3.631929e-09	1.526390e-09	1.912967e+01	1.820515e+02
2.770000e-06	3.662959e-09	1.538431e-09	1.929311e+01	1.835312e+02
2.780000e-06	3.693728e-09	1.552012e-09	1.945517e+01	1.849977e+02
2.790000e-06	3.724273e-09	1.565350e-09	1.961605e+01	1.864509e+02
2.800000e-06	3.754603e-09	1.577034e-09	1.977581e+01	1.878907e+02
2.810000e-06	3.784722e-09	1.588993e-09	1.993444e+01	1.893169e+02
2.820000e-06	3.814606e-09	1.604186e-09	2.009184e+01	1.907295e+02
2.830000e-06	3.844214e-09	1.620421e-09	2.024779e+01	1.921285e+02
2.840000e-06	3.873533e-09	1.633675e-09	2.040222e+01	1.935135e+02
2.850000e-06	3.902595e-09	1.642567e-09	2.055529e+01	1.948847e+02
2.860000e-06	3.931439e-09	1.650412e-09	2.070721e+01	1.962418e+02
2.870000e-06	3.960100e-09	1.661497e-09	2.085818e+01	1.975848e+02
2.880000e-06	3.988625e-09	1.674179e-09	2.100842e+01	1.989136e+02
2.890000e-06	4.017003e-09	1.685414e-09	2.115789e+01	2.002281e+02
2.900000e-06	4.045161e-09	1.695895e-09	2.130620e+01	2.015282e+02
2.910000e-06	4.073010e-09	1.708291e-09	2.145288e+01	2.028138e+02
2.920000e-06	4.100452e-09	1.722683e-09	2.159742e+01	2.040847e+02
2.930000e-06	4.127392e-09	1.735359e-09	2.173932e+01	2.053410e+02
2.940000e-06	4.153811e-09	1.744875e-09	2.187846e+01	2.065825e+02
2.950000e-06	4.179731e-09	1.753333e-09	2.201499e+01	2.078092e+02
2.960000e-06	4.205230e-09	1.763926e-09	2.214929e+01	2.090209e+02
2.970000e-06	4.230374e-09	1.776705e-09	2.228173e+01	2.102175e+02
2.980000e-06	4.255208e-09	1.788567e-09	2.241253e+01	2.113990e+02
2.990000e-06	4.279814e-09	1.798259e-09	2.254213e+01	2.125653e+02
3.000000e-06	4.304222e-09	1.807317e-09	2.267069e+01	2.137163e+02
3.010000e-06	4.328399e-09	1.819413e-09	2.279803e+01	2.148520e+02
3.020000e-06	4.352276e-09	1.833708e-09	2.292380e+01	2.159721e+02
3.030000e-06	4.375816e-09	1.845073e-09	2.304778e+01	2.170767e+02
3.040000e-06	4.399027e-09	1.852358e-09	2.317004e+01	2.181657e+02
3.050000e-06	4.421937e-09	1.860033e-09	2.329070e+01	2.192390e+02
3.060000e-06	4.444576e-09	1.872735e-09	2.340995e+01	2.202965e+02
3.070000e-06	4.466954e-09	1.887831e-09	2.352781e+01	2.213382e+02
3.080000e-06	4.489045e-09	1.898637e-09	2.364417e+01	2.223639e+02
3.090000e-06	4.510810e-09	1.904119e-09	2.375881e+01	2.233736e+02
3.100000e-06	4.532230e-09	1.909870e-09	2.387163e+01	2.243673e+02
3.110000e-06	4.553333e-09	1.918796e-09	2.398278e+01	2.253448e+02
3.120000e-06	4.574177e-09	1.928421e-09	2.409257e+01	2.263060e+02
3.130000e-06	4.594817e-09	1.936674e-09	2.420128e+01	2.272510e+02
3.140000e-06	4.615289e-09	1.944359e-09	2.430911e+01	2.281797e+02
3.150000e-06	4.635556e-09	1.953324e-09	2.441585e+01	2.290919e+02
3.160000e-06	4.655552e-09	1.963303e-09	2.452117e+01	2.299876e+02
3.170000e-06	4.675208e-09	1.972418e-09	2.462471e+01	2.308667e+02
3.180000e-06	4.694475e-09	1.978977e-09	2.472619e+01	2.317293e+02
3.190000e-06	4.713348e-09	1.984730e-09	2.482559e+01	2.325752e+02
3.200000e-06	4.731854e-09	1.992221e-09	2.492306e+01	2.334043e+02
3.210000e-06	4.750050e-09	2.000198e-09	2.501890e+01	2.342166e+02
3.220000e-06	4.767996e-09	2.006443e-09	2.511343e+01	2.350121e+02
3.230000e-06	4.785703e-09	2.009918e-09	2.520669e+01	2.357906e+02
3.240000e-06	4.803138e-09	2.014370e-09	2.529852e+01	2.365522e+02
3.250000e-06	4.820265e-09	2.023087e-09	2.538873e+01	2.372967e+02
3.260000e-06	4.837000e-09	2.034435e-09	2.547687e+01	2.380242e+02
3.270000e-06	4.853254e-09	2.043606e-09	2.556249e+01	2.387345e+02
3.280000e-06	4.869012e-09	2.046961e-09	2.564549e+01	2.394277e+02
3.290000e-06	4.884303e-09	2.046868e-09	2.572602e+01	2.401036e+02
3.300000e-06	4.899162e-09	2.047669e-09	2.580429e+01	2.407622e+02
3.310000e-06	4.913652e-09	2.052420e-09	2.588061e+01	2.414036e+02
3.320000e-06	4.927804e-09	2.060629e-09	2.595514e+01	2.420275e+02
3.330000e-06	4.941590e-09	2.069417e-09	2.602776e+01	2.426340e+02
3.340000e-06	4.954995e-09	2.076684e-09	2.609836e+01	2.432230e+02
3.350000e-06	4.968039e-09	2.083196e-09	2.616707e+01	2.437945e+02
3.360000e-06	4.980760e-09	2.088487e-09	2.623407e+01	2.443485e+02
3.370000e-06	4.993184e-09	2.090939e-09	2.629951e+01	2.448849e+02
3.380000e-06	5.005272e-09	2.091439e-09	2.636318e+01	2.454037e+02
3.390000e-06	5.016943e-09	2.091943e-09	2.642465e+01	2.459048e+02
3.400000e-06	5.028087e-09	2.094964e-09	2.648334e+01	2.463882e+02
3.410000e-06	5.038614e-09	2.100282e-09	2.653879e+01	2.468538e+02
3.420000e-06	5.048537e-09	2.104631e-09	2.659106e+01	2.473017e+02
3.430000e-06	5.057934e-09	2.107506e-09	2.664055e+01	2.477318e+02
3.440000e-06	5.066927e-09	2.111633e-09	2.668792e+01	2.481441e+02
3.450000e-06	5.075655e-09	2.117553e-09	2.673389e+01	2.485385e+02
3.460000e-06	5.084164e-09	2.122438e-09	2.677870e+01	2.489150e+02
3.470000e-06	5.092431e-09	2.124314e-09	2.682225e+01	2.492735e+02
3.480000e-06	5.100412e-09	2.125681e-09	2.686429e+01	2.496142e+02
3.490000e-06	5.108043e-09	2.129355e-09	2.690448e+01	2.499369e+02
3.500000e-06	5.115281e-09	2.134354e-09	2.694260e+01	2.502415e+02
3.510000e-06	5.122163e-09	2.137469e-09	2.697885e+01	2.505282e+02
3.520000e-06	5.128710e-09	2.137303e-09	2.701333e+01	2.507968e+02
3.530000e-06	5.134911e-09	2.137097e-09	2.704599e+01	2.510474e+02
3.540000e-06	5.140746e-09	2.139629e-09	2.707673e+01	2.512799e+02
3.550000e-06	5.146196e-09	2.142636e-09	2.710543e+01	2.514943e+02
3.560000e-06	5.151294e-09	2.144025e-09	2.713229e+01	2.516906e+02
3.570000e-06	5.156107e-09	2.143402e-09	2.715764e+01	2.518688e+02
3.580000e-06	5.160703e-09	2.143410e-09	2.718184e+01	2.520289e+02
3.590000e-06	5.165088e-09	2.146622e-09	2.720494e+01	2.521708e+02
3.600000e-06	5.169192e-09	2.150831e-09	2.722656e+01	2.522945e+02
3.610000e-06	5.172893e-09	2.152718e-09	2.724605e+01	2.524001e+02
3.620000e-06	5.176097e-09	2.152400e-09	2.726292e+01	2.524876e+02
3.630000e-06	5.178762e-09	2.152766e-09	2.727696e+01	2.525568e+02
3.640000e-06	5.180845e-09	2.155102e-09	2.728793e+01	2.526079e+02
3.650000e-06	5.182385e-09	2.156170e-09	2.729604e+01	2.526408e+02
3.660000e-06	5.183496e-09	2.153455e-09	2.730189e+01	2.526555e+02
3.670000e-06	5.184301e-09	2.149781e-09	2.730613e+01	2.526520e+02
3.680000e-06	5.184868e-09	2.148961e-09	2.730912e+01	2.526303e+02
3.690000e-06	5.185188e-09	2.151288e-09	2.731081e+01	2.525905e+02
3.700000e-06	5.185209e-09	2.152961e-09	2.731092e+01	2.525324e+02
3.710000e-06	5.184884e-09	2.151643e-09	2.730921e+01	2.524562e+02
3.720000e-06	5.184198e-09	2.148174e-09	2.730559e+01	2.523618e+02
3.730000e-06	5.183145e-09	2.145766e-09	2.730004e+01	2.522492e+02
3.740000e-06	5.181761e-09	2.145153e-09	2.729275e+01	2.521185e+02
3.750000e-06	5.180046e-09	2.148962e-09	2.728372e+01	2.519696e+02
3.760000e-06	5.177953e-09	2.148161e-09	2.727270e+01	2.518026e+02
3.770000e-06	5.175446e-09	2.121471e-09	2.725949e+01	2.516175e+02
3.780000e-06	5.172542e-09	2.088239e-09	2.724420e+01	2.514142e+02
3.790000e-06	5.169304e-09	2.093952e-09	2.722714e+01	2.511929e+02
3.800000e-06	5.165778e-09	2.105294e-09	2.720857e+01	2.509534e+02
3.810000e-06	5.162025e-09	2.093132e-09	2.718881e+01	2.506959e+02
3.820000e-06	5.158095e-09	2.124974e-09	2.716810e+01	2.504204e+02
3.830000e-06	5.153931e-09	2.139154e-09	2.714617e+01	2.501268e+02
3.840000e-06	5.149335e-09	2.112929e-09	2.712197e+01	2.498152e+02
3.850000e-06	5.144126e-09	2.097277e-09	2.709453e+01	2.494857e+02
3.860000e-06	5.138283e-09	2.116556e-09	2.706375e+01	2.491382e+02
3.870000e-06	5.131919e-09	2.103231e-09	2.703023e+01	2.487727e+02
3.880000e-06	5.125167e-09	2.072444e-09	2.699467e+01	2.483893e+02
3.890000e-06	5.118091e-09	2.091836e-09	2.695740e+01	2.479881e+02
3.900000e-06	5.110733e-09	2.135215e-09	2.691864e+01	2.475690e+02
3.910000e-06	5.103138e-09	2.127058e-09	2.687864e+01	2.471321e+02
3.920000e-06	5.095262e-09	2.084293e-09	2.683716e+01	2.466773e+02
3.930000e-06	5.086987e-09	2.076215e-09	2.679357e+01	2.462049e+02
3.940000e-06	5.078281e-09	2.090787e-09	2.674771e+01	2.457147e+02
3.950000e-06	5.069183e-09	2.080858e-09	2.669980e+01	2.452068e+02
3.960000e-06	5.059749e-09	2.051389e-09	2.665011e+01	2.446813e+02
3.970000e-06	5.049968e-09	2.073761e-09	2.659859e+01	2.441381e+02
3.980000e-06	5.039827e-09	2.112251e-09	2.654517e+01	2.435774e+02
3.990000e-06	5.029354e-09	2.089556e-09	2.649001e+01	2.429992e+02
4.000000e-06	5.018554e-09	2.025249e-09	2.643313e+01	2.424034e+02
4.010000e-06	5.007373e-09	2.033149e-09	2.637424e+01	2.417902e+02
4.020000e-06	4.995811e-09	2.072409e-09	2.631334e+01	2.411596e+02
4.030000e-06	4.983848e-09	2.057508e-09	2.625033e+01	2.405117e+02
4.040000e-06	4.971411e-09	2.012776e-09	2.618482e+01	2.398464e+02
4.050000e-06	4.958460e-09	2.023890e-09	2.611661e+01	2.391638e+02
4.060000e-06	4.944958e-09	2.045155e-09	2.604549e+01	2.384641e+02
4.070000e-06	4.930880e-09	2.017905e-09	2.597134e+01	2.377472e+02
4.080000e-06	4.916294e-09	1.987302e-09	2.589451e+01	2.370131e+02
4.090000e-06	4.901316e-09	2.006059e-09	2.581562e+01	2.362620e+02
4.100000e-06	4.886028e-09	2.014094e-09	2.573510e+01	2.354939e+02
4.110000e-06	4.870493e-09	1.990327e-09	2.565328e+01	2.347089e+02
4.120000e-06	4.854711e-09	1.989256e-09	2.557015e+01	2.339069e+02
4.130000e-06	4.838653e-09	2.002890e-09	2.548557e+01	2.330881e+02
4.140000e-06	4.822288e-09	1.975154e-09	2.539938e+01	2.322526e+02
4.150000e-06	4.805583e-09	1.947558e-09	2.531139e+01	2.314003e+02
4.160000e-06	4.788526e-09	1.968530e-09	2.522155e+01	2.305314e+02
4.170000e-06	4.771138e-09	1.979050e-09	2.512997e+01	2.296458e+02
4.180000e-06	4.753437e-09	1.948645e-09	2.503673e+01	2.287438e+02
4.190000e-06	4.735401e-09	1.934209e-09	2.494174e+01	2.278252e+02
4.200000e-06	4.717025e-09	1.943844e-09	2.484495e+01	2.268903e+02
4.210000e-06	4.698318e-09	1.927096e-09	2.474642e+01	2.259391e+02
4.220000e-06	4.679322e-09	1.905836e-09	2.464636e+01	2.249715e+02
4.230000e-06	4.660106e-09	1.910077e-09	2.454515e+01	2.239878e+02
4.240000e-06	4.640691e-09	1.909930e-09	2.444289e+01	2.229880e+02
4.250000e-06	4.621065e-09	1.890143e-09	2.433952e+01	2.219721e+02
4.260000e-06	4.601184e-09	1.885885e-09	2.423481e+01	2.209402e+02
4.270000e-06	4.580968e-09	1.884433e-09	2.412833e+01	2.198925e+02
4.280000e-06	4.560291e-09	1.865884e-09	2.401942e+01	2.188289e+02
4.290000e-06	4.539058e-09	1.850354e-09	2.390758e+01	2.177495e+02
4.300000e-06	4.517242e-09	1.854070e-09	2.379268e+01	2.166545e+02
4.310000e-06	4.494906e-09	1.849172e-09	2.367503e+01	2.155439e+02
4.320000e-06	4.472158e-09	1.838046e-09	2.355522e+01	2.144178e+02
4.330000e-06	4.449094e-09	1.831286e-09	2.343373e+01	2.132762e+02
4.340000e-06	4.425802e-09	1.820181e-09	2.331105e+01	2.121193e+02
4.350000e-06	4.402324e-09	1.803538e-09	2.318739e+01	2.109472e+02
4.360000e-06	4.378638e-09	1.798465e-09	2.306264e+01	2.097598e+02
4.370000e-06	4.354687e-09	1.793057e-09	2.293649e+01	2.085573e+02
4.380000e-06	4.330426e-09	1.781737e-09	2.280870e+01	2.073399e+02
4.390000e-06	4.305857e-09	1.774836e-09	2.267929e+01	2.061075e+02
4.400000e-06	4.280972e-09	1.772061e-09	2.254822e+01	2.048603e+02
4.410000e-06	4.255780e-09	1.759828e-09	2.241553e+01	2.035983e+02
4.420000e-06	4.230327e-09	1.743741e-09	2.228147e+01	2.023217e+02
4.430000e-06	4.204624e-09	1.729690e-09	2.214609e+01	2.010305e+02
4.440000e-06	4.178615e-09	1.716393e-09	2.200910e+01	1.997249e+02
4.450000e-06	4.152265e-09	1.708187e-09	2.187031e+01	1.984049e+02
4.460000e-06	4.125588e-09	1.703580e-09	2.172980e+01	1.970706e+02
4.470000e-06	4.098631e-09	1.693467e-09	2.158782e+01	1.957221e+02
4.480000e-06	4.071461e-09	1.680134e-09	2.144471e+01	1.943595e+02
4.490000e-06	4.044117e-09	1.670016e-09	2.130069e+01	1.929830e+02
4.500000e-06	4.016619e-09	1.659046e-09	2.115585e+01	1.915926e+02
4.510000e-06	3.988952e-09	1.647256e-09	2.101013e+01	1.901883e+02
4.520000e-06	3.961045e-09	1.636349e-09	2.086314e+01	1.887704e+02
4.530000e-06	3.932809e-09	1.624539e-09	2.071442e+01	1.873389e+02
4.540000e-06	3.904179e-09	1.611243e-09	2.056362e+01	1.858940e+02
4.550000e-06	3.875097e-09	1.601182e-09	2.041044e+01	1.844356e+02
4.560000e-06	3.845532e-09	1.589292e-09	2.025472e+01	1.829640e+02
4.570000e-06	3.815517e-09	1.574429e-09	2.009663e+01	1.814792e+02
4.580000e-06	3.785106e-09	1.559592e-09	1.993645e+01	1.799813e+02
4.590000e-06	3.754347e-09	1.549489e-09	1.977444e+01	1.784705e+02
4.600000e-06	3.723319e-09	1.541827e-09	1.961102e+01	1.769469e+02
4.610000e-06	3.692085e-09	1.532506e-09	1.944650e+01	1.754105e+02
4.620000e-06	3.660689e-09	1.516167e-09	1.928114e+01	1.738615e+02
4.630000e-06	3.629152e-09	1.497542e-09	1.911503e+01	1.723000e+02
4.640000e-06	3.597441e-09	1.482698e-09	1.894801e+01	1.707261e+02
4.650000e-06	3.565511e-09	1.474853e-09	1.877983e+01	1.691400e+02
4.660000e-06	3.533346e-09	1.467766e-09	1.861041e+01	1.675416e+02
4.670000e-06	3.500936e-09	1.456451e-09	1.843971e+01	1.659312e+02
4.680000e-06	3.468268e-09	1.439777e-09	1.826764e+01	1.643089e+02
4.690000e-06	3.435364e-09	1.423405e-09	1.809433e+01	1.626747e+02
4.700000e-06	3.402246e-09	1.409607e-09	1.791990e+01	1.610288e+02
4.710000e-06	3.368920e-09	1.395493e-09	1.774437e+01	1.593714e+02
4.720000e-06	3.335402e-09	1.379154e-09	1.756783e+01	1.577025e+02
4.730000e-06	3.301657e-09	1.365123e-09	1.739009e+01	1.560222e+02
4.740000e-06	3.267644e-09	1.356145e-09	1.721094e+01	1.543307e+02
4.750000e-06	3.233362e-09	1.347162e-09	1.703037e+01	1.526281e+02
4.760000e-06	3.198820e-09	1.332224e-09	1.684844e+01	1.509146e+02
4.770000e-06	3.164041e-09	1.312307e-09	1.666525e+01	1.491901e+02
4.780000e-06	3.129058e-09	1.295279e-09	1.648099e+01	1.474550e+02
4.790000e-06	3.093919e-09	1.284112e-09	1.629591e+01	1.457092e+02
4.800000e-06	3.058659e-09	1.275543e-09	1.611020e+01	1.439530e+02
4.810000e-06	3.023285e-09	1.263287e-09	1.592388e+01	1.421864e+02
4.820000e-06	2.987820e-09	1.245979e-09	1.573708e+01	1.404096e+02
4.830000e-06	2.952257e-09	1.228133e-09	1.554977e+01	1.386226e+02
4.840000e-06	2.916554e-09	1.213896e-09	1.536172e+01	1.368258e+02
4.850000e-06	2.880665e-09	1.201279e-09	1.517269e+01	1.350190e+02
4.860000e-06	2.844541e-09	1.186572e-09	1.498242e+01	1.332026e+02
4.870000e-06	2.808118e-09	1.169888e-09	1.479058e+01	1.313766e+02
4.880000e-06	2.771358e-09	1.154626e-09	1.459696e+01	1.295411e+02
4.890000e-06	2.734234e-09	1.140097e-09	1.440143e+01	1.276963e+02
4.900000e-06	2.696706e-09	1.124460e-09	1.420376e+01	1.258424e+02
4.910000e-06	2.658820e-09	1.106563e-09	1.400421e+01	1.239794e+02
4.920000e-06	2.620629e-09	1.090154e-09	1.380306e+01	1.221074e+02
4.930000e-06	2.582143e-09	1.077012e-09	1.360035e+01	1.202267e+02
4.940000e-06	2.543397e-09	1.065765e-09	1.339627e+01	1.183374e+02
4.950000e-06	2.504447e-09	1.053048e-09	1.319112e+01	1.164395e+02
4.960000e-06	2.465341e-09	1.036624e-09	1.298515e+01	1.145333e+02
4.970000e-06	2.426122e-09	1.017564e-09	1.277857e+01	1.126188e+02
4.980000e-06	2.386808e-09	9.999907e-10	1.257150e+01	1.106963e+02
4.990000e-06	2.347426e-09	9.846266e-10	1.236408e+01	1.087658e+02
5.000000e-06	2.307978e-09	9.701966e-10	1.215630e+01	1.068274e+02
5.010000e-06	2.268435e-09	9.550292e-10	1.194802e+01	1.048814e+02
5.020000e-06	2.228792e-09	9.391035e-10	1.173922e+01	1.029279e+02
5.030000e-06	2.189044e-09	9.238466e-10	1.152986e+01	1.009669e+02
5.040000e-06	2.149143e-09	9.082419e-10	1.131970e+01	9.899873e+01
5.050000e-06	2.109084e-09	8.907217e-10	1.110871e+01	9.702342e+01
5.060000e-06	2.068875e-09	8.721433e-10	1.089692e+01	9.504114e+01
5.070000e-06	2.028500e-09	8.552064e-10	1.068426e+01	9.305202e+01
5.080000e-06	1.987969e-09	8.410240e-10	1.047079e+01	9.105623e+01
5.090000e-06	1.947290e-09	8.263028e-10	1.025653e+01	8.905389e+01
5.100000e-06	1.906473e-09	8.098410e-10	1.004154e+01	8.704515e+01
5.110000e-06	1.865524e-09	7.932592e-10	9.825857e+00	8.503016e+01
5.120000e-06	1.824453e-09	7.752398e-10	9.609535e+00	8.300906e+01
5.130000e-06	1.783279e-09	7.573176e-10	9.392664e+00	8.098201e+01
5.140000e-06	1.741993e-09	7.401459e-10	9.175208e+00	7.894913e+01
5.150000e-06	1.700591e-09	7.233873e-10	8.957141e+00	7.691059e+01
5.160000e-06	1.659080e-09	7.055943e-10	8.738500e+00	7.486653e+01
5.170000e-06	1.617471e-09	6.873991e-10	8.519342e+00	7.281709e+01
5.180000e-06	1.575756e-09	6.678443e-10	8.299628e+00	7.076243e+01
5.190000e-06	1.533910e-09	6.474104e-10	8.079218e+00	6.870268e+01
5.200000e-06	1.491928e-09	6.293952e-10	7.858098e+00	6.663801e+01
5.210000e-06	1.449845e-09	6.131211e-10	7.636444e+00	6.456856e+01
5.220000e-06	1.407670e-09	5.972089e-10	7.414301e+00	6.249447e+01
5.230000e-06	1.365381e-09	5.807835e-10	7.191564e+00	6.041590e+01
5.240000e-06	1.322977e-09	5.630430e-10	6.968218e+00	5.833300e+01
5.250000e-06	1.280451e-09	5.443200e-10	6.744232e+00	5.624591e+01
5.260000e-06	1.237817e-09	5.258645e-10	6.519673e+00	5.415479e+01
5.270000e-06	1.195087e-09	5.068395e-10	6.294613e+00	5.205979e+01
5.280000e-06	1.152274e-09	4.869661e-10	6.069111e+00	4.996106e+01
5.290000e-06	1.109381e-09	4.676339e-10	5.843193e+00	4.785875e+01
5.300000e-06	1.066398e-09	4.497685e-10	5.616793e+00	4.575301e+01
5.310000e-06	1.023344e-09	4.320481e-10	5.390025e+00	4.364400e+01
5.320000e-06	9.802407e-10	4.125538e-10	5.162998e+00	4.153186e+01
5.330000e-06	9.370925e-10	3.926276e-10	4.935733e+00	3.941675e+01
5.340000e-06	8.939027e-10	3.751552e-10	4.708249e+00	3.729882e+01
5.350000e-06	8.506827e-10	3.592092e-10	4.480605e+00	3.517823e+01
5.360000e-06	8.074290e-10	3.419792e-10	4.252785e+00	3.305512e+01
5.370000e-06	7.641427e-10	3.210238e-10	4.024792e+00	3.092965e+01
5.380000e-06	7.208387e-10	2.979754e-10	3.796706e+00	2.880197e+01
5.390000e-06	6.775139e-10	2.774448e-10	3.568511e+00	2.667223e+01
5.400000e-06	6.341681e-10	2.606954e-10	3.340205e+00	2.454060e+01
5.410000e-06	5.908039e-10	2.441749e-10	3.111802e+00	2.240722e+01
5.420000e-06	5.474237e-10	2.249251e-10	2.883315e+00	2.027224e+01
5.430000e-06	5.040344e-10	2.045314e-10	2.654781e+00	1.813583e+01
5.440000e-06	4.606359e-10	1.864071e-10	2.426197e+00	1.599813e+01
5.450000e-06	4.172189e-10	1.702674e-10	2.197516e+00	1.385930e+01
5.460000e-06	3.737919e-10	1.528762e-10	1.968783e+00	1.171949e+01
5.470000e-06	3.303563e-10	1.327056e-10	1.740004e+00	9.578854e+00
5.480000e-06	2.869072e-10	1.109027e-10	1.511154e+00	7.437552e+00
5.490000e-06	2.434493e-10	8.982543e-11	1.282257e+00	5.295736e+00
5.500000e-06	1.999931e-10	6.868164e-11	1.053370e+00	3.153560e+00
5.510000e-06	1.565430e-10	4.703211e-11	8.245145e-01	1.011178e+00
5.520000e-06	1.130830e-10	2.619140e-11	5.956076e-01	-1.131255e+00
5.530000e-06	6.962656e-11	7.628477e-12	3.667188e-01	-3.273585e+00
5.540000e-06	2.617248e-11	-8.576651e-12	1.378426e-01	-5.415658e+00
5.550000e-06	-1.729122e-11	-2.453823e-11	-9.108420e-02	-7.557319e+00
5.560000e-06	-6.074450e-11	-4.368820e-11	-3.199562e-01	-9.698414e+00
5.570000e-06	-1.042026e-10	-6.679799e-11	-5.488536e-01	-1.183879e+01
5.580000e-06	-1.476650e-10	-9.074625e-11	-7.777739e-01	-1.397829e+01
5.590000e-06	-1.911122e-10	-1.116952e-10	-1.006614e+00	-1.611676e+01
5.600000e-06	-2.345592e-10	-1.301310e-10	-1.235452e+00	-1.825405e+01
5.610000e-06	-2.780069e-10	-1.487259e-10	-1.464295e+00	-2.039000e+01
5.620000e-06	-3.214377e-10	-1.671440e-10	-1.693049e+00	-2.252446e+01
5.630000e-06	-3.648543e-10	-1.832769e-10	-1.921727e+00	-2.465727e+01
5.640000e-06	-4.082620e-10	-1.975250e-10	-2.150359e+00	-2.678829e+01
5.650000e-06	-4.516599e-10	-2.145479e-10	-2.378940e+00	-2.891735e+01
5.660000e-06	-4.950531e-10	-2.368844e-10	-2.607495e+00	-3.104431e+01
5.670000e-06	-5.384345e-10	-2.619130e-10	-2.835989e+00	-3.316901e+01
5.680000e-06	-5.817957e-10	-2.854811e-10	-3.064375e+00	-3.529129e+01
5.690000e-06	-6.251334e-10	-3.039850e-10	-3.292639e+00	-3.741101e+01
5.700000e-06	-6.684540e-10	-3.192525e-10	-3.520812e+00	-3.952802e+01
5.710000e-06	-7.117603e-10	-3.368899e-10	-3.748909e+00	-4.164215e+01
5.720000e-06	-7.550539e-10	-3.569635e-10	-3.976941e+00	-4.375326e+01
5.730000e-06	-7.983161e-10	-3.754646e-10	-4.204806e+00	-4.586120e+01
5.740000e-06	-8.415336e-10	-3.930657e-10	-4.432436e+00	-4.796581e+01
5.750000e-06	-8.847264e-10	-4.133417e-10	-4.659936e+00	-5.006694e+01
5.760000e-06	-9.278862e-10	-4.351656e-10	-4.887262e+00	-5.216444e+01
5.770000e-06	-9.709913e-10	-4.562106e-10	-5.114300e+00	-5.425815e+01
5.780000e-06	-1.014030e-09	-4.742831e-10	-5.340989e+00	-5.634794e+01
5.790000e-06	-1.056980e-09	-4.903704e-10	-5.567211e+00	-5.843364e+01
5.800000e-06	-1.099842e-09	-5.066742e-10	-5.792966e+00	-6.051511e+01
5.810000e-06	-1.142629e-09	-5.244247e-10	-6.018329e+00	-6.259220e+01
5.820000e-06	-1.185352e-09	-5.428598e-10	-6.243353e+00	-6.466476e+01
5.830000e-06	-1.227985e-09	-5.605820e-10	-6.467905e+00	-6.673263e+01
5.840000e-06	-1.270508e-09	-5.801035e-10	-6.691876e+00	-6.879567e+01
5.850000e-06	-1.312925e-09	-6.031642e-10	-6.915294e+00	-7.085373e+01
5.860000e-06	-1.355240e-09	-6.256118e-10	-7.138171e+00	-7.290666e+01
5.870000e-06	-1.397445e-09	-6.441787e-10	-7.360465e+00	-7.495432e+01
5.880000e-06	-1.439520e-09	-6.605544e-10	-7.582081e+00	-7.699655e+01
5.890000e-06	-1.481467e-09	-6.774971e-10	-7.803018e+00	-7.903322e+01
5.900000e-06	-1.523300e-09	-6.971212e-10	-8.023356e+00	-8.106416e+01
5.910000e-06	-1.565038e-09	-7.185752e-10	-8.243191e+00	-8.308924e+01
5.920000e-06	-1.606670e-09	-7.400742e-10	-8.462470e+00	-8.510831e+01
5.930000e-06	-1.648197e-09	-7.600829e-10	-8.681197e+00	-8.712123e+01
5.940000e-06	-1.689644e-09	-7.789977e-10	-8.899502e+00	-8.912784e+01
5.950000e-06	-1.731012e-09	-7.963905e-10	-9.117392e+00	-9.112801e+01
5.960000e-06	-1.772267e-09	-8.118448e-10	-9.334685e+00	-9.312159e+01
5.970000e-06	-1.813404e-09	-8.273807e-10	-9.551357e+00	-9.510843e+01
5.980000e-06	-1.854432e-09	-8.459665e-10	-9.767455e+00	-9.708840e+01
5.990000e-06	-1.895329e-09	-8.677823e-10	-9.982863e+00	-9.906135e+01
6.000000e-06	-1.936066e-09	-8.886133e-10	-1.019743e+01	-1.010271e+02
6.010000e-06	-1.976633e-09	-9.041302e-10	-1.041109e+01	-1.029856e+02
6.020000e-06	-2.017045e-09	-9.170252e-10	-1.062395e+01	-1.049367e+02
6.030000e-06	-2.057278e-09	-9.325026e-10	-1.083586e+01	-1.068801e+02
6.040000e-06	-2.097333e-09	-9.513769e-10	-1.104683e+01	-1.088159e+02
6.050000e-06	-2.137236e-09	-9.715052e-10	-1.125700e+01	-1.107437e+02
6.060000e-06	-2.176990e-09	-9.899831e-10	-1.146639e+01	-1.126636e+02
6.070000e-06	-2.216627e-09	-1.006368e-09	-1.167516e+01	-1.145753e+02
6.080000e-06	-2.256170e-09	-1.023244e-09	-1.188344e+01	-1.164788e+02
6.090000e-06	-2.295637e-09	-1.040808e-09	-1.209132e+01	-1.183738e+02
6.100000e-06	-2.335038e-09	-1.056458e-09	-1.229884e+01	-1.202603e+02
6.110000e-06	-2.374373e-09	-1.070086e-09	-1.250602e+01	-1.221380e+02
6.120000e-06	-2.413639e-09	-1.085431e-09	-1.271284e+01	-1.240070e+02
6.130000e-06	-2.452821e-09	-1.104699e-09	-1.291922e+01	-1.258670e+02
6.140000e-06	-2.491884e-09	-1.125540e-09	-1.312497e+01	-1.277179e+02
6.150000e-06	-2.530781e-09	-1.144101e-09	-1.332984e+01	-1.295596e+02
6.160000e-06	-2.569463e-09	-1.158910e-09	-1.353358e+01	-1.313919e+02
6.170000e-06	-2.607879e-09	-1.172902e-09	-1.373592e+01	-1.332147e+02
6.180000e-06	-2.645989e-09	-1.188420e-09	-1.393665e+01	-1.350279e+02
6.190000e-06	-2.683779e-09	-1.205336e-09	-1.413569e+01	-1.368314e+02
6.200000e-06	-2.721222e-09	-1.222218e-09	-1.433290e+01	-1.386250e+02
6.210000e-06	-2.758294e-09	-1.238715e-09	-1.452817e+01	-1.404085e+02
6.220000e-06	-2.795000e-09	-1.254672e-09	-1.472150e+01	-1.421819e+02
6.230000e-06	-2.831401e-09	-1.270545e-09	-1.491323e+01	-1.439451e+02
6.240000e-06	-2.867542e-09	-1.287028e-09	-1.510358e+01	-1.456978e+02
6.250000e-06	-2.903431e-09	-1.303030e-09	-1.529262e+01	-1.474401e+02
6.260000e-06	-2.939124e-09	-1.317932e-09	-1.548061e+01	-1.491716e+02
6.270000e-06	-2.974671e-09	-1.332489e-09	-1.566784e+01	-1.508924e+02
6.280000e-06	-3.010121e-09	-1.347236e-09	-1.585456e+01	-1.526024e+02
6.290000e-06	-3.045491e-09	-1.362201e-09	-1.604085e+01	-1.543012e+02
6.300000e-06	-3.080753e-09	-1.377264e-09	-1.622658e+01	-1.559890e+02
6.310000e-06	-3.115872e-09	-1.392402e-09	-1.641156e+01	-1.576655e+02
6.320000e-06	-3.150800e-09	-1.408409e-09	-1.659553e+01	-1.593306e+02
6.330000e-06	-3.185502e-09	-1.425334e-09	-1.677831e+01	-1.609842e+02
6.340000e-06	-3.219941e-09	-1.440700e-09	-1.695970e+01	-1.626261e+02
6.350000e-06	-3.254101e-09	-1.453155e-09	-1.713962e+01	-1.642564e+02
6.360000e-06	-3.288011e-09	-1.463016e-09	-1.731823e+01	-1.658747e+02
6.370000e-06	-3.321691e-09	-1.472883e-09	-1.749562e+01	-1.674811e+02
6.380000e-06	-3.355162e-09	-1.486551e-09	-1.767192e+01	-1.690754e+02
6.390000e-06	-3.388446e-09	-1.505511e-09	-1.784723e+01	-1.706575e+02
6.400000e-06	-3.421516e-09	-1.527330e-09	-1.802141e+01	-1.722273e+02
6.410000e-06	-3.454330e-09	-1.546928e-09	-1.819424e+01	-1.737846e+02
6.420000e-06	-3.486862e-09	-1.561350e-09	-1.836559e+01	-1.753294e+02
6.430000e-06	-3.519101e-09	-1.570744e-09	-1.853540e+01	-1.768615e+02
6.440000e-06	-3.551077e-09	-1.577217e-09	-1.870382e+01	-1.783809e+02
6.450000e-06	-3.582848e-09	-1.584056e-09	-1.887116e+01	-1.798873e+02
6.460000e-06	-3.614449e-09	-1.594814e-09	-1.903760e+01	-1.813808e+02
6.470000e-06	-3.645893e-09	-1.610067e-09	-1.920322e+01	-1.828612e+02
6.480000e-06	-3.677181e-09	-1.627839e-09	-1.936802e+01	-1.843284e+02
6.490000e-06	-3.708283e-09	-1.644939e-09	-1.953184e+01	-1.857823e+02
6.500000e-06	-3.739146e-09	-1.659072e-09	-1.969439e+01	-1.872228e+02
6.510000e-06	-3.769712e-09	-1.670002e-09	-1.985539e+01	-1.886498e+02
6.520000e-06	-3.799905e-09	-1.676879e-09	-2.001442e+01	-1.900631e+02
6.530000e-06	-3.829665e-09	-1.682238e-09	-2.017116e+01	-1.914627e+02
6.540000e-06	-3.858968e-09	-1.690731e-09	-2.032550e+01	-1.928485e+02
6.550000e-06	-3.887811e-09	-1.703362e-09	-2.047742e+01	-1.942204e+02
6.560000e-06	-3.916212e-09	-1.718035e-09	-2.062701e+01	-1.955783e+02
6.570000e-06	-3.944234e-09	-1.732345e-09	-2.077461e+01	-1.969220e+02
6.580000e-06	-3.972001e-09	-1.745253e-09	-2.092086e+01	-1.982516e+02
6.590000e-06	-3.999578e-09	-1.757032e-09	-2.106611e+01	-1.995668e+02
6.600000e-06	-4.026993e-09	-1.768683e-09	-2.121050e+01	-2.008676e+02
6.610000e-06	-4.054250e-09	-1.779886e-09	-2.135407e+01	-2.021539e+02
6.620000e-06	-4.081304e-09	-1.789898e-09	-2.149656e+01	-2.034256e+02
6.630000e-06	-4.108098e-09	-1.798123e-09	-2.163769e+01	-2.046827e+02
6.640000e-06	-4.134572e-09	-1.805824e-09	-2.177713e+01	-2.059249e+02
6.650000e-06	-4.160734e-09	-1.814769e-09	-2.191493e+01	-2.071523e+02
6.660000e-06	-4.186611e-09	-1.826852e-09	-2.205123e+01	-2.083648e+02
6.670000e-06	-4.212206e-09	-1.841081e-09	-2.218604e+01	-2.095622e+02
6.680000e-06	-4.237520e-09	-1.853868e-09	-2.231937e+01	-2.107445e+02
6.690000e-06	-4.262532e-09	-1.863883e-09	-2.245111e+01	-2.119116e+02
6.700000e-06	-4.287214e-09	-1.873090e-09	-2.258111e+01	-2.130634e+02
6.710000e-06	-4.311551e-09	-1.882117e-09	-2.270930e+01	-2.141998e+02
6.720000e-06	-4.335565e-09	-1.889150e-09	-2.283578e+01	-2.153207e+02
6.730000e-06	-4.359325e-09	-1.894860e-09	-2.296092e+01	-2.164261e+02
6.740000e-06	-4.382896e-09	-1.902287e-09	-2.308508e+01	-2.175159e+02
6.750000e-06	-4.406301e-09	-1.912739e-09	-2.320835e+01	-2.185900e+02
6.760000e-06	-4.429520e-09	-1.924865e-09	-2.333065e+01	-2.196483e+02
6.770000e-06	-4.452487e-09	-1.936318e-09	-2.345161e+01	-2.206907e+02
6.780000e-06	-4.475119e-09	-1.944946e-09	-2.357082e+01	-2.217173e+02
6.790000e-06	-4.497327e-09	-1.951617e-09	-2.368779e+01	-2.227278e+02
6.800000e-06	-4.519042e-09	-1.958608e-09	-2.380217e+01	-2.237223e+02
6.810000e-06	-4.540241e-09	-1.967119e-09	-2.391382e+01	-2.247006e+02
6.820000e-06	-4.560946e-09	-1.975962e-09	-2.402288e+01	-2.256627e+02
6.830000e-06	-4.581191e-09	-1.982810e-09	-2.412951e+01	-2.266085e+02
6.840000e-06	-4.601058e-09	-1.988224e-09	-2.423415e+01	-2.275379e+02
6.850000e-06	-4.620664e-09	-1.994924e-09	-2.433742e+01	-2.284509e+02
6.860000e-06	-4.640080e-09	-2.003392e-09	-2.443968e+01	-2.293475e+02
6.870000e-06	-4.659306e-09	-2.011796e-09	-2.454095e+01	-2.302275e+02
6.880000e-06	-4.678292e-09	-2.019326e-09	-2.464095e+01	-2.310908e+02
6.890000e-06	-4.696964e-09	-2.027102e-09	-2.473930e+01	-2.319375e+02
6.900000e-06	-4.715278e-09	-2.035238e-09	-2.483576e+01	-2.327675e+02
6.910000e-06	-4.733253e-09	-2.042773e-09	-2.493043e+01	-2.335807e+02
6.920000e-06	-4.750926e-09	-2.047289e-09	-2.502352e+01	-2.343770e+02
6.930000e-06	-4.768331e-09	-2.048897e-09	-2.511519e+01	-2.351564e+02
6.940000e-06	-4.785429e-09	-2.052323e-09	-2.520525e+01	-2.359188e+02
6.950000e-06	-4.802190e-09	-2.060322e-09	-2.529353e+01	-2.366642e+02
6.960000e-06	-4.818601e-09	-2.069999e-09	-2.537997e+01	-2.373925e+02
6.970000e-06	-4.834664e-09	-2.077378e-09	-2.546457e+01	-2.381037e+02
6.980000e-06	-4.850438e-09	-2.082076e-09	-2.554765e+01	-2.387977e+02
6.990000e-06	-4.865988e-09	-2.087210e-09	-2.562956e+01	-2.394745e+02
7.000000e-06	-4.881315e-09	-2.093655e-09	-2.571029e+01	-2.401340e+02
7.010000e-06	-4.896365e-09	-2.099758e-09	-2.578956e+01	-2.407761e+02
7.020000e-06	-4.911021e-09	-2.103088e-09	-2.586675e+01	-2.414009e+02
7.030000e-06	-4.925122e-09	-2.104545e-09	-2.594102e+01	-2.420083e+02
7.040000e-06	-4.938604e-09	-2.108232e-09	-2.601203e+01	-2.425982e+02
7.050000e-06	-4.951514e-09	-2.113919e-09	-2.608003e+01	-2.431706e+02
7.060000e-06	-4.963903e-09	-2.118614e-09	-2.614528e+01	-2.437254e+02
7.070000e-06	-4.975871e-09	-2.121547e-09	-2.620832e+01	-2.442627e+02
7.080000e-06	-4.987517e-09	-2.125271e-09	-2.626966e+01	-2.447823e+02
7.090000e-06	-4.998850e-09	-2.132048e-09	-2.632935e+01	-2.452843e+02
7.100000e-06	-5.009845e-09	-2.138960e-09	-2.638726e+01	-2.457686e+02
7.110000e-06	-5.020454e-09	-2.141441e-09	-2.644314e+01	-2.462351e+02
7.120000e-06	-5.030661e-09	-2.140313e-09	-2.649690e+01	-2.466839e+02
7.130000e-06	-5.040522e-09	-2.140459e-09	-2.654884e+01	-2.471148e+02
7.140000e-06	-5.050073e-09	-2.144722e-09	-2.659915e+01	-2.475280e+02
7.150000e-06	-5.059315e-09	-2.150836e-09	-2.664782e+01	-2.479232e+02
7.160000e-06	-5.068222e-09	-2.153902e-09	-2.669474e+01	-2.483006e+02
7.170000e-06	-5.076762e-09	-2.153554e-09	-2.673972e+01	-2.486601e+02
7.180000e-06	-5.084917e-09	-2.155041e-09	-2.678267e+01	-2.490016e+02
7.190000e-06	-5.092741e-09	-2.160620e-09	-2.682388e+01	-2.493252e+02
7.200000e-06	-5.100329e-09	-2.166635e-09	-2.686385e+01	-2.496307e+02
7.210000e-06	-5.107723e-09	-2.168594e-09	-2.690279e+01	-2.499183e+02
7.220000e-06	-5.114890e-09	-2.166865e-09	-2.694054e+01	-2.501878e+02
7.230000e-06	-5.121726e-09	-2.166736e-09	-2.697655e+01	-2.504393e+02
7.240000e-06	-5.128141e-09	-2.171113e-09	-2.701033e+01	-2.506727e+02
7.250000e-06	-5.134040e-09	-2.176452e-09	-2.704140e+01	-2.508880e+02
7.260000e-06	-5.139333e-09	-2.178337e-09	-2.706929e+01	-2.510852e+02
7.270000e-06	-5.144035e-09	-2.176709e-09	-2.709405e+01	-2.512642e+02
7.280000e-06	-5.148232e-09	-2.175826e-09	-2.711615e+01	-2.514252e+02
7.290000e-06	-5.152057e-09	-2.176784e-09	-2.713630e+01	-2.515680e+02
7.300000e-06	-5.155628e-09	-2.177400e-09	-2.715511e+01	-2.516926e+02
7.310000e-06	-5.158978e-09	-2.175993e-09	-2.717276e+01	-2.517991e+02
7.320000e-06	-5.162089e-09	-2.175122e-09	-2.718914e+01	-2.518875e+02
7.330000e-06	-5.164878e-09	-2.177327e-09	-2.720383e+01	-2.519576e+02
7.340000e-06	-5.167286e-09	-2.180653e-09	-2.721652e+01	-2.520096e+02
7.350000e-06	-5.169333e-09	-2.182359e-09	-2.722730e+01	-2.520434e+02
7.360000e-06	-5.171048e-09	-2.181150e-09	-2.723633e+01	-2.520590e+02
7.370000e-06	-5.172475e-09	-2.177932e-09	-2.724384e+01	-2.520564e+02
7.380000e-06	-5.173606e-09	-2.176490e-09	-2.724980e+01	-2.520356e+02
7.390000e-06	-5.174313e-09	-2.177225e-09	-2.725353e+01	-2.519966e+02
7.400000e-06	-5.174592e-09	-2.177368e-09	-2.725499e+01	-2.519395e+02
