# Temperatura_=_20.0
# Concentracion g/m^3_=_10000.0
# C_Vs_to_Am_M_A/Vsm_=_116720831517.84952
# pendiente_HvsI_1/m_=_3716.3
# ordenada_HvsI_A/m_=_1297.0
# frecuencia_Hz_=_135381.30858503925
# Promedio de 26 ciclos

Tiempo_(s)	Campo_(V.s)	Magnetizacion_(V.s)	Campo_(kA/m)	Magnetizacion_(A/m)
0.000000e+00	-8.835925e-09	-3.886338e-09	-4.586252e+01	-4.493750e+02
1.000000e-08	-8.835873e-09	-3.879814e-09	-4.586225e+01	-4.492940e+02
2.000000e-08	-8.835422e-09	-3.873626e-09	-4.585990e+01	-4.491805e+02
3.000000e-08	-8.834489e-09	-3.871106e-09	-4.585506e+01	-4.490344e+02
4.000000e-08	-8.832880e-09	-3.869900e-09	-4.584671e+01	-4.488558e+02
5.000000e-08	-8.830423e-09	-3.868732e-09	-4.583396e+01	-4.486448e+02
6.000000e-08	-8.827116e-09	-3.865357e-09	-4.581679e+01	-4.484012e+02
7.000000e-08	-8.823142e-09	-3.858539e-09	-4.579617e+01	-4.481252e+02
8.000000e-08	-8.818681e-09	-3.854792e-09	-4.577301e+01	-4.478168e+02
9.000000e-08	-8.813651e-09	-3.868684e-09	-4.574690e+01	-4.474759e+02
1.000000e-07	-8.807739e-09	-3.882130e-09	-4.571622e+01	-4.471026e+02
1.100000e-07	-8.800770e-09	-3.859159e-09	-4.568004e+01	-4.466970e+02
1.200000e-07	-8.792991e-09	-3.817790e-09	-4.563967e+01	-4.462590e+02
1.300000e-07	-8.784887e-09	-3.834591e-09	-4.559760e+01	-4.457887e+02
1.400000e-07	-8.776614e-09	-3.869561e-09	-4.555466e+01	-4.452861e+02
1.500000e-07	-8.767855e-09	-3.844791e-09	-4.550920e+01	-4.447513e+02
1.600000e-07	-8.758281e-09	-3.780109e-09	-4.545950e+01	-4.441843e+02
1.700000e-07	-8.748026e-09	-3.809150e-09	-4.540628e+01	-4.435851e+02
1.800000e-07	-8.737177e-09	-3.849486e-09	-4.534996e+01	-4.429538e+02
1.900000e-07	-8.725496e-09	-3.798779e-09	-4.528934e+01	-4.422905e+02
2.000000e-07	-8.713038e-09	-3.764005e-09	-4.522467e+01	-4.415951e+02
2.100000e-07	-8.700028e-09	-3.805385e-09	-4.515714e+01	-4.408677e+02
2.200000e-07	-8.686362e-09	-3.800957e-09	-4.508621e+01	-4.401085e+02
2.300000e-07	-8.671810e-09	-3.732327e-09	-4.501068e+01	-4.393173e+02
2.400000e-07	-8.656479e-09	-3.740491e-09	-4.493110e+01	-4.384944e+02
2.500000e-07	-8.640426e-09	-3.779474e-09	-4.484778e+01	-4.376397e+02
2.600000e-07	-8.623510e-09	-3.746636e-09	-4.475998e+01	-4.367533e+02
2.700000e-07	-8.605814e-09	-3.718658e-09	-4.466813e+01	-4.358353e+02
2.800000e-07	-8.587566e-09	-3.763221e-09	-4.457341e+01	-4.348858e+02
2.900000e-07	-8.568783e-09	-3.759828e-09	-4.447592e+01	-4.339047e+02
3.000000e-07	-8.549390e-09	-3.711085e-09	-4.437526e+01	-4.328923e+02
3.100000e-07	-8.529471e-09	-3.718928e-09	-4.427187e+01	-4.318485e+02
3.200000e-07	-8.509092e-09	-3.739543e-09	-4.416610e+01	-4.307734e+02
3.300000e-07	-8.488250e-09	-3.686856e-09	-4.405791e+01	-4.296671e+02
3.400000e-07	-8.467024e-09	-3.685658e-09	-4.394774e+01	-4.285298e+02
3.500000e-07	-8.445343e-09	-3.718158e-09	-4.383521e+01	-4.273614e+02
3.600000e-07	-8.422984e-09	-3.680827e-09	-4.371915e+01	-4.261620e+02
3.700000e-07	-8.399943e-09	-3.637827e-09	-4.359956e+01	-4.249319e+02
3.800000e-07	-8.376379e-09	-3.663638e-09	-4.347725e+01	-4.236709e+02
3.900000e-07	-8.352330e-09	-3.658928e-09	-4.335242e+01	-4.223793e+02
4.000000e-07	-8.327766e-09	-3.621612e-09	-4.322493e+01	-4.210571e+02
4.100000e-07	-8.302604e-09	-3.617472e-09	-4.309433e+01	-4.197044e+02
4.200000e-07	-8.276582e-09	-3.607041e-09	-4.295926e+01	-4.183213e+02
4.300000e-07	-8.249576e-09	-3.580399e-09	-4.281908e+01	-4.169079e+02
4.400000e-07	-8.221831e-09	-3.582427e-09	-4.267507e+01	-4.154643e+02
4.500000e-07	-8.193616e-09	-3.575267e-09	-4.252862e+01	-4.139907e+02
4.600000e-07	-8.164972e-09	-3.543861e-09	-4.237995e+01	-4.124871e+02
4.700000e-07	-8.135877e-09	-3.541260e-09	-4.222893e+01	-4.109536e+02
4.800000e-07	-8.106263e-09	-3.540259e-09	-4.207522e+01	-4.093904e+02
4.900000e-07	-8.076085e-09	-3.515100e-09	-4.191858e+01	-4.077975e+02
5.000000e-07	-8.045381e-09	-3.491382e-09	-4.175922e+01	-4.061751e+02
5.100000e-07	-8.014151e-09	-3.473747e-09	-4.159712e+01	-4.045233e+02
5.200000e-07	-7.982377e-09	-3.453030e-09	-4.143219e+01	-4.028421e+02
5.300000e-07	-7.950153e-09	-3.452151e-09	-4.126494e+01	-4.011319e+02
5.400000e-07	-7.917517e-09	-3.444360e-09	-4.109554e+01	-3.993926e+02
5.500000e-07	-7.884266e-09	-3.419613e-09	-4.092295e+01	-3.976243e+02
5.600000e-07	-7.850155e-09	-3.400378e-09	-4.074590e+01	-3.958273e+02
5.700000e-07	-7.815144e-09	-3.388758e-09	-4.056418e+01	-3.940016e+02
5.800000e-07	-7.779412e-09	-3.365524e-09	-4.037871e+01	-3.921474e+02
5.900000e-07	-7.743197e-09	-3.347262e-09	-4.019074e+01	-3.902648e+02
6.000000e-07	-7.706617e-09	-3.329786e-09	-4.000087e+01	-3.883539e+02
6.100000e-07	-7.669623e-09	-3.311234e-09	-3.980885e+01	-3.864149e+02
6.200000e-07	-7.632120e-09	-3.295138e-09	-3.961419e+01	-3.844480e+02
6.300000e-07	-7.594055e-09	-3.278402e-09	-3.941662e+01	-3.824532e+02
6.400000e-07	-7.555438e-09	-3.250988e-09	-3.921618e+01	-3.804307e+02
6.500000e-07	-7.516289e-09	-3.225975e-09	-3.901298e+01	-3.783807e+02
6.600000e-07	-7.476611e-09	-3.205696e-09	-3.880703e+01	-3.763032e+02
6.700000e-07	-7.436486e-09	-3.189958e-09	-3.859876e+01	-3.741985e+02
6.800000e-07	-7.395971e-09	-3.176962e-09	-3.838847e+01	-3.720668e+02
6.900000e-07	-7.354987e-09	-3.160778e-09	-3.817574e+01	-3.699080e+02
7.000000e-07	-7.313344e-09	-3.135950e-09	-3.795960e+01	-3.677225e+02
7.100000e-07	-7.270913e-09	-3.111809e-09	-3.773936e+01	-3.655104e+02
7.200000e-07	-7.227730e-09	-3.089833e-09	-3.751522e+01	-3.632718e+02
7.300000e-07	-7.183938e-09	-3.065855e-09	-3.728792e+01	-3.610069e+02
7.400000e-07	-7.139693e-09	-3.042127e-09	-3.705827e+01	-3.587159e+02
7.500000e-07	-7.095066e-09	-3.020176e-09	-3.682663e+01	-3.563988e+02
7.600000e-07	-7.050057e-09	-3.002323e-09	-3.659302e+01	-3.540560e+02
7.700000e-07	-7.004581e-09	-2.987383e-09	-3.635697e+01	-3.516876e+02
7.800000e-07	-6.958576e-09	-2.970680e-09	-3.611819e+01	-3.492936e+02
7.900000e-07	-6.912056e-09	-2.946653e-09	-3.587673e+01	-3.468744e+02
8.000000e-07	-6.865018e-09	-2.920343e-09	-3.563258e+01	-3.444301e+02
8.100000e-07	-6.817498e-09	-2.896239e-09	-3.538592e+01	-3.419608e+02
8.200000e-07	-6.769517e-09	-2.874876e-09	-3.513688e+01	-3.394667e+02
8.300000e-07	-6.721059e-09	-2.851180e-09	-3.488536e+01	-3.369481e+02
8.400000e-07	-6.672091e-09	-2.826483e-09	-3.463120e+01	-3.344051e+02
8.500000e-07	-6.622517e-09	-2.802550e-09	-3.437388e+01	-3.318379e+02
8.600000e-07	-6.572244e-09	-2.783549e-09	-3.411295e+01	-3.292466e+02
8.700000e-07	-6.521272e-09	-2.762601e-09	-3.384838e+01	-3.266315e+02
8.800000e-07	-6.469678e-09	-2.737876e-09	-3.358058e+01	-3.239927e+02
8.900000e-07	-6.417546e-09	-2.709912e-09	-3.330999e+01	-3.213305e+02
9.000000e-07	-6.364922e-09	-2.683695e-09	-3.303685e+01	-3.186450e+02
9.100000e-07	-6.311822e-09	-2.660179e-09	-3.276124e+01	-3.159364e+02
9.200000e-07	-6.258248e-09	-2.640291e-09	-3.248316e+01	-3.132050e+02
9.300000e-07	-6.204190e-09	-2.618262e-09	-3.220258e+01	-3.104508e+02
9.400000e-07	-6.149661e-09	-2.593568e-09	-3.191955e+01	-3.076742e+02
9.500000e-07	-6.094695e-09	-2.567246e-09	-3.163425e+01	-3.048753e+02
9.600000e-07	-6.039307e-09	-2.541234e-09	-3.134676e+01	-3.020544e+02
9.700000e-07	-5.983527e-09	-2.513748e-09	-3.105723e+01	-2.992115e+02
9.800000e-07	-5.927408e-09	-2.485706e-09	-3.076595e+01	-2.963470e+02
9.900000e-07	-5.870963e-09	-2.459482e-09	-3.047297e+01	-2.934610e+02
1.000000e-06	-5.814172e-09	-2.438445e-09	-3.017820e+01	-2.905538e+02
1.010000e-06	-5.757004e-09	-2.419686e-09	-2.988147e+01	-2.876255e+02
1.020000e-06	-5.699395e-09	-2.395987e-09	-2.958245e+01	-2.846764e+02
1.030000e-06	-5.641263e-09	-2.364879e-09	-2.928073e+01	-2.817067e+02
1.040000e-06	-5.582555e-09	-2.332334e-09	-2.897600e+01	-2.787166e+02
1.050000e-06	-5.523284e-09	-2.303455e-09	-2.866836e+01	-2.757063e+02
1.060000e-06	-5.463526e-09	-2.277613e-09	-2.835819e+01	-2.726760e+02
1.070000e-06	-5.403372e-09	-2.253055e-09	-2.804596e+01	-2.696260e+02
1.080000e-06	-5.342878e-09	-2.226668e-09	-2.773197e+01	-2.665564e+02
1.090000e-06	-5.282063e-09	-2.199096e-09	-2.741631e+01	-2.634676e+02
1.100000e-06	-5.220923e-09	-2.170355e-09	-2.709896e+01	-2.603596e+02
1.110000e-06	-5.159448e-09	-2.140830e-09	-2.677988e+01	-2.572328e+02
1.120000e-06	-5.097637e-09	-2.111107e-09	-2.645906e+01	-2.540874e+02
1.130000e-06	-5.035483e-09	-2.083362e-09	-2.613645e+01	-2.509236e+02
1.140000e-06	-4.972981e-09	-2.056943e-09	-2.581203e+01	-2.477415e+02
1.150000e-06	-4.910150e-09	-2.030027e-09	-2.548591e+01	-2.445416e+02
1.160000e-06	-4.847006e-09	-2.000037e-09	-2.515816e+01	-2.413239e+02
1.170000e-06	-4.783572e-09	-1.967571e-09	-2.482891e+01	-2.380888e+02
1.180000e-06	-4.719855e-09	-1.933632e-09	-2.449819e+01	-2.348364e+02
1.190000e-06	-4.655844e-09	-1.901439e-09	-2.416594e+01	-2.315670e+02
1.200000e-06	-4.591537e-09	-1.871258e-09	-2.383216e+01	-2.282808e+02
1.210000e-06	-4.526927e-09	-1.843640e-09	-2.349680e+01	-2.249781e+02
1.220000e-06	-4.462011e-09	-1.816810e-09	-2.315986e+01	-2.216591e+02
1.230000e-06	-4.396781e-09	-1.788659e-09	-2.282128e+01	-2.183240e+02
1.240000e-06	-4.331192e-09	-1.756602e-09	-2.248085e+01	-2.149732e+02
1.250000e-06	-4.265199e-09	-1.722245e-09	-2.213831e+01	-2.116067e+02
1.260000e-06	-4.198822e-09	-1.687236e-09	-2.179379e+01	-2.082249e+02
1.270000e-06	-4.132076e-09	-1.654637e-09	-2.144735e+01	-2.048281e+02
1.280000e-06	-4.064978e-09	-1.624388e-09	-2.109908e+01	-2.014164e+02
1.290000e-06	-3.997541e-09	-1.594696e-09	-2.074905e+01	-1.979901e+02
1.300000e-06	-3.929786e-09	-1.565850e-09	-2.039737e+01	-1.945494e+02
1.310000e-06	-3.861774e-09	-1.537510e-09	-2.004435e+01	-1.910947e+02
1.320000e-06	-3.793541e-09	-1.506998e-09	-1.969019e+01	-1.876261e+02
1.330000e-06	-3.725091e-09	-1.473689e-09	-1.933490e+01	-1.841439e+02
1.340000e-06	-3.656426e-09	-1.439778e-09	-1.897850e+01	-1.806484e+02
1.350000e-06	-3.587547e-09	-1.408267e-09	-1.862098e+01	-1.771398e+02
1.360000e-06	-3.518455e-09	-1.379519e-09	-1.826236e+01	-1.736183e+02
1.370000e-06	-3.449144e-09	-1.351169e-09	-1.790261e+01	-1.700843e+02
1.380000e-06	-3.379594e-09	-1.321093e-09	-1.754161e+01	-1.665380e+02
1.390000e-06	-3.309796e-09	-1.287246e-09	-1.717933e+01	-1.629796e+02
1.400000e-06	-3.239757e-09	-1.252623e-09	-1.681579e+01	-1.594093e+02
1.410000e-06	-3.169503e-09	-1.220458e-09	-1.645114e+01	-1.558275e+02
1.420000e-06	-3.099043e-09	-1.190274e-09	-1.608542e+01	-1.522345e+02
1.430000e-06	-3.028362e-09	-1.158885e-09	-1.571855e+01	-1.486304e+02
1.440000e-06	-2.957482e-09	-1.125436e-09	-1.535065e+01	-1.450155e+02
1.450000e-06	-2.886422e-09	-1.090294e-09	-1.498182e+01	-1.413901e+02
1.460000e-06	-2.815173e-09	-1.054898e-09	-1.461200e+01	-1.377545e+02
1.470000e-06	-2.743734e-09	-1.020188e-09	-1.424120e+01	-1.341088e+02
1.480000e-06	-2.672112e-09	-9.877895e-10	-1.386945e+01	-1.304535e+02
1.490000e-06	-2.600313e-09	-9.570065e-10	-1.349678e+01	-1.267887e+02
1.500000e-06	-2.528350e-09	-9.278815e-10	-1.312326e+01	-1.231147e+02
1.510000e-06	-2.456204e-09	-8.984554e-10	-1.274879e+01	-1.194318e+02
1.520000e-06	-2.383879e-09	-8.662439e-10	-1.237338e+01	-1.157402e+02
1.530000e-06	-2.311417e-09	-8.313080e-10	-1.199727e+01	-1.120402e+02
1.540000e-06	-2.238829e-09	-7.963417e-10	-1.162051e+01	-1.083321e+02
1.550000e-06	-2.166122e-09	-7.643098e-10	-1.124312e+01	-1.046162e+02
1.560000e-06	-2.093299e-09	-7.342460e-10	-1.086514e+01	-1.008926e+02
1.570000e-06	-2.020347e-09	-7.026148e-10	-1.048648e+01	-9.716178e+01
1.580000e-06	-1.947240e-09	-6.698580e-10	-1.010702e+01	-9.342388e+01
1.590000e-06	-1.873981e-09	-6.369586e-10	-9.726776e+00	-8.967919e+01
1.600000e-06	-1.800579e-09	-6.043600e-10	-9.345786e+00	-8.592800e+01
1.610000e-06	-1.727002e-09	-5.717579e-10	-8.963886e+00	-8.217058e+01
1.620000e-06	-1.653241e-09	-5.388820e-10	-8.581036e+00	-7.840719e+01
1.630000e-06	-1.579323e-09	-5.075616e-10	-8.197369e+00	-7.463811e+01
1.640000e-06	-1.505234e-09	-4.775902e-10	-7.812814e+00	-7.086362e+01
1.650000e-06	-1.430957e-09	-4.466096e-10	-7.427284e+00	-6.708398e+01
1.660000e-06	-1.356531e-09	-4.128593e-10	-7.040981e+00	-6.329947e+01
1.670000e-06	-1.281984e-09	-3.780385e-10	-6.654047e+00	-5.951036e+01
1.680000e-06	-1.207339e-09	-3.454492e-10	-6.266607e+00	-5.571692e+01
1.690000e-06	-1.132630e-09	-3.161613e-10	-5.878837e+00	-5.191944e+01
1.700000e-06	-1.057859e-09	-2.877896e-10	-5.490745e+00	-4.811818e+01
1.710000e-06	-9.829845e-10	-2.577439e-10	-5.102111e+00	-4.431343e+01
1.720000e-06	-9.080026e-10	-2.263641e-10	-4.712922e+00	-4.050545e+01
1.730000e-06	-8.329284e-10	-1.955718e-10	-4.323253e+00	-3.669452e+01
1.740000e-06	-7.577669e-10	-1.638916e-10	-3.933131e+00	-3.288093e+01
1.750000e-06	-6.825471e-10	-1.297593e-10	-3.542706e+00	-2.906493e+01
1.760000e-06	-6.072573e-10	-9.449829e-11	-3.151919e+00	-2.524681e+01
1.770000e-06	-5.318778e-10	-6.155162e-11	-2.760665e+00	-2.142685e+01
1.780000e-06	-4.564311e-10	-3.216290e-11	-2.369063e+00	-1.760533e+01
1.790000e-06	-3.809496e-10	-3.401362e-12	-1.977280e+00	-1.378251e+01
1.800000e-06	-3.054309e-10	2.721216e-11	-1.585304e+00	-9.958677e+00
1.810000e-06	-2.298879e-10	5.870408e-11	-1.193202e+00	-6.134107e+00
1.820000e-06	-1.543340e-10	8.952434e-11	-8.010425e-01	-2.309076e+00
1.830000e-06	-7.878007e-11	1.195127e-10	-4.088835e-01	1.516139e+00
1.840000e-06	-3.250419e-12	1.500562e-10	-1.685066e-02	5.341262e+00
1.850000e-06	7.225461e-11	1.821844e-10	3.750546e-01	9.166015e+00
1.860000e-06	1.477434e-10	2.149311e-10	7.668756e-01	1.299012e+01
1.870000e-06	2.232224e-10	2.450987e-10	1.158646e+00	1.681330e+01
1.880000e-06	2.986927e-10	2.725504e-10	1.550371e+00	2.063529e+01
1.890000e-06	3.741388e-10	3.006998e-10	1.941970e+00	2.445580e+01
1.900000e-06	4.495644e-10	3.322139e-10	2.333464e+00	2.827455e+01
1.910000e-06	5.249689e-10	3.656262e-10	2.724847e+00	3.209128e+01
1.920000e-06	6.003139e-10	3.974264e-10	3.115922e+00	3.590570e+01
1.930000e-06	6.755920e-10	4.271154e-10	3.506649e+00	3.971754e+01
1.940000e-06	7.508003e-10	4.568018e-10	3.897014e+00	4.352652e+01
1.950000e-06	8.259298e-10	4.889469e-10	4.286969e+00	4.733237e+01
1.960000e-06	9.009658e-10	5.221003e-10	4.676440e+00	5.113481e+01
1.970000e-06	9.758734e-10	5.521180e-10	5.065243e+00	5.493357e+01
1.980000e-06	1.050631e-09	5.786777e-10	5.453266e+00	5.872837e+01
1.990000e-06	1.125258e-09	6.059080e-10	5.840617e+00	6.251894e+01
2.000000e-06	1.199788e-09	6.362847e-10	6.227458e+00	6.630500e+01
2.010000e-06	1.274209e-09	6.682670e-10	6.613737e+00	7.008628e+01
2.020000e-06	1.348527e-09	6.988143e-10	6.999479e+00	7.386250e+01
2.030000e-06	1.422734e-09	7.278987e-10	7.384643e+00	7.763340e+01
2.040000e-06	1.496809e-09	7.583289e-10	7.769128e+00	8.139870e+01
2.050000e-06	1.570760e-09	7.905209e-10	8.152965e+00	8.515812e+01
2.060000e-06	1.644553e-09	8.219970e-10	8.535981e+00	8.891140e+01
2.070000e-06	1.718182e-09	8.505738e-10	8.918153e+00	9.265826e+01
2.080000e-06	1.791664e-09	8.765766e-10	9.299555e+00	9.639843e+01
2.090000e-06	1.864977e-09	9.031578e-10	9.680080e+00	1.001316e+02
2.100000e-06	1.938109e-09	9.317812e-10	1.005967e+01	1.038576e+02
2.110000e-06	2.011077e-09	9.612445e-10	1.043841e+01	1.075761e+02
2.120000e-06	2.083875e-09	9.903306e-10	1.081626e+01	1.112868e+02
2.130000e-06	2.156498e-09	1.019279e-09	1.119321e+01	1.149895e+02
2.140000e-06	2.228967e-09	1.049835e-09	1.156936e+01	1.186839e+02
2.150000e-06	2.301310e-09	1.081257e-09	1.194485e+01	1.223697e+02
2.160000e-06	2.373537e-09	1.110617e-09	1.231974e+01	1.260467e+02
2.170000e-06	2.445614e-09	1.136922e-09	1.269386e+01	1.297145e+02
2.180000e-06	2.517545e-09	1.162195e-09	1.306722e+01	1.333730e+02
2.190000e-06	2.589347e-09	1.189255e-09	1.343990e+01	1.370219e+02
2.200000e-06	2.660999e-09	1.217232e-09	1.381181e+01	1.406609e+02
2.210000e-06	2.732466e-09	1.244614e-09	1.418276e+01	1.442897e+02
2.220000e-06	2.803735e-09	1.271891e-09	1.455267e+01	1.479080e+02
2.230000e-06	2.874807e-09	1.299797e-09	1.492157e+01	1.515157e+02
2.240000e-06	2.945687e-09	1.328211e-09	1.528947e+01	1.551125e+02
2.250000e-06	3.016339e-09	1.355906e-09	1.565619e+01	1.586980e+02
2.260000e-06	3.086738e-09	1.381988e-09	1.602159e+01	1.622721e+02
2.270000e-06	3.156892e-09	1.407593e-09	1.638572e+01	1.658344e+02
2.280000e-06	3.226818e-09	1.434688e-09	1.674867e+01	1.693848e+02
2.290000e-06	3.296534e-09	1.462764e-09	1.711053e+01	1.729229e+02
2.300000e-06	3.366034e-09	1.489759e-09	1.747127e+01	1.764485e+02
2.310000e-06	3.435335e-09	1.515404e-09	1.783097e+01	1.799614e+02
2.320000e-06	3.504441e-09	1.541278e-09	1.818966e+01	1.834613e+02
2.330000e-06	3.573332e-09	1.568992e-09	1.854724e+01	1.869479e+02
2.340000e-06	3.642021e-09	1.598521e-09	1.890377e+01	1.904210e+02
2.350000e-06	3.710495e-09	1.627016e-09	1.925918e+01	1.938803e+02
2.360000e-06	3.778734e-09	1.653283e-09	1.961337e+01	1.973257e+02
2.370000e-06	3.846730e-09	1.680220e-09	1.996630e+01	2.007567e+02
2.380000e-06	3.914447e-09	1.708822e-09	2.031779e+01	2.041733e+02
2.390000e-06	3.981841e-09	1.737867e-09	2.066759e+01	2.075751e+02
2.400000e-06	4.048876e-09	1.766026e-09	2.101553e+01	2.109619e+02
2.410000e-06	4.115530e-09	1.792438e-09	2.136150e+01	2.143334e+02
2.420000e-06	4.181803e-09	1.818425e-09	2.170548e+01	2.176895e+02
2.430000e-06	4.247700e-09	1.845722e-09	2.204752e+01	2.210298e+02
2.440000e-06	4.313212e-09	1.873535e-09	2.238756e+01	2.243541e+02
2.450000e-06	4.378374e-09	1.900135e-09	2.272578e+01	2.276622e+02
2.460000e-06	4.443230e-09	1.926738e-09	2.306241e+01	2.309539e+02
2.470000e-06	4.507794e-09	1.954383e-09	2.339752e+01	2.342288e+02
2.480000e-06	4.572075e-09	1.982367e-09	2.373117e+01	2.374869e+02
2.490000e-06	4.636075e-09	2.009560e-09	2.406337e+01	2.407277e+02
2.500000e-06	4.699802e-09	2.034544e-09	2.439413e+01	2.439512e+02
2.510000e-06	4.763231e-09	2.058564e-09	2.472336e+01	2.471570e+02
2.520000e-06	4.826339e-09	2.082915e-09	2.505092e+01	2.503450e+02
2.530000e-06	4.889129e-09	2.109489e-09	2.537683e+01	2.535148e+02
2.540000e-06	4.951596e-09	2.137913e-09	2.570106e+01	2.566664e+02
2.550000e-06	5.013741e-09	2.164934e-09	2.602363e+01	2.597994e+02
2.560000e-06	5.075557e-09	2.189137e-09	2.634448e+01	2.629135e+02
2.570000e-06	5.137042e-09	2.212332e-09	2.666362e+01	2.660087e+02
2.580000e-06	5.198210e-09	2.237134e-09	2.698111e+01	2.690847e+02
2.590000e-06	5.259068e-09	2.263070e-09	2.729699e+01	2.721412e+02
2.600000e-06	5.319630e-09	2.288524e-09	2.761133e+01	2.751780e+02
2.610000e-06	5.379909e-09	2.312972e-09	2.792421e+01	2.781949e+02
2.620000e-06	5.439850e-09	2.337345e-09	2.823533e+01	2.811917e+02
2.630000e-06	5.499371e-09	2.362536e-09	2.854427e+01	2.841682e+02
2.640000e-06	5.558372e-09	2.387942e-09	2.885052e+01	2.871241e+02
2.650000e-06	5.616763e-09	2.413381e-09	2.915359e+01	2.900593e+02
2.660000e-06	5.674558e-09	2.439080e-09	2.945357e+01	2.929735e+02
2.670000e-06	5.731836e-09	2.464146e-09	2.975087e+01	2.958665e+02
2.680000e-06	5.788668e-09	2.488494e-09	3.004585e+01	2.987382e+02
2.690000e-06	5.845116e-09	2.511373e-09	3.033885e+01	3.015882e+02
2.700000e-06	5.901229e-09	2.532297e-09	3.063010e+01	3.044164e+02
2.710000e-06	5.957022e-09	2.553394e-09	3.091969e+01	3.072226e+02
2.720000e-06	6.012465e-09	2.575980e-09	3.120747e+01	3.100066e+02
2.730000e-06	6.067527e-09	2.600347e-09	3.149326e+01	3.127682e+02
2.740000e-06	6.122181e-09	2.626703e-09	3.177695e+01	3.155071e+02
2.750000e-06	6.176433e-09	2.652250e-09	3.205854e+01	3.182233e+02
2.760000e-06	6.230269e-09	2.674243e-09	3.233797e+01	3.209164e+02
2.770000e-06	6.283636e-09	2.692719e-09	3.261497e+01	3.235864e+02
2.780000e-06	6.336514e-09	2.710882e-09	3.288943e+01	3.262329e+02
2.790000e-06	6.388857e-09	2.731701e-09	3.316111e+01	3.288558e+02
2.800000e-06	6.440617e-09	2.755125e-09	3.342977e+01	3.314550e+02
2.810000e-06	6.491729e-09	2.778565e-09	3.369507e+01	3.340302e+02
2.820000e-06	6.542153e-09	2.800770e-09	3.395679e+01	3.365812e+02
2.830000e-06	6.591922e-09	2.822651e-09	3.421511e+01	3.391079e+02
2.840000e-06	6.641110e-09	2.845875e-09	3.447042e+01	3.416101e+02
2.850000e-06	6.689807e-09	2.868808e-09	3.472318e+01	3.440876e+02
2.860000e-06	6.738092e-09	2.888225e-09	3.497380e+01	3.465402e+02
2.870000e-06	6.785989e-09	2.905538e-09	3.522241e+01	3.489677e+02
2.880000e-06	6.833457e-09	2.924308e-09	3.546879e+01	3.513700e+02
2.890000e-06	6.880446e-09	2.946152e-09	3.571268e+01	3.537469e+02
2.900000e-06	6.926934e-09	2.969015e-09	3.595398e+01	3.560982e+02
2.910000e-06	6.972925e-09	2.990269e-09	3.619269e+01	3.584238e+02
2.920000e-06	7.018432e-09	3.008871e-09	3.642889e+01	3.607234e+02
2.930000e-06	7.063486e-09	3.025903e-09	3.666275e+01	3.629970e+02
2.940000e-06	7.108151e-09	3.044391e-09	3.689458e+01	3.652443e+02
2.950000e-06	7.152483e-09	3.063950e-09	3.712468e+01	3.674651e+02
2.960000e-06	7.196445e-09	3.082117e-09	3.735286e+01	3.696595e+02
2.970000e-06	7.239861e-09	3.099873e-09	3.757822e+01	3.718270e+02
2.980000e-06	7.282560e-09	3.119511e-09	3.779984e+01	3.739677e+02
2.990000e-06	7.324490e-09	3.140372e-09	3.801747e+01	3.760814e+02
3.000000e-06	7.365717e-09	3.158653e-09	3.823146e+01	3.781678e+02
3.010000e-06	7.406395e-09	3.172494e-09	3.844260e+01	3.802269e+02
3.020000e-06	7.446660e-09	3.185348e-09	3.865160e+01	3.822585e+02
3.030000e-06	7.486520e-09	3.201562e-09	3.885848e+01	3.842625e+02
3.040000e-06	7.525896e-09	3.220583e-09	3.906287e+01	3.862387e+02
3.050000e-06	7.564748e-09	3.238872e-09	3.926453e+01	3.881869e+02
3.060000e-06	7.603046e-09	3.255234e-09	3.946331e+01	3.901071e+02
3.070000e-06	7.640774e-09	3.271531e-09	3.965914e+01	3.919990e+02
3.080000e-06	7.677974e-09	3.288790e-09	3.985222e+01	3.938626e+02
3.090000e-06	7.714747e-09	3.305489e-09	4.004309e+01	3.956977e+02
3.100000e-06	7.751163e-09	3.319955e-09	4.023211e+01	3.975042e+02
3.110000e-06	7.787180e-09	3.333407e-09	4.041905e+01	3.992820e+02
3.120000e-06	7.822647e-09	3.348443e-09	4.060314e+01	4.010309e+02
3.130000e-06	7.857360e-09	3.365478e-09	4.078332e+01	4.027508e+02
3.140000e-06	7.891236e-09	3.382411e-09	4.095915e+01	4.044415e+02
3.150000e-06	7.924378e-09	3.397017e-09	4.113117e+01	4.061030e+02
3.160000e-06	7.956970e-09	3.410044e-09	4.130034e+01	4.077351e+02
3.170000e-06	7.989121e-09	3.423699e-09	4.146722e+01	4.093378e+02
3.180000e-06	8.020789e-09	3.438747e-09	4.163159e+01	4.109108e+02
3.190000e-06	8.051894e-09	3.453835e-09	4.179303e+01	4.124541e+02
3.200000e-06	8.082443e-09	3.467591e-09	4.195160e+01	4.139676e+02
3.210000e-06	8.112438e-09	3.480692e-09	4.210729e+01	4.154512e+02
3.220000e-06	8.141846e-09	3.494934e-09	4.225993e+01	4.169047e+02
3.230000e-06	8.170738e-09	3.509305e-09	4.240989e+01	4.183280e+02
3.240000e-06	8.199240e-09	3.521072e-09	4.255783e+01	4.197211e+02
3.250000e-06	8.227375e-09	3.530769e-09	4.270386e+01	4.210839e+02
3.260000e-06	8.254980e-09	3.541209e-09	4.284715e+01	4.224162e+02
3.270000e-06	8.281804e-09	3.554440e-09	4.298638e+01	4.237179e+02
3.280000e-06	8.307714e-09	3.569849e-09	4.312086e+01	4.249890e+02
3.290000e-06	8.332816e-09	3.584860e-09	4.325115e+01	4.262294e+02
3.300000e-06	8.357331e-09	3.597685e-09	4.337839e+01	4.274389e+02
3.310000e-06	8.381323e-09	3.608753e-09	4.350292e+01	4.286175e+02
3.320000e-06	8.404745e-09	3.619246e-09	4.362450e+01	4.297651e+02
3.330000e-06	8.427587e-09	3.628257e-09	4.374306e+01	4.308817e+02
3.340000e-06	8.449851e-09	3.635329e-09	4.385862e+01	4.319670e+02
3.350000e-06	8.471525e-09	3.642145e-09	4.397111e+01	4.330212e+02
3.360000e-06	8.492625e-09	3.651186e-09	4.408063e+01	4.340440e+02
3.370000e-06	8.513264e-09	3.662719e-09	4.418776e+01	4.350354e+02
3.380000e-06	8.533525e-09	3.673155e-09	4.429292e+01	4.359954e+02
3.390000e-06	8.553324e-09	3.681083e-09	4.439569e+01	4.369238e+02
3.400000e-06	8.572515e-09	3.688549e-09	4.449530e+01	4.378206e+02
3.410000e-06	8.591039e-09	3.697536e-09	4.459145e+01	4.386858e+02
3.420000e-06	8.608947e-09	3.705568e-09	4.468440e+01	4.395192e+02
3.430000e-06	8.626325e-09	3.710297e-09	4.477460e+01	4.403209e+02
3.440000e-06	8.643142e-09	3.713833e-09	4.486189e+01	4.410907e+02
3.450000e-06	8.659190e-09	3.719332e-09	4.494518e+01	4.418286e+02
3.460000e-06	8.674404e-09	3.726946e-09	4.502415e+01	4.425345e+02
3.470000e-06	8.688915e-09	3.734830e-09	4.509947e+01	4.432085e+02
3.480000e-06	8.702772e-09	3.742561e-09	4.517139e+01	4.438503e+02
3.490000e-06	8.715986e-09	3.750140e-09	4.523998e+01	4.444601e+02
3.500000e-06	8.728608e-09	3.756899e-09	4.530549e+01	4.450378e+02
3.510000e-06	8.740623e-09	3.762319e-09	4.536786e+01	4.455832e+02
3.520000e-06	8.751871e-09	3.764466e-09	4.542624e+01	4.460964e+02
3.530000e-06	8.762184e-09	3.764376e-09	4.547977e+01	4.465774e+02
3.540000e-06	8.771604e-09	3.765855e-09	4.552866e+01	4.470260e+02
3.550000e-06	8.780353e-09	3.770957e-09	4.557407e+01	4.474424e+02
3.560000e-06	8.788630e-09	3.778988e-09	4.561704e+01	4.478263e+02
3.570000e-06	8.796407e-09	3.786629e-09	4.565740e+01	4.481779e+02
3.580000e-06	8.803574e-09	3.791874e-09	4.569460e+01	4.484971e+02
3.590000e-06	8.810109e-09	3.794342e-09	4.572852e+01	4.487838e+02
3.600000e-06	8.816011e-09	3.795365e-09	4.575916e+01	4.490381e+02
3.610000e-06	8.821287e-09	3.795146e-09	4.578654e+01	4.492599e+02
3.620000e-06	8.826044e-09	3.794423e-09	4.581123e+01	4.494492e+02
3.630000e-06	8.830378e-09	3.795816e-09	4.583372e+01	4.496060e+02
3.640000e-06	8.834207e-09	3.801179e-09	4.585360e+01	4.497302e+02
3.650000e-06	8.837311e-09	3.809529e-09	4.586971e+01	4.498220e+02
3.660000e-06	8.839501e-09	3.815736e-09	4.588108e+01	4.498812e+02
3.670000e-06	8.840814e-09	3.817414e-09	4.588789e+01	4.499079e+02
3.680000e-06	8.841494e-09	3.815666e-09	4.589142e+01	4.499020e+02
3.690000e-06	8.841719e-09	3.813484e-09	4.589259e+01	4.498636e+02
3.700000e-06	8.841447e-09	3.811830e-09	4.589118e+01	4.497927e+02
3.710000e-06	8.840569e-09	3.808634e-09	4.588662e+01	4.496892e+02
3.720000e-06	8.839100e-09	3.805837e-09	4.587900e+01	4.495532e+02
3.730000e-06	8.837080e-09	3.806606e-09	4.586851e+01	4.493847e+02
3.740000e-06	8.834475e-09	3.810751e-09	4.585499e+01	4.491837e+02
3.750000e-06	8.831343e-09	3.815566e-09	4.583873e+01	4.489502e+02
3.760000e-06	8.827835e-09	3.822414e-09	4.582052e+01	4.486842e+02
3.770000e-06	8.823942e-09	3.818336e-09	4.580032e+01	4.483858e+02
3.780000e-06	8.819348e-09	3.785449e-09	4.577647e+01	4.480549e+02
3.790000e-06	8.813565e-09	3.768654e-09	4.574646e+01	4.476917e+02
3.800000e-06	8.806383e-09	3.806475e-09	4.570918e+01	4.472960e+02
3.810000e-06	8.798255e-09	3.819953e-09	4.566699e+01	4.468681e+02
3.820000e-06	8.789964e-09	3.779744e-09	4.562396e+01	4.464078e+02
3.830000e-06	8.781733e-09	3.751159e-09	4.558124e+01	4.459152e+02
3.840000e-06	8.772963e-09	3.798028e-09	4.553571e+01	4.453903e+02
3.850000e-06	8.763221e-09	3.825751e-09	4.548515e+01	4.448333e+02
3.860000e-06	8.752945e-09	3.745659e-09	4.543181e+01	4.442440e+02
3.870000e-06	8.742454e-09	3.735017e-09	4.537736e+01	4.436227e+02
3.880000e-06	8.731120e-09	3.815401e-09	4.531853e+01	4.429692e+02
3.890000e-06	8.718543e-09	3.799911e-09	4.525325e+01	4.422838e+02
3.900000e-06	8.705326e-09	3.703092e-09	4.518465e+01	4.415663e+02
3.910000e-06	8.691781e-09	3.739453e-09	4.511434e+01	4.408169e+02
3.920000e-06	8.677415e-09	3.818094e-09	4.503978e+01	4.400356e+02
3.930000e-06	8.662130e-09	3.743551e-09	4.496044e+01	4.392225e+02
3.940000e-06	8.646310e-09	3.669135e-09	4.487833e+01	4.383776e+02
3.950000e-06	8.629931e-09	3.737395e-09	4.479331e+01	4.375010e+02
3.960000e-06	8.612789e-09	3.751879e-09	4.470434e+01	4.365928e+02
3.970000e-06	8.595088e-09	3.655388e-09	4.461246e+01	4.356530e+02
3.980000e-06	8.576986e-09	3.653402e-09	4.451850e+01	4.346817e+02
3.990000e-06	8.558289e-09	3.712278e-09	4.442145e+01	4.336789e+02
4.000000e-06	8.539010e-09	3.665450e-09	4.432139e+01	4.326448e+02
4.010000e-06	8.519329e-09	3.622534e-09	4.421924e+01	4.315794e+02
4.020000e-06	8.499009e-09	3.688022e-09	4.411376e+01	4.304828e+02
4.030000e-06	8.477732e-09	3.671639e-09	4.400333e+01	4.293550e+02
4.040000e-06	8.455679e-09	3.599333e-09	4.388886e+01	4.281962e+02
4.050000e-06	8.433047e-09	3.632356e-09	4.377139e+01	4.270065e+02
4.060000e-06	8.409807e-09	3.666301e-09	4.365076e+01	4.257858e+02
4.070000e-06	8.386081e-09	3.604065e-09	4.352762e+01	4.245343e+02
4.080000e-06	8.361906e-09	3.590576e-09	4.340213e+01	4.232522e+02
4.090000e-06	8.337057e-09	3.611429e-09	4.327316e+01	4.219394e+02
4.100000e-06	8.311492e-09	3.577321e-09	4.314046e+01	4.205961e+02
4.110000e-06	8.285326e-09	3.560983e-09	4.300465e+01	4.192224e+02
4.120000e-06	8.258570e-09	3.573271e-09	4.286577e+01	4.178184e+02
4.130000e-06	8.231303e-09	3.540764e-09	4.272424e+01	4.163842e+02
4.140000e-06	8.203662e-09	3.522596e-09	4.258077e+01	4.149198e+02
4.150000e-06	8.175542e-09	3.531400e-09	4.243482e+01	4.134255e+02
4.160000e-06	8.146711e-09	3.507710e-09	4.228517e+01	4.119012e+02
4.170000e-06	8.117045e-09	3.490551e-09	4.213119e+01	4.103472e+02
4.180000e-06	8.086554e-09	3.489259e-09	4.197293e+01	4.087634e+02
4.190000e-06	8.055395e-09	3.464371e-09	4.181120e+01	4.071502e+02
4.200000e-06	8.023764e-09	3.457024e-09	4.164702e+01	4.055074e+02
4.210000e-06	7.991684e-09	3.463909e-09	4.148051e+01	4.038354e+02
4.220000e-06	7.959070e-09	3.431118e-09	4.131123e+01	4.021341e+02
4.230000e-06	7.925889e-09	3.409798e-09	4.113900e+01	4.004037e+02
4.240000e-06	7.892141e-09	3.407479e-09	4.096383e+01	3.986444e+02
4.250000e-06	7.857844e-09	3.383191e-09	4.078582e+01	3.968563e+02
4.260000e-06	7.823036e-09	3.367770e-09	4.060515e+01	3.950395e+02
4.270000e-06	7.787781e-09	3.370571e-09	4.042216e+01	3.931940e+02
4.280000e-06	7.752155e-09	3.347059e-09	4.023724e+01	3.913202e+02
4.290000e-06	7.716080e-09	3.329143e-09	4.005000e+01	3.894181e+02
4.300000e-06	7.679343e-09	3.323210e-09	3.985932e+01	3.874878e+02
4.310000e-06	7.641797e-09	3.301729e-09	3.966443e+01	3.855294e+02
4.320000e-06	7.603422e-09	3.277592e-09	3.946525e+01	3.835432e+02
4.330000e-06	7.564381e-09	3.265047e-09	3.926261e+01	3.815293e+02
4.340000e-06	7.524873e-09	3.247832e-09	3.905755e+01	3.794877e+02
4.350000e-06	7.484970e-09	3.236185e-09	3.885043e+01	3.774187e+02
4.360000e-06	7.444611e-09	3.223650e-09	3.864095e+01	3.753225e+02
4.370000e-06	7.403727e-09	3.201970e-09	3.842874e+01	3.731990e+02
4.380000e-06	7.362319e-09	3.182154e-09	3.821381e+01	3.710486e+02
4.390000e-06	7.320420e-09	3.169098e-09	3.799634e+01	3.688714e+02
4.400000e-06	7.278025e-09	3.152386e-09	3.777629e+01	3.666675e+02
4.410000e-06	7.235136e-09	3.135983e-09	3.755368e+01	3.644370e+02
4.420000e-06	7.191840e-09	3.119545e-09	3.732895e+01	3.621802e+02
4.430000e-06	7.148207e-09	3.102141e-09	3.710247e+01	3.598972e+02
4.440000e-06	7.104196e-09	3.086002e-09	3.687403e+01	3.575882e+02
4.450000e-06	7.059714e-09	3.066985e-09	3.664315e+01	3.552534e+02
4.460000e-06	7.014678e-09	3.042017e-09	3.640940e+01	3.528928e+02
4.470000e-06	6.969091e-09	3.018480e-09	3.617278e+01	3.505067e+02
4.480000e-06	6.923009e-09	3.002087e-09	3.593359e+01	3.480953e+02
4.490000e-06	6.876484e-09	2.987489e-09	3.569210e+01	3.456587e+02
4.500000e-06	6.829499e-09	2.969276e-09	3.544823e+01	3.431971e+02
4.510000e-06	6.781982e-09	2.947198e-09	3.520159e+01	3.407107e+02
4.520000e-06	6.733866e-09	2.926260e-09	3.495185e+01	3.381996e+02
4.530000e-06	6.685126e-09	2.905241e-09	3.469887e+01	3.356641e+02
4.540000e-06	6.635844e-09	2.885976e-09	3.444307e+01	3.331044e+02
4.550000e-06	6.586092e-09	2.866114e-09	3.418483e+01	3.305205e+02
4.560000e-06	6.535871e-09	2.848363e-09	3.392417e+01	3.279127e+02
4.570000e-06	6.485185e-09	2.831033e-09	3.366108e+01	3.252812e+02
4.580000e-06	6.434025e-09	2.813187e-09	3.339554e+01	3.226262e+02
4.590000e-06	6.382383e-09	2.792174e-09	3.312749e+01	3.199479e+02
4.600000e-06	6.330213e-09	2.766699e-09	3.285670e+01	3.172464e+02
4.610000e-06	6.277388e-09	2.738198e-09	3.258252e+01	3.145220e+02
4.620000e-06	6.223853e-09	2.714638e-09	3.230465e+01	3.117749e+02
4.630000e-06	6.169650e-09	2.696648e-09	3.202331e+01	3.090052e+02
4.640000e-06	6.114876e-09	2.680156e-09	3.173901e+01	3.062131e+02
4.650000e-06	6.059629e-09	2.657125e-09	3.145225e+01	3.033990e+02
4.660000e-06	6.004004e-09	2.632230e-09	3.116353e+01	3.005628e+02
4.670000e-06	5.948050e-09	2.610393e-09	3.087311e+01	2.977050e+02
4.680000e-06	5.891738e-09	2.590112e-09	3.058082e+01	2.948256e+02
4.690000e-06	5.835030e-09	2.565098e-09	3.028648e+01	2.919249e+02
4.700000e-06	5.777928e-09	2.534737e-09	2.999009e+01	2.890031e+02
4.710000e-06	5.720446e-09	2.505568e-09	2.969173e+01	2.860604e+02
4.720000e-06	5.662590e-09	2.483664e-09	2.939144e+01	2.830970e+02
4.730000e-06	5.604367e-09	2.466925e-09	2.908923e+01	2.801132e+02
4.740000e-06	5.545767e-09	2.448178e-09	2.878507e+01	2.771091e+02
4.750000e-06	5.486789e-09	2.422719e-09	2.847895e+01	2.740849e+02
4.760000e-06	5.427460e-09	2.393749e-09	2.817100e+01	2.710409e+02
4.770000e-06	5.367817e-09	2.366898e-09	2.786143e+01	2.679774e+02
4.780000e-06	5.307849e-09	2.341630e-09	2.755017e+01	2.648945e+02
4.790000e-06	5.247483e-09	2.315365e-09	2.723684e+01	2.617924e+02
4.800000e-06	5.186659e-09	2.287220e-09	2.692114e+01	2.586714e+02
4.810000e-06	5.125346e-09	2.260685e-09	2.660289e+01	2.555317e+02
4.820000e-06	5.063539e-09	2.237723e-09	2.628209e+01	2.523735e+02
4.830000e-06	5.001256e-09	2.215911e-09	2.595881e+01	2.491970e+02
4.840000e-06	4.938538e-09	2.188340e-09	2.563327e+01	2.460026e+02
4.850000e-06	4.875446e-09	2.156442e-09	2.530580e+01	2.427904e+02
4.860000e-06	4.812045e-09	2.125530e-09	2.497671e+01	2.395606e+02
4.870000e-06	4.748375e-09	2.099756e-09	2.464624e+01	2.363135e+02
4.880000e-06	4.684436e-09	2.076157e-09	2.431436e+01	2.330493e+02
4.890000e-06	4.620200e-09	2.049335e-09	2.398095e+01	2.297682e+02
4.900000e-06	4.555635e-09	2.018232e-09	2.364583e+01	2.264706e+02
4.910000e-06	4.490716e-09	1.988844e-09	2.330887e+01	2.231566e+02
4.920000e-06	4.425440e-09	1.963365e-09	2.297006e+01	2.198264e+02
4.930000e-06	4.359840e-09	1.939415e-09	2.262956e+01	2.164804e+02
4.940000e-06	4.293955e-09	1.913636e-09	2.228759e+01	2.131187e+02
4.950000e-06	4.227805e-09	1.887411e-09	2.194424e+01	2.097416e+02
4.960000e-06	4.161388e-09	1.863521e-09	2.159950e+01	2.063493e+02
4.970000e-06	4.094720e-09	1.842277e-09	2.125346e+01	2.029422e+02
4.980000e-06	4.027816e-09	1.818177e-09	2.090620e+01	1.995203e+02
4.990000e-06	3.960682e-09	1.789255e-09	2.055775e+01	1.960841e+02
5.000000e-06	3.893325e-09	1.758912e-09	2.020813e+01	1.926336e+02
5.010000e-06	3.825731e-09	1.731970e-09	1.985729e+01	1.891693e+02
5.020000e-06	3.757875e-09	1.707546e-09	1.950508e+01	1.856912e+02
5.030000e-06	3.689752e-09	1.682050e-09	1.915149e+01	1.821998e+02
5.040000e-06	3.621332e-09	1.654767e-09	1.879636e+01	1.786952e+02
5.050000e-06	3.552561e-09	1.626801e-09	1.843941e+01	1.751776e+02
5.060000e-06	3.483406e-09	1.600218e-09	1.808046e+01	1.716474e+02
5.070000e-06	3.413883e-09	1.574561e-09	1.771961e+01	1.681048e+02
5.080000e-06	3.344048e-09	1.547479e-09	1.735713e+01	1.645501e+02
5.090000e-06	3.273904e-09	1.518483e-09	1.699306e+01	1.609835e+02
5.100000e-06	3.203461e-09	1.489710e-09	1.662743e+01	1.574052e+02
5.110000e-06	3.132754e-09	1.462771e-09	1.626042e+01	1.538156e+02
5.120000e-06	3.061804e-09	1.436349e-09	1.589216e+01	1.502148e+02
5.130000e-06	2.990644e-09	1.407740e-09	1.552281e+01	1.466032e+02
5.140000e-06	2.919287e-09	1.378126e-09	1.515243e+01	1.429810e+02
5.150000e-06	2.847752e-09	1.348695e-09	1.478113e+01	1.393485e+02
5.160000e-06	2.776067e-09	1.319564e-09	1.440905e+01	1.357059e+02
5.170000e-06	2.704215e-09	1.288300e-09	1.403610e+01	1.320534e+02
5.180000e-06	2.632197e-09	1.254747e-09	1.366230e+01	1.283915e+02
5.190000e-06	2.560022e-09	1.220790e-09	1.328767e+01	1.247203e+02
5.200000e-06	2.487695e-09	1.188599e-09	1.291226e+01	1.210401e+02
5.210000e-06	2.415237e-09	1.156971e-09	1.253617e+01	1.173511e+02
5.220000e-06	2.342645e-09	1.124190e-09	1.215939e+01	1.136536e+02
5.230000e-06	2.269916e-09	1.090778e-09	1.178189e+01	1.099480e+02
5.240000e-06	2.197057e-09	1.057863e-09	1.140372e+01	1.062344e+02
5.250000e-06	2.124062e-09	1.025234e-09	1.102484e+01	1.025131e+02
5.260000e-06	2.050920e-09	9.919925e-10	1.064520e+01	9.878448e+01
5.270000e-06	1.977635e-09	9.576070e-10	1.026482e+01	9.504868e+01
5.280000e-06	1.904223e-09	9.234933e-10	9.883773e+00	9.130602e+01
5.290000e-06	1.830668e-09	8.918687e-10	9.501990e+00	8.755677e+01
5.300000e-06	1.756958e-09	8.619228e-10	9.119399e+00	8.380121e+01
5.310000e-06	1.683098e-09	8.290578e-10	8.736031e+00	8.003959e+01
5.320000e-06	1.609105e-09	7.923961e-10	8.351974e+00	7.627220e+01
5.330000e-06	1.535007e-09	7.556428e-10	7.967369e+00	7.249930e+01
5.340000e-06	1.460815e-09	7.205731e-10	7.582278e+00	6.872118e+01
5.350000e-06	1.386542e-09	6.856829e-10	7.196769e+00	6.493810e+01
5.360000e-06	1.312196e-09	6.499954e-10	6.810878e+00	6.115033e+01
5.370000e-06	1.237785e-09	6.140501e-10	6.424651e+00	5.735816e+01
5.380000e-06	1.163321e-09	5.789358e-10	6.038150e+00	5.356185e+01
5.390000e-06	1.088797e-09	5.460942e-10	5.651336e+00	4.976169e+01
5.400000e-06	1.014202e-09	5.145768e-10	5.264154e+00	4.595794e+01
5.410000e-06	9.395364e-10	4.813517e-10	4.876605e+00	4.215088e+01
5.420000e-06	8.647962e-10	4.454392e-10	4.488669e+00	3.834078e+01
5.430000e-06	7.899783e-10	4.091883e-10	4.100330e+00	3.452793e+01
5.440000e-06	7.150908e-10	3.742030e-10	3.711629e+00	3.071260e+01
5.450000e-06	6.401346e-10	3.398835e-10	3.322572e+00	2.689506e+01
5.460000e-06	5.651295e-10	3.043123e-10	2.933261e+00	2.307559e+01
5.470000e-06	4.901049e-10	2.681282e-10	2.543848e+00	1.925446e+01
5.480000e-06	4.150536e-10	2.343614e-10	2.154298e+00	1.543196e+01
5.490000e-06	3.399573e-10	2.033624e-10	1.764513e+00	1.160836e+01
5.500000e-06	2.648223e-10	1.720908e-10	1.374528e+00	7.783934e+00
5.510000e-06	1.896900e-10	1.380520e-10	9.845570e-01	3.958962e+00
5.520000e-06	1.145828e-10	1.006334e-10	5.947163e-01	1.337192e-01
5.530000e-06	3.947609e-11	6.255956e-11	2.048777e-01	-3.691517e+00
5.540000e-06	-3.564070e-11	2.668272e-11	-1.850130e-01	-7.516469e+00
5.550000e-06	-1.107386e-10	-8.054696e-12	-5.748057e-01	-1.134086e+01
5.560000e-06	-1.858064e-10	-4.392801e-11	-9.644422e-01	-1.516442e+01
5.570000e-06	-2.608451e-10	-7.973121e-11	-1.353927e+00	-1.898686e+01
5.580000e-06	-3.358632e-10	-1.138562e-10	-1.743306e+00	-2.280791e+01
5.590000e-06	-4.108811e-10	-1.471651e-10	-2.132683e+00	-2.662729e+01
5.600000e-06	-4.858773e-10	-1.811737e-10	-2.521948e+00	-3.044474e+01
5.610000e-06	-5.608342e-10	-2.170934e-10	-2.911008e+00	-3.425996e+01
5.620000e-06	-6.357651e-10	-2.543000e-10	-3.299934e+00	-3.807269e+01
5.630000e-06	-7.106388e-10	-2.905080e-10	-3.688562e+00	-4.188264e+01
5.640000e-06	-7.854318e-10	-3.255793e-10	-4.076772e+00	-4.568955e+01
5.650000e-06	-8.601530e-10	-3.616333e-10	-4.464609e+00	-4.949314e+01
5.660000e-06	-9.347844e-10	-3.984766e-10	-4.851981e+00	-5.329313e+01
5.670000e-06	-1.009333e-09	-4.338382e-10	-5.238924e+00	-5.708924e+01
5.680000e-06	-1.083811e-09	-4.674149e-10	-5.625498e+00	-6.088121e+01
5.690000e-06	-1.158210e-09	-5.006549e-10	-6.011664e+00	-6.466876e+01
5.700000e-06	-1.232536e-09	-5.354566e-10	-6.397448e+00	-6.845161e+01
5.710000e-06	-1.306788e-09	-5.724968e-10	-6.782849e+00	-7.222949e+01
5.720000e-06	-1.380943e-09	-6.103577e-10	-7.167750e+00	-7.600213e+01
5.730000e-06	-1.455001e-09	-6.470584e-10	-7.552143e+00	-7.976925e+01
5.740000e-06	-1.528973e-09	-6.822047e-10	-7.936094e+00	-8.353059e+01
5.750000e-06	-1.602847e-09	-7.177018e-10	-8.319533e+00	-8.728586e+01
5.760000e-06	-1.676609e-09	-7.538151e-10	-8.702390e+00	-9.103480e+01
5.770000e-06	-1.750243e-09	-7.887047e-10	-9.084586e+00	-9.477714e+01
5.780000e-06	-1.823746e-09	-8.221672e-10	-9.466099e+00	-9.851260e+01
5.790000e-06	-1.897112e-09	-8.555565e-10	-9.846905e+00	-1.022409e+02
5.800000e-06	-1.970325e-09	-8.896794e-10	-1.022691e+01	-1.059618e+02
5.810000e-06	-2.043379e-09	-9.250889e-10	-1.060610e+01	-1.096750e+02
5.820000e-06	-2.116277e-09	-9.613061e-10	-1.098447e+01	-1.133803e+02
5.830000e-06	-2.189045e-09	-9.966392e-10	-1.136217e+01	-1.170774e+02
5.840000e-06	-2.261694e-09	-1.030856e-09	-1.173925e+01	-1.207659e+02
5.850000e-06	-2.334212e-09	-1.065886e-09	-1.211565e+01	-1.244457e+02
5.860000e-06	-2.406594e-09	-1.101295e-09	-1.249135e+01	-1.281165e+02
5.870000e-06	-2.478832e-09	-1.134623e-09	-1.286630e+01	-1.317780e+02
5.880000e-06	-2.550923e-09	-1.165268e-09	-1.324049e+01	-1.354299e+02
5.890000e-06	-2.622867e-09	-1.196145e-09	-1.361391e+01	-1.390721e+02
5.900000e-06	-2.694659e-09	-1.229802e-09	-1.398654e+01	-1.427041e+02
5.910000e-06	-2.766282e-09	-1.265247e-09	-1.435830e+01	-1.463258e+02
5.920000e-06	-2.837736e-09	-1.299190e-09	-1.472918e+01	-1.499369e+02
5.930000e-06	-2.909017e-09	-1.329782e-09	-1.509916e+01	-1.535371e+02
5.940000e-06	-2.980090e-09	-1.359848e-09	-1.546806e+01	-1.571263e+02
5.950000e-06	-3.050941e-09	-1.392582e-09	-1.583582e+01	-1.607040e+02
5.960000e-06	-3.121559e-09	-1.427365e-09	-1.620236e+01	-1.642701e+02
5.970000e-06	-3.191914e-09	-1.461319e-09	-1.656753e+01	-1.678242e+02
5.980000e-06	-3.261978e-09	-1.493929e-09	-1.693119e+01	-1.713662e+02
5.990000e-06	-3.331752e-09	-1.527180e-09	-1.729335e+01	-1.748958e+02
6.000000e-06	-3.401217e-09	-1.562409e-09	-1.765390e+01	-1.784128e+02
6.010000e-06	-3.470348e-09	-1.597763e-09	-1.801272e+01	-1.819168e+02
6.020000e-06	-3.539137e-09	-1.630963e-09	-1.836977e+01	-1.854076e+02
6.030000e-06	-3.607600e-09	-1.661892e-09	-1.872512e+01	-1.888850e+02
6.040000e-06	-3.675769e-09	-1.692776e-09	-1.907895e+01	-1.923487e+02
6.050000e-06	-3.743662e-09	-1.725318e-09	-1.943135e+01	-1.957984e+02
6.060000e-06	-3.811295e-09	-1.758800e-09	-1.978239e+01	-1.992340e+02
6.070000e-06	-3.878676e-09	-1.791176e-09	-2.013214e+01	-2.026552e+02
6.080000e-06	-3.945832e-09	-1.821467e-09	-2.048071e+01	-2.060616e+02
6.090000e-06	-4.012747e-09	-1.851685e-09	-2.082802e+01	-2.094532e+02
6.100000e-06	-4.079400e-09	-1.883684e-09	-2.117398e+01	-2.128295e+02
6.110000e-06	-4.145799e-09	-1.916355e-09	-2.151863e+01	-2.161905e+02
6.120000e-06	-4.211942e-09	-1.947935e-09	-2.186194e+01	-2.195358e+02
6.130000e-06	-4.277801e-09	-1.978163e-09	-2.220378e+01	-2.228652e+02
6.140000e-06	-4.343372e-09	-2.008267e-09	-2.254412e+01	-2.261784e+02
6.150000e-06	-4.408649e-09	-2.038650e-09	-2.288294e+01	-2.294753e+02
6.160000e-06	-4.473619e-09	-2.068334e-09	-2.322016e+01	-2.327555e+02
6.170000e-06	-4.538278e-09	-2.097624e-09	-2.355577e+01	-2.360189e+02
6.180000e-06	-4.602626e-09	-2.127324e-09	-2.388977e+01	-2.392652e+02
6.190000e-06	-4.666679e-09	-2.157965e-09	-2.422224e+01	-2.424941e+02
6.200000e-06	-4.730461e-09	-2.189308e-09	-2.455329e+01	-2.457055e+02
6.210000e-06	-4.793971e-09	-2.218921e-09	-2.488294e+01	-2.488991e+02
6.220000e-06	-4.857194e-09	-2.245226e-09	-2.521110e+01	-2.520747e+02
6.230000e-06	-4.920090e-09	-2.271225e-09	-2.553756e+01	-2.552320e+02
6.240000e-06	-4.982616e-09	-2.298240e-09	-2.586209e+01	-2.583708e+02
6.250000e-06	-5.044708e-09	-2.326780e-09	-2.618438e+01	-2.614909e+02
6.260000e-06	-5.106317e-09	-2.356830e-09	-2.650416e+01	-2.645921e+02
6.270000e-06	-5.167429e-09	-2.386248e-09	-2.682135e+01	-2.676741e+02
6.280000e-06	-5.228048e-09	-2.413827e-09	-2.713599e+01	-2.707368e+02
6.290000e-06	-5.288237e-09	-2.439629e-09	-2.744840e+01	-2.737798e+02
6.300000e-06	-5.348060e-09	-2.464927e-09	-2.775891e+01	-2.768030e+02
6.310000e-06	-5.407547e-09	-2.490880e-09	-2.806768e+01	-2.798061e+02
6.320000e-06	-5.466724e-09	-2.518024e-09	-2.837483e+01	-2.827890e+02
6.330000e-06	-5.525565e-09	-2.546518e-09	-2.868024e+01	-2.857514e+02
6.340000e-06	-5.584027e-09	-2.575813e-09	-2.898369e+01	-2.886931e+02
6.350000e-06	-5.642102e-09	-2.604133e-09	-2.928513e+01	-2.916139e+02
6.360000e-06	-5.699782e-09	-2.630089e-09	-2.958451e+01	-2.945136e+02
6.370000e-06	-5.757057e-09	-2.654313e-09	-2.988179e+01	-2.973920e+02
6.380000e-06	-5.813920e-09	-2.677447e-09	-3.017694e+01	-3.002488e+02
6.390000e-06	-5.870386e-09	-2.699892e-09	-3.047003e+01	-3.030839e+02
6.400000e-06	-5.926480e-09	-2.722963e-09	-3.076118e+01	-3.058970e+02
6.410000e-06	-5.982232e-09	-2.747127e-09	-3.105056e+01	-3.086880e+02
6.420000e-06	-6.037642e-09	-2.771331e-09	-3.133816e+01	-3.114566e+02
6.430000e-06	-6.092674e-09	-2.794675e-09	-3.162381e+01	-3.142027e+02
6.440000e-06	-6.147235e-09	-2.817412e-09	-3.190700e+01	-3.169260e+02
6.450000e-06	-6.201207e-09	-2.840471e-09	-3.218714e+01	-3.196264e+02
6.460000e-06	-6.254506e-09	-2.865153e-09	-3.246378e+01	-3.223036e+02
6.470000e-06	-6.307133e-09	-2.890537e-09	-3.273694e+01	-3.249575e+02
6.480000e-06	-6.359177e-09	-2.914287e-09	-3.300707e+01	-3.275878e+02
6.490000e-06	-6.410704e-09	-2.936250e-09	-3.327452e+01	-3.301945e+02
6.500000e-06	-6.461754e-09	-2.958135e-09	-3.353949e+01	-3.327772e+02
6.510000e-06	-6.512329e-09	-2.981574e-09	-3.380200e+01	-3.353358e+02
6.520000e-06	-6.562409e-09	-3.005140e-09	-3.406194e+01	-3.378702e+02
6.530000e-06	-6.611981e-09	-3.026857e-09	-3.431924e+01	-3.403801e+02
6.540000e-06	-6.660998e-09	-3.047786e-09	-3.457366e+01	-3.428653e+02
6.550000e-06	-6.709397e-09	-3.069050e-09	-3.482487e+01	-3.453257e+02
6.560000e-06	-6.757102e-09	-3.089991e-09	-3.507248e+01	-3.477611e+02
6.570000e-06	-6.804147e-09	-3.110012e-09	-3.531667e+01	-3.501713e+02
6.580000e-06	-6.850646e-09	-3.129661e-09	-3.555802e+01	-3.525562e+02
6.590000e-06	-6.896714e-09	-3.149979e-09	-3.579713e+01	-3.549156e+02
6.600000e-06	-6.942405e-09	-3.171077e-09	-3.603429e+01	-3.572492e+02
6.610000e-06	-6.987691e-09	-3.192722e-09	-3.626934e+01	-3.595570e+02
6.620000e-06	-7.032531e-09	-3.214569e-09	-3.650208e+01	-3.618387e+02
6.630000e-06	-7.076906e-09	-3.235103e-09	-3.673241e+01	-3.640942e+02
6.640000e-06	-7.120862e-09	-3.253194e-09	-3.696057e+01	-3.663234e+02
6.650000e-06	-7.164452e-09	-3.270286e-09	-3.718682e+01	-3.685261e+02
6.660000e-06	-7.207679e-09	-3.288931e-09	-3.741118e+01	-3.707021e+02
6.670000e-06	-7.250506e-09	-3.308055e-09	-3.763348e+01	-3.728512e+02
6.680000e-06	-7.292881e-09	-3.327255e-09	-3.785342e+01	-3.749733e+02
6.690000e-06	-7.334758e-09	-3.346418e-09	-3.807078e+01	-3.770683e+02
6.700000e-06	-7.376137e-09	-3.364500e-09	-3.828556e+01	-3.791360e+02
6.710000e-06	-7.417013e-09	-3.381587e-09	-3.849772e+01	-3.811762e+02
6.720000e-06	-7.457369e-09	-3.398111e-09	-3.870719e+01	-3.831888e+02
6.730000e-06	-7.497258e-09	-3.414785e-09	-3.891423e+01	-3.851737e+02
6.740000e-06	-7.536740e-09	-3.430989e-09	-3.911916e+01	-3.871307e+02
6.750000e-06	-7.575768e-09	-3.446689e-09	-3.932173e+01	-3.890597e+02
6.760000e-06	-7.614210e-09	-3.462069e-09	-3.952126e+01	-3.909605e+02
6.770000e-06	-7.651936e-09	-3.477528e-09	-3.971708e+01	-3.928330e+02
6.780000e-06	-7.688894e-09	-3.492814e-09	-3.990891e+01	-3.946770e+02
6.790000e-06	-7.725168e-09	-3.507304e-09	-4.009718e+01	-3.964925e+02
6.800000e-06	-7.760910e-09	-3.522569e-09	-4.028271e+01	-3.982793e+02
6.810000e-06	-7.796227e-09	-3.538841e-09	-4.046601e+01	-4.000372e+02
6.820000e-06	-7.831107e-09	-3.554003e-09	-4.064706e+01	-4.017662e+02
6.830000e-06	-7.865474e-09	-3.567303e-09	-4.082544e+01	-4.034661e+02
6.840000e-06	-7.899276e-09	-3.578297e-09	-4.100089e+01	-4.051367e+02
6.850000e-06	-7.932532e-09	-3.587502e-09	-4.117350e+01	-4.067781e+02
6.860000e-06	-7.965239e-09	-3.598543e-09	-4.134326e+01	-4.083900e+02
6.870000e-06	-7.997396e-09	-3.613050e-09	-4.151018e+01	-4.099723e+02
6.880000e-06	-8.029088e-09	-3.629347e-09	-4.167467e+01	-4.115249e+02
6.890000e-06	-8.060332e-09	-3.644764e-09	-4.183684e+01	-4.130477e+02
6.900000e-06	-8.090988e-09	-3.657897e-09	-4.199596e+01	-4.145407e+02
6.910000e-06	-8.120867e-09	-3.669079e-09	-4.215104e+01	-4.160036e+02
6.920000e-06	-8.149884e-09	-3.678994e-09	-4.230166e+01	-4.174364e+02
6.930000e-06	-8.178164e-09	-3.687448e-09	-4.244844e+01	-4.188390e+02
6.940000e-06	-8.205916e-09	-3.694426e-09	-4.259249e+01	-4.202112e+02
6.950000e-06	-8.233245e-09	-3.702213e-09	-4.273434e+01	-4.215531e+02
6.960000e-06	-8.260097e-09	-3.713357e-09	-4.287371e+01	-4.228644e+02
6.970000e-06	-8.286377e-09	-3.727963e-09	-4.301012e+01	-4.241451e+02
6.980000e-06	-8.312063e-09	-3.742868e-09	-4.314344e+01	-4.253951e+02
6.990000e-06	-8.337143e-09	-3.755778e-09	-4.327361e+01	-4.266143e+02
7.000000e-06	-8.361619e-09	-3.765249e-09	-4.340066e+01	-4.278026e+02
7.010000e-06	-8.385575e-09	-3.769786e-09	-4.352500e+01	-4.289599e+02
7.020000e-06	-8.409106e-09	-3.771330e-09	-4.364714e+01	-4.300862e+02
7.030000e-06	-8.432153e-09	-3.773586e-09	-4.376676e+01	-4.311813e+02
7.040000e-06	-8.454511e-09	-3.778932e-09	-4.388281e+01	-4.322452e+02
7.050000e-06	-8.476014e-09	-3.788937e-09	-4.399442e+01	-4.332778e+02
7.060000e-06	-8.496675e-09	-3.802572e-09	-4.410166e+01	-4.342791e+02
7.070000e-06	-8.516672e-09	-3.816182e-09	-4.420545e+01	-4.352489e+02
7.080000e-06	-8.536203e-09	-3.824613e-09	-4.430683e+01	-4.361872e+02
7.090000e-06	-8.555283e-09	-3.826342e-09	-4.440586e+01	-4.370939e+02
7.100000e-06	-8.573802e-09	-3.825139e-09	-4.450198e+01	-4.379690e+02
7.110000e-06	-8.591729e-09	-3.826217e-09	-4.459503e+01	-4.388124e+02
7.120000e-06	-8.609103e-09	-3.831773e-09	-4.468521e+01	-4.396240e+02
7.130000e-06	-8.625903e-09	-3.839708e-09	-4.477241e+01	-4.404037e+02
7.140000e-06	-8.642123e-09	-3.847106e-09	-4.485660e+01	-4.411516e+02
7.150000e-06	-8.657854e-09	-3.852887e-09	-4.493825e+01	-4.418676e+02
7.160000e-06	-8.673100e-09	-3.857786e-09	-4.501738e+01	-4.425515e+02
7.170000e-06	-8.687676e-09	-3.861602e-09	-4.509304e+01	-4.432035e+02
7.180000e-06	-8.701297e-09	-3.863771e-09	-4.516374e+01	-4.438233e+02
7.190000e-06	-8.713938e-09	-3.865032e-09	-4.522935e+01	-4.444110e+02
7.200000e-06	-8.725836e-09	-3.867612e-09	-4.529111e+01	-4.449665e+02
7.210000e-06	-8.737116e-09	-3.872346e-09	-4.534965e+01	-4.454898e+02
7.220000e-06	-8.747793e-09	-3.875848e-09	-4.540507e+01	-4.459809e+02
7.230000e-06	-8.757859e-09	-3.875715e-09	-4.545732e+01	-4.464396e+02
7.240000e-06	-8.767331e-09	-3.873707e-09	-4.550648e+01	-4.468661e+02
7.250000e-06	-8.776212e-09	-3.873772e-09	-4.555258e+01	-4.472602e+02
7.260000e-06	-8.784487e-09	-3.878896e-09	-4.559553e+01	-4.476219e+02
7.270000e-06	-8.792251e-09	-3.886041e-09	-4.563583e+01	-4.479512e+02
7.280000e-06	-8.799586e-09	-3.889595e-09	-4.567390e+01	-4.482481e+02
7.290000e-06	-8.806345e-09	-3.888117e-09	-4.570898e+01	-4.485125e+02
7.300000e-06	-8.812262e-09	-3.885063e-09	-4.573970e+01	-4.487445e+02
7.310000e-06	-8.817240e-09	-3.885052e-09	-4.576553e+01	-4.489439e+02
7.320000e-06	-8.821439e-09	-3.887673e-09	-4.578733e+01	-4.491109e+02
7.330000e-06	-8.825107e-09	-3.888737e-09	-4.580636e+01	-4.492453e+02
7.340000e-06	-8.828325e-09	-3.886806e-09	-4.582307e+01	-4.493473e+02
7.350000e-06	-8.831010e-09	-3.885219e-09	-4.583700e+01	-4.494167e+02
7.360000e-06	-8.833109e-09	-3.886644e-09	-4.584790e+01	-4.494535e+02
7.370000e-06	-8.834638e-09	-3.889156e-09	-4.585583e+01	-4.494578e+02
7.380000e-06	-8.835557e-09	-3.889505e-09	-4.586061e+01	-4.494296e+02
