# Temperatura_=_20.0
# Concentracion g/m^3_=_10000.0
# C_Vs_to_Am_M_A/Vsm_=_116720831517.84952
# pendiente_HvsI_1/m_=_3716.3
# ordenada_HvsI_A/m_=_1297.0
# frecuencia_Hz_=_135508.40037042662
# Promedio de 25 ciclos

Tiempo_(s)	Campo_(V.s)	Magnetizacion_(V.s)	Campo_(kA/m)	Magnetizacion_(A/m)
0.000000e+00	-1.096935e-08	-4.900810e-09	-5.698335e+01	-5.650808e+02
1.000000e-08	-1.096926e-08	-4.897540e-09	-5.698289e+01	-5.649629e+02
2.000000e-08	-1.096868e-08	-4.894320e-09	-5.697992e+01	-5.648039e+02
3.000000e-08	-1.096742e-08	-4.892392e-09	-5.697334e+01	-5.646041e+02
4.000000e-08	-1.096514e-08	-4.893087e-09	-5.696152e+01	-5.643632e+02
5.000000e-08	-1.096182e-08	-4.892355e-09	-5.694427e+01	-5.640815e+02
6.000000e-08	-1.095772e-08	-4.888076e-09	-5.692296e+01	-5.637588e+02
7.000000e-08	-1.095310e-08	-4.881920e-09	-5.689895e+01	-5.633952e+02
8.000000e-08	-1.094787e-08	-4.874782e-09	-5.687180e+01	-5.629908e+02
9.000000e-08	-1.094183e-08	-4.866550e-09	-5.684043e+01	-5.625456e+02
1.000000e-07	-1.093480e-08	-4.859005e-09	-5.680390e+01	-5.620595e+02
1.100000e-07	-1.092656e-08	-4.860513e-09	-5.676109e+01	-5.615327e+02
1.200000e-07	-1.091690e-08	-4.875926e-09	-5.671093e+01	-5.609651e+02
1.300000e-07	-1.090615e-08	-4.867273e-09	-5.665505e+01	-5.603569e+02
1.400000e-07	-1.089511e-08	-4.843540e-09	-5.659775e+01	-5.597080e+02
1.500000e-07	-1.088380e-08	-4.816216e-09	-5.653898e+01	-5.590185e+02
1.600000e-07	-1.087145e-08	-4.812995e-09	-5.647484e+01	-5.582885e+02
1.700000e-07	-1.085805e-08	-4.848752e-09	-5.640519e+01	-5.575180e+02
1.800000e-07	-1.084406e-08	-4.841049e-09	-5.633253e+01	-5.567071e+02
1.900000e-07	-1.082910e-08	-4.825231e-09	-5.625480e+01	-5.558557e+02
2.000000e-07	-1.081280e-08	-4.834337e-09	-5.617015e+01	-5.549641e+02
2.100000e-07	-1.079584e-08	-4.823528e-09	-5.608206e+01	-5.540322e+02
2.200000e-07	-1.077838e-08	-4.822320e-09	-5.599136e+01	-5.530601e+02
2.300000e-07	-1.076001e-08	-4.801496e-09	-5.589592e+01	-5.520479e+02
2.400000e-07	-1.074088e-08	-4.808969e-09	-5.579653e+01	-5.509957e+02
2.500000e-07	-1.072127e-08	-4.806490e-09	-5.569466e+01	-5.499035e+02
2.600000e-07	-1.070105e-08	-4.802196e-09	-5.558962e+01	-5.487714e+02
2.700000e-07	-1.068008e-08	-4.781903e-09	-5.548072e+01	-5.475996e+02
2.800000e-07	-1.065840e-08	-4.730877e-09	-5.536810e+01	-5.463880e+02
2.900000e-07	-1.063588e-08	-4.718054e-09	-5.525108e+01	-5.451367e+02
3.000000e-07	-1.061248e-08	-4.725274e-09	-5.512953e+01	-5.438460e+02
3.100000e-07	-1.058855e-08	-4.724943e-09	-5.500520e+01	-5.425157e+02
3.200000e-07	-1.056407e-08	-4.713730e-09	-5.487808e+01	-5.411462e+02
3.300000e-07	-1.053867e-08	-4.689737e-09	-5.474612e+01	-5.397374e+02
3.400000e-07	-1.051242e-08	-4.653497e-09	-5.460977e+01	-5.382894e+02
3.500000e-07	-1.048549e-08	-4.643040e-09	-5.446984e+01	-5.368024e+02
3.600000e-07	-1.045765e-08	-4.649969e-09	-5.432522e+01	-5.352765e+02
3.700000e-07	-1.042906e-08	-4.632681e-09	-5.417674e+01	-5.337117e+02
3.800000e-07	-1.039992e-08	-4.609651e-09	-5.402535e+01	-5.321082e+02
3.900000e-07	-1.037001e-08	-4.620657e-09	-5.386995e+01	-5.304662e+02
4.000000e-07	-1.033927e-08	-4.613260e-09	-5.371026e+01	-5.287856e+02
4.100000e-07	-1.030784e-08	-4.578694e-09	-5.354702e+01	-5.270667e+02
4.200000e-07	-1.027578e-08	-4.547803e-09	-5.338044e+01	-5.253096e+02
4.300000e-07	-1.024308e-08	-4.523857e-09	-5.321061e+01	-5.235144e+02
4.400000e-07	-1.020972e-08	-4.503175e-09	-5.303728e+01	-5.216812e+02
4.500000e-07	-1.017540e-08	-4.506820e-09	-5.285904e+01	-5.198101e+02
4.600000e-07	-1.014004e-08	-4.498513e-09	-5.267532e+01	-5.179014e+02
4.700000e-07	-1.010389e-08	-4.463426e-09	-5.248755e+01	-5.159551e+02
4.800000e-07	-1.006720e-08	-4.429412e-09	-5.229692e+01	-5.139714e+02
4.900000e-07	-1.002991e-08	-4.420765e-09	-5.210324e+01	-5.119504e+02
5.000000e-07	-9.991937e-09	-4.402111e-09	-5.190597e+01	-5.098922e+02
5.100000e-07	-9.953221e-09	-4.380240e-09	-5.170485e+01	-5.077971e+02
5.200000e-07	-9.913786e-09	-4.363200e-09	-5.150000e+01	-5.056651e+02
5.300000e-07	-9.873728e-09	-4.347467e-09	-5.129190e+01	-5.034965e+02
5.400000e-07	-9.833100e-09	-4.328354e-09	-5.108085e+01	-5.012913e+02
5.500000e-07	-9.791750e-09	-4.308930e-09	-5.086605e+01	-4.990498e+02
5.600000e-07	-9.749426e-09	-4.276753e-09	-5.064618e+01	-4.967721e+02
5.700000e-07	-9.706076e-09	-4.246601e-09	-5.042099e+01	-4.944583e+02
5.800000e-07	-9.661951e-09	-4.227772e-09	-5.019177e+01	-4.921087e+02
5.900000e-07	-9.617243e-09	-4.217477e-09	-4.995953e+01	-4.897234e+02
6.000000e-07	-9.571967e-09	-4.202583e-09	-4.972433e+01	-4.873026e+02
6.100000e-07	-9.526071e-09	-4.178146e-09	-4.948591e+01	-4.848464e+02
6.200000e-07	-9.479532e-09	-4.149370e-09	-4.924415e+01	-4.823551e+02
6.300000e-07	-9.432363e-09	-4.121285e-09	-4.899912e+01	-4.798287e+02
6.400000e-07	-9.384549e-09	-4.097681e-09	-4.875073e+01	-4.772676e+02
6.500000e-07	-9.336057e-09	-4.073642e-09	-4.849883e+01	-4.746718e+02
6.600000e-07	-9.286742e-09	-4.050114e-09	-4.824265e+01	-4.720416e+02
6.700000e-07	-9.236450e-09	-4.027959e-09	-4.798140e+01	-4.693772e+02
6.800000e-07	-9.185189e-09	-4.008275e-09	-4.771511e+01	-4.666787e+02
6.900000e-07	-9.133054e-09	-3.984582e-09	-4.744428e+01	-4.639464e+02
7.000000e-07	-9.080152e-09	-3.956737e-09	-4.716947e+01	-4.611804e+02
7.100000e-07	-9.026541e-09	-3.923829e-09	-4.689097e+01	-4.583809e+02
7.200000e-07	-8.972244e-09	-3.894992e-09	-4.660891e+01	-4.555483e+02
7.300000e-07	-8.917346e-09	-3.871541e-09	-4.632373e+01	-4.526825e+02
7.400000e-07	-8.861950e-09	-3.852427e-09	-4.603596e+01	-4.497839e+02
7.500000e-07	-8.806089e-09	-3.827359e-09	-4.574577e+01	-4.468527e+02
7.600000e-07	-8.749695e-09	-3.797362e-09	-4.545282e+01	-4.438891e+02
7.700000e-07	-8.692663e-09	-3.764202e-09	-4.515655e+01	-4.408933e+02
7.800000e-07	-8.634894e-09	-3.737270e-09	-4.485645e+01	-4.378655e+02
7.900000e-07	-8.576351e-09	-3.712847e-09	-4.455234e+01	-4.348059e+02
8.000000e-07	-8.517057e-09	-3.688819e-09	-4.424432e+01	-4.317148e+02
8.100000e-07	-8.457065e-09	-3.660891e-09	-4.393268e+01	-4.285924e+02
8.200000e-07	-8.396454e-09	-3.634860e-09	-4.361782e+01	-4.254389e+02
8.300000e-07	-8.335285e-09	-3.608377e-09	-4.330006e+01	-4.222545e+02
8.400000e-07	-8.273579e-09	-3.578304e-09	-4.297951e+01	-4.190395e+02
8.500000e-07	-8.211302e-09	-3.542369e-09	-4.265600e+01	-4.157941e+02
8.600000e-07	-8.148446e-09	-3.506350e-09	-4.232947e+01	-4.125186e+02
8.700000e-07	-8.085067e-09	-3.475679e-09	-4.200023e+01	-4.092131e+02
8.800000e-07	-8.021220e-09	-3.451913e-09	-4.166856e+01	-4.058779e+02
8.900000e-07	-7.956903e-09	-3.426946e-09	-4.133445e+01	-4.025133e+02
9.000000e-07	-7.892064e-09	-3.395837e-09	-4.099762e+01	-3.991194e+02
9.100000e-07	-7.826628e-09	-3.360613e-09	-4.065770e+01	-3.956966e+02
9.200000e-07	-7.760532e-09	-3.327629e-09	-4.031435e+01	-3.922452e+02
9.300000e-07	-7.693766e-09	-3.295755e-09	-3.996751e+01	-3.887652e+02
9.400000e-07	-7.626369e-09	-3.262228e-09	-3.961740e+01	-3.852571e+02
9.500000e-07	-7.558385e-09	-3.228849e-09	-3.926424e+01	-3.817210e+02
9.600000e-07	-7.489851e-09	-3.196627e-09	-3.890822e+01	-3.781572e+02
9.700000e-07	-7.420798e-09	-3.166557e-09	-3.854951e+01	-3.745659e+02
9.800000e-07	-7.351264e-09	-3.135722e-09	-3.818829e+01	-3.709475e+02
9.900000e-07	-7.281266e-09	-3.104041e-09	-3.782467e+01	-3.673022e+02
1.000000e-06	-7.210786e-09	-3.070349e-09	-3.745854e+01	-3.636302e+02
1.010000e-06	-7.139828e-09	-3.038889e-09	-3.708993e+01	-3.599319e+02
1.020000e-06	-7.068434e-09	-3.008324e-09	-3.671906e+01	-3.562074e+02
1.030000e-06	-6.996607e-09	-2.977298e-09	-3.634593e+01	-3.524571e+02
1.040000e-06	-6.924330e-09	-2.941253e-09	-3.597047e+01	-3.486812e+02
1.050000e-06	-6.851559e-09	-2.902858e-09	-3.559244e+01	-3.448801e+02
1.060000e-06	-6.778218e-09	-2.865286e-09	-3.521145e+01	-3.410539e+02
1.070000e-06	-6.704265e-09	-2.830384e-09	-3.482728e+01	-3.372029e+02
1.080000e-06	-6.629731e-09	-2.794420e-09	-3.444010e+01	-3.333275e+02
1.090000e-06	-6.554595e-09	-2.757131e-09	-3.404979e+01	-3.294279e+02
1.100000e-06	-6.478825e-09	-2.719974e-09	-3.365618e+01	-3.255044e+02
1.110000e-06	-6.402468e-09	-2.686758e-09	-3.325952e+01	-3.215573e+02
1.120000e-06	-6.325613e-09	-2.654968e-09	-3.286028e+01	-3.175868e+02
1.130000e-06	-6.248319e-09	-2.621348e-09	-3.245875e+01	-3.135933e+02
1.140000e-06	-6.170565e-09	-2.583472e-09	-3.205484e+01	-3.095771e+02
1.150000e-06	-6.092308e-09	-2.542717e-09	-3.164831e+01	-3.055384e+02
1.160000e-06	-6.013560e-09	-2.503291e-09	-3.123924e+01	-3.014775e+02
1.170000e-06	-5.934358e-09	-2.467705e-09	-3.082780e+01	-2.973947e+02
1.180000e-06	-5.854689e-09	-2.431682e-09	-3.041394e+01	-2.932903e+02
1.190000e-06	-5.774553e-09	-2.395381e-09	-2.999765e+01	-2.891647e+02
1.200000e-06	-5.693946e-09	-2.360539e-09	-2.957892e+01	-2.850181e+02
1.210000e-06	-5.612874e-09	-2.326020e-09	-2.915776e+01	-2.808508e+02
1.220000e-06	-5.531324e-09	-2.289078e-09	-2.873413e+01	-2.766631e+02
1.230000e-06	-5.449318e-09	-2.248235e-09	-2.830813e+01	-2.724553e+02
1.240000e-06	-5.366922e-09	-2.206433e-09	-2.788010e+01	-2.682278e+02
1.250000e-06	-5.284198e-09	-2.167041e-09	-2.745037e+01	-2.639808e+02
1.260000e-06	-5.201194e-09	-2.129067e-09	-2.701918e+01	-2.597146e+02
1.270000e-06	-5.117940e-09	-2.091342e-09	-2.658669e+01	-2.554296e+02
1.280000e-06	-5.034423e-09	-2.054344e-09	-2.615284e+01	-2.511261e+02
1.290000e-06	-4.950635e-09	-2.017117e-09	-2.571758e+01	-2.468043e+02
1.300000e-06	-4.866560e-09	-1.979073e-09	-2.528083e+01	-2.424646e+02
1.310000e-06	-4.782203e-09	-1.940334e-09	-2.484261e+01	-2.381073e+02
1.320000e-06	-4.697566e-09	-1.901967e-09	-2.440294e+01	-2.337327e+02
1.330000e-06	-4.612635e-09	-1.863531e-09	-2.396174e+01	-2.293412e+02
1.340000e-06	-4.527410e-09	-1.825649e-09	-2.351901e+01	-2.249330e+02
1.350000e-06	-4.441877e-09	-1.786970e-09	-2.307469e+01	-2.205084e+02
1.360000e-06	-4.356049e-09	-1.746554e-09	-2.262883e+01	-2.160679e+02
1.370000e-06	-4.269921e-09	-1.705337e-09	-2.218142e+01	-2.116117e+02
1.380000e-06	-4.183496e-09	-1.665873e-09	-2.173246e+01	-2.071401e+02
1.390000e-06	-4.096810e-09	-1.627332e-09	-2.128214e+01	-2.026535e+02
1.400000e-06	-4.009870e-09	-1.590525e-09	-2.083051e+01	-1.981522e+02
1.410000e-06	-3.922681e-09	-1.552396e-09	-2.037758e+01	-1.936364e+02
1.420000e-06	-3.835277e-09	-1.512412e-09	-1.992354e+01	-1.891067e+02
1.430000e-06	-3.747665e-09	-1.471862e-09	-1.946841e+01	-1.845631e+02
1.440000e-06	-3.659823e-09	-1.430312e-09	-1.901209e+01	-1.800062e+02
1.450000e-06	-3.571746e-09	-1.389258e-09	-1.855455e+01	-1.754362e+02
1.460000e-06	-3.483416e-09	-1.349896e-09	-1.809569e+01	-1.708535e+02
1.470000e-06	-3.394819e-09	-1.310118e-09	-1.763545e+01	-1.662584e+02
1.480000e-06	-3.305934e-09	-1.270630e-09	-1.717371e+01	-1.616512e+02
1.490000e-06	-3.216758e-09	-1.232960e-09	-1.671047e+01	-1.570322e+02
1.500000e-06	-3.127294e-09	-1.194735e-09	-1.624572e+01	-1.524018e+02
1.510000e-06	-3.037556e-09	-1.155236e-09	-1.577955e+01	-1.477604e+02
1.520000e-06	-2.947580e-09	-1.115794e-09	-1.531215e+01	-1.431082e+02
1.530000e-06	-2.857400e-09	-1.075115e-09	-1.484369e+01	-1.384457e+02
1.540000e-06	-2.767049e-09	-1.032549e-09	-1.437433e+01	-1.337730e+02
1.550000e-06	-2.676533e-09	-9.872228e-10	-1.390413e+01	-1.290907e+02
1.560000e-06	-2.585834e-09	-9.435777e-10	-1.343297e+01	-1.243989e+02
1.570000e-06	-2.494949e-09	-9.041971e-10	-1.296084e+01	-1.196982e+02
1.580000e-06	-2.403893e-09	-8.676908e-10	-1.248783e+01	-1.149887e+02
1.590000e-06	-2.312668e-09	-8.319341e-10	-1.201393e+01	-1.102709e+02
1.600000e-06	-2.221243e-09	-7.921744e-10	-1.153900e+01	-1.055450e+02
1.610000e-06	-2.129616e-09	-7.490625e-10	-1.106302e+01	-1.008115e+02
1.620000e-06	-2.037812e-09	-7.044798e-10	-1.058612e+01	-9.607062e+01
1.630000e-06	-1.945815e-09	-6.611249e-10	-1.010822e+01	-9.132277e+01
1.640000e-06	-1.853616e-09	-6.188569e-10	-9.629262e+00	-8.656828e+01
1.650000e-06	-1.761255e-09	-5.764851e-10	-9.149465e+00	-8.180748e+01
1.660000e-06	-1.668744e-09	-5.372828e-10	-8.668893e+00	-7.704074e+01
1.670000e-06	-1.576092e-09	-4.990593e-10	-8.187583e+00	-7.226838e+01
1.680000e-06	-1.483337e-09	-4.591317e-10	-7.705743e+00	-6.749077e+01
1.690000e-06	-1.390529e-09	-4.180226e-10	-7.223625e+00	-6.270823e+01
1.700000e-06	-1.297671e-09	-3.746060e-10	-6.741247e+00	-5.792113e+01
1.710000e-06	-1.204735e-09	-3.304078e-10	-6.258464e+00	-5.312980e+01
1.720000e-06	-1.111718e-09	-2.868627e-10	-5.775259e+00	-4.833459e+01
1.730000e-06	-1.018612e-09	-2.452217e-10	-5.291596e+00	-4.353586e+01
1.740000e-06	-9.254473e-10	-2.061330e-10	-4.807623e+00	-3.873395e+01
1.750000e-06	-8.322207e-10	-1.674875e-10	-4.323331e+00	-3.392921e+01
1.760000e-06	-7.389178e-10	-1.268620e-10	-3.838643e+00	-2.912198e+01
1.770000e-06	-6.455535e-10	-8.504316e-11	-3.353635e+00	-2.431261e+01
1.780000e-06	-5.521280e-10	-4.438371e-11	-2.868310e+00	-1.950146e+01
1.790000e-06	-4.586546e-10	-3.954888e-12	-2.382736e+00	-1.468887e+01
1.800000e-06	-3.651506e-10	3.759467e-11	-1.897003e+00	-9.875192e+00
1.810000e-06	-2.716292e-10	7.887851e-11	-1.411180e+00	-5.060773e+00
1.820000e-06	-1.781061e-10	1.196003e-10	-9.253476e-01	-2.459622e-01
1.830000e-06	-8.459711e-11	1.601251e-10	-4.395889e-01	4.568891e+00
1.840000e-06	8.879226e-12	2.021207e-10	4.600054e-02	9.383438e+00
1.850000e-06	1.023152e-10	2.436451e-10	5.313803e-01	1.419733e+01
1.860000e-06	1.957329e-10	2.851433e-10	1.016665e+00	1.901022e+01
1.870000e-06	2.891617e-10	3.253254e-10	1.502008e+00	2.382175e+01
1.880000e-06	3.825772e-10	3.639468e-10	1.987281e+00	2.863158e+01
1.890000e-06	4.759643e-10	4.020951e-10	2.472407e+00	3.343936e+01
1.900000e-06	5.693487e-10	4.409409e-10	2.957519e+00	3.824474e+01
1.910000e-06	6.627211e-10	4.806496e-10	3.442569e+00	4.304738e+01
1.920000e-06	7.560749e-10	5.198229e-10	3.927522e+00	4.784692e+01
1.930000e-06	8.493847e-10	5.603194e-10	4.412247e+00	5.264301e+01
1.940000e-06	9.426363e-10	6.018568e-10	4.896669e+00	5.743532e+01
1.950000e-06	1.035809e-09	6.429246e-10	5.380683e+00	6.222348e+01
1.960000e-06	1.128861e-09	6.813758e-10	5.864068e+00	6.700716e+01
1.970000e-06	1.221819e-09	7.171414e-10	6.346961e+00	7.178601e+01
1.980000e-06	1.314673e-09	7.530248e-10	6.829322e+00	7.655968e+01
1.990000e-06	1.407396e-09	7.908345e-10	7.310996e+00	8.132782e+01
2.000000e-06	1.500023e-09	8.303470e-10	7.792173e+00	8.609010e+01
2.010000e-06	1.592542e-09	8.696352e-10	8.272793e+00	9.084616e+01
2.020000e-06	1.684944e-09	9.064657e-10	8.752798e+00	9.559565e+01
2.030000e-06	1.777225e-09	9.429388e-10	9.232180e+00	1.003382e+02
2.040000e-06	1.869386e-09	9.812616e-10	9.710938e+00	1.050736e+02
2.050000e-06	1.961445e-09	1.021875e-09	1.018916e+01	1.098013e+02
2.060000e-06	2.053334e-09	1.063175e-09	1.066651e+01	1.145212e+02
2.070000e-06	2.145036e-09	1.102639e-09	1.114288e+01	1.192327e+02
2.080000e-06	2.236570e-09	1.137753e-09	1.161838e+01	1.239356e+02
2.090000e-06	2.327900e-09	1.171681e-09	1.209282e+01	1.286296e+02
2.100000e-06	2.419009e-09	1.208226e-09	1.256611e+01	1.333143e+02
2.110000e-06	2.509882e-09	1.245554e-09	1.303817e+01	1.379893e+02
2.120000e-06	2.600537e-09	1.281332e-09	1.350910e+01	1.426543e+02
2.130000e-06	2.691004e-09	1.317500e-09	1.397905e+01	1.473091e+02
2.140000e-06	2.781271e-09	1.357421e-09	1.444798e+01	1.519532e+02
2.150000e-06	2.871338e-09	1.399577e-09	1.491585e+01	1.565863e+02
2.160000e-06	2.961194e-09	1.437854e-09	1.538263e+01	1.612080e+02
2.170000e-06	3.050856e-09	1.471287e-09	1.584840e+01	1.658181e+02
2.180000e-06	3.140328e-09	1.503102e-09	1.631319e+01	1.704162e+02
2.190000e-06	3.229580e-09	1.538239e-09	1.677683e+01	1.750020e+02
2.200000e-06	3.318590e-09	1.577136e-09	1.723922e+01	1.795751e+02
2.210000e-06	3.407316e-09	1.614892e-09	1.770013e+01	1.841353e+02
2.220000e-06	3.495756e-09	1.649727e-09	1.815956e+01	1.886821e+02
2.230000e-06	3.583928e-09	1.684694e-09	1.861759e+01	1.932152e+02
2.240000e-06	3.671823e-09	1.722912e-09	1.907419e+01	1.977344e+02
2.250000e-06	3.759448e-09	1.762394e-09	1.952938e+01	2.022393e+02
2.260000e-06	3.846790e-09	1.799706e-09	1.998311e+01	2.067295e+02
2.270000e-06	3.933854e-09	1.833810e-09	2.043539e+01	2.112048e+02
2.280000e-06	4.020669e-09	1.866894e-09	2.088637e+01	2.156648e+02
2.290000e-06	4.107230e-09	1.900476e-09	2.133604e+01	2.201092e+02
2.300000e-06	4.193540e-09	1.934784e-09	2.178440e+01	2.245376e+02
2.310000e-06	4.279604e-09	1.967848e-09	2.223149e+01	2.289498e+02
2.320000e-06	4.365426e-09	2.002461e-09	2.267731e+01	2.333455e+02
2.330000e-06	4.451008e-09	2.040093e-09	2.312189e+01	2.377242e+02
2.340000e-06	4.536326e-09	2.080754e-09	2.356510e+01	2.420857e+02
2.350000e-06	4.621358e-09	2.121249e-09	2.400683e+01	2.464297e+02
2.360000e-06	4.706086e-09	2.155899e-09	2.444697e+01	2.507559e+02
2.370000e-06	4.790483e-09	2.185007e-09	2.488540e+01	2.550639e+02
2.380000e-06	4.874548e-09	2.212654e-09	2.532210e+01	2.593535e+02
2.390000e-06	4.958264e-09	2.243805e-09	2.575698e+01	2.636243e+02
2.400000e-06	5.041639e-09	2.279352e-09	2.619010e+01	2.678760e+02
2.410000e-06	5.124699e-09	2.316035e-09	2.662158e+01	2.721083e+02
2.420000e-06	5.207450e-09	2.353743e-09	2.705145e+01	2.763209e+02
2.430000e-06	5.289896e-09	2.390918e-09	2.747974e+01	2.805135e+02
2.440000e-06	5.372017e-09	2.425016e-09	2.790634e+01	2.846858e+02
2.450000e-06	5.453741e-09	2.456084e-09	2.833088e+01	2.888375e+02
2.460000e-06	5.535063e-09	2.485764e-09	2.875333e+01	2.929683e+02
2.470000e-06	5.616006e-09	2.517803e-09	2.917381e+01	2.970778e+02
2.480000e-06	5.696509e-09	2.552472e-09	2.959201e+01	3.011659e+02
2.490000e-06	5.776557e-09	2.587209e-09	3.000784e+01	3.052321e+02
2.500000e-06	5.856140e-09	2.620788e-09	3.042125e+01	3.092763e+02
2.510000e-06	5.935235e-09	2.653294e-09	3.083214e+01	3.132980e+02
2.520000e-06	6.013837e-09	2.685281e-09	3.124046e+01	3.172971e+02
2.530000e-06	6.091955e-09	2.715649e-09	3.164626e+01	3.212732e+02
2.540000e-06	6.169647e-09	2.744080e-09	3.204986e+01	3.252260e+02
2.550000e-06	6.246894e-09	2.773853e-09	3.245114e+01	3.291553e+02
2.560000e-06	6.323676e-09	2.806282e-09	3.285000e+01	3.330608e+02
2.570000e-06	6.399980e-09	2.840757e-09	3.324639e+01	3.369421e+02
2.580000e-06	6.475754e-09	2.873410e-09	3.364001e+01	3.407990e+02
2.590000e-06	6.550958e-09	2.902625e-09	3.403068e+01	3.446313e+02
2.600000e-06	6.625573e-09	2.930577e-09	3.441829e+01	3.484386e+02
2.610000e-06	6.699653e-09	2.959360e-09	3.480312e+01	3.522206e+02
2.620000e-06	6.773205e-09	2.988700e-09	3.518520e+01	3.559772e+02
2.630000e-06	6.846191e-09	3.018138e-09	3.556435e+01	3.597080e+02
2.640000e-06	6.918625e-09	3.048230e-09	3.594063e+01	3.634127e+02
2.650000e-06	6.990534e-09	3.078797e-09	3.631418e+01	3.670911e+02
2.660000e-06	7.061948e-09	3.108030e-09	3.668516e+01	3.707430e+02
2.670000e-06	7.132899e-09	3.137165e-09	3.705373e+01	3.743679e+02
2.680000e-06	7.203373e-09	3.166454e-09	3.741983e+01	3.779658e+02
2.690000e-06	7.273339e-09	3.194684e-09	3.778329e+01	3.815363e+02
2.700000e-06	7.342827e-09	3.222995e-09	3.814427e+01	3.850792e+02
2.710000e-06	7.411886e-09	3.250789e-09	3.850301e+01	3.885942e+02
2.720000e-06	7.480505e-09	3.278346e-09	3.885948e+01	3.920810e+02
2.730000e-06	7.548631e-09	3.305436e-09	3.921338e+01	3.955395e+02
2.740000e-06	7.616177e-09	3.330976e-09	3.956426e+01	3.989693e+02
2.750000e-06	7.683106e-09	3.356931e-09	3.991195e+01	4.023702e+02
2.760000e-06	7.749383e-09	3.384969e-09	4.025624e+01	4.057419e+02
2.770000e-06	7.815014e-09	3.414421e-09	4.059718e+01	4.090843e+02
2.780000e-06	7.880029e-09	3.444023e-09	4.093492e+01	4.123970e+02
2.790000e-06	7.944439e-09	3.472395e-09	4.126952e+01	4.156799e+02
2.800000e-06	8.008314e-09	3.498583e-09	4.160133e+01	4.189327e+02
2.810000e-06	8.071701e-09	3.523395e-09	4.193061e+01	4.221551e+02
2.820000e-06	8.134602e-09	3.548045e-09	4.225737e+01	4.253470e+02
2.830000e-06	8.196992e-09	3.572812e-09	4.258147e+01	4.285080e+02
2.840000e-06	8.258854e-09	3.598506e-09	4.290283e+01	4.316381e+02
2.850000e-06	8.320209e-09	3.624659e-09	4.322156e+01	4.347368e+02
2.860000e-06	8.381082e-09	3.650567e-09	4.353779e+01	4.378041e+02
2.870000e-06	8.441445e-09	3.676739e-09	4.385136e+01	4.408396e+02
2.880000e-06	8.501214e-09	3.702492e-09	4.416185e+01	4.438433e+02
2.890000e-06	8.560273e-09	3.727380e-09	4.446864e+01	4.468147e+02
2.900000e-06	8.618553e-09	3.752025e-09	4.477139e+01	4.497539e+02
2.910000e-06	8.676064e-09	3.776250e-09	4.507015e+01	4.526604e+02
2.920000e-06	8.732870e-09	3.799663e-09	4.536525e+01	4.555341e+02
2.930000e-06	8.789058e-09	3.822742e-09	4.565713e+01	4.583749e+02
2.940000e-06	8.844665e-09	3.846465e-09	4.594600e+01	4.611825e+02
2.950000e-06	8.899706e-09	3.871294e-09	4.623193e+01	4.639566e+02
2.960000e-06	8.954152e-09	3.895926e-09	4.651476e+01	4.666972e+02
2.970000e-06	9.007986e-09	3.918628e-09	4.679442e+01	4.694039e+02
2.980000e-06	9.061215e-09	3.940525e-09	4.707093e+01	4.720767e+02
2.990000e-06	9.113774e-09	3.962291e-09	4.734396e+01	4.747152e+02
3.000000e-06	9.165558e-09	3.985328e-09	4.761297e+01	4.773194e+02
3.010000e-06	9.216472e-09	4.006383e-09	4.787746e+01	4.798890e+02
3.020000e-06	9.266480e-09	4.026028e-09	4.813723e+01	4.824238e+02
3.030000e-06	9.315663e-09	4.047649e-09	4.839273e+01	4.849237e+02
3.040000e-06	9.364131e-09	4.071330e-09	4.864451e+01	4.873885e+02
3.050000e-06	9.411948e-09	4.094294e-09	4.889291e+01	4.898179e+02
3.060000e-06	9.459149e-09	4.113885e-09	4.913811e+01	4.922119e+02
3.070000e-06	9.505704e-09	4.131573e-09	4.937996e+01	4.945702e+02
3.080000e-06	9.551575e-09	4.148848e-09	4.961825e+01	4.968927e+02
3.090000e-06	9.596826e-09	4.168163e-09	4.985332e+01	4.991792e+02
3.100000e-06	9.641532e-09	4.189947e-09	5.008556e+01	5.014296e+02
3.110000e-06	9.685724e-09	4.211291e-09	5.031512e+01	5.036436e+02
3.120000e-06	9.729295e-09	4.231788e-09	5.054147e+01	5.058212e+02
3.130000e-06	9.772043e-09	4.252651e-09	5.076353e+01	5.079621e+02
3.140000e-06	9.813871e-09	4.271282e-09	5.098082e+01	5.100662e+02
3.150000e-06	9.854866e-09	4.286778e-09	5.119378e+01	5.121333e+02
3.160000e-06	9.895175e-09	4.301601e-09	5.140317e+01	5.141634e+02
3.170000e-06	9.934860e-09	4.317847e-09	5.160933e+01	5.161562e+02
3.180000e-06	9.973921e-09	4.336428e-09	5.181225e+01	5.181117e+02
3.190000e-06	1.001228e-08	4.357182e-09	5.201153e+01	5.200296e+02
3.200000e-06	1.004990e-08	4.377773e-09	5.220695e+01	5.219098e+02
3.210000e-06	1.008686e-08	4.396443e-09	5.239896e+01	5.237522e+02
3.220000e-06	1.012328e-08	4.411114e-09	5.258813e+01	5.255567e+02
3.230000e-06	1.015911e-08	4.423906e-09	5.277429e+01	5.273231e+02
3.240000e-06	1.019413e-08	4.435574e-09	5.295621e+01	5.290514e+02
3.250000e-06	1.022817e-08	4.448582e-09	5.313299e+01	5.307413e+02
3.260000e-06	1.026130e-08	4.463283e-09	5.330510e+01	5.323927e+02
3.270000e-06	1.029375e-08	4.479083e-09	5.347369e+01	5.340056e+02
3.280000e-06	1.032562e-08	4.495141e-09	5.363923e+01	5.355798e+02
3.290000e-06	1.035682e-08	4.509245e-09	5.380135e+01	5.371152e+02
3.300000e-06	1.038733e-08	4.521352e-09	5.395983e+01	5.386117e+02
3.310000e-06	1.041710e-08	4.533415e-09	5.411449e+01	5.400692e+02
3.320000e-06	1.044617e-08	4.545236e-09	5.426547e+01	5.414875e+02
3.330000e-06	1.047466e-08	4.555799e-09	5.441349e+01	5.428667e+02
3.340000e-06	1.050257e-08	4.564959e-09	5.455845e+01	5.442065e+02
3.350000e-06	1.052963e-08	4.574146e-09	5.469904e+01	5.455069e+02
3.360000e-06	1.055563e-08	4.584696e-09	5.483408e+01	5.467677e+02
3.370000e-06	1.058063e-08	4.596505e-09	5.496397e+01	5.479890e+02
3.380000e-06	1.060488e-08	4.609164e-09	5.508997e+01	5.491706e+02
3.390000e-06	1.062846e-08	4.620211e-09	5.521243e+01	5.503123e+02
3.400000e-06	1.065134e-08	4.629822e-09	5.533130e+01	5.514142e+02
3.410000e-06	1.067352e-08	4.638793e-09	5.544655e+01	5.524762e+02
3.420000e-06	1.069498e-08	4.648501e-09	5.555803e+01	5.534982e+02
3.430000e-06	1.071579e-08	4.658037e-09	5.566613e+01	5.544800e+02
3.440000e-06	1.073605e-08	4.666676e-09	5.577137e+01	5.554217e+02
3.450000e-06	1.075568e-08	4.675765e-09	5.587333e+01	5.563232e+02
3.460000e-06	1.077451e-08	4.685859e-09	5.597117e+01	5.571843e+02
3.470000e-06	1.079255e-08	4.696057e-09	5.606486e+01	5.580051e+02
3.480000e-06	1.080986e-08	4.704866e-09	5.615478e+01	5.587855e+02
3.490000e-06	1.082639e-08	4.710647e-09	5.624066e+01	5.595254e+02
3.500000e-06	1.084199e-08	4.717524e-09	5.632170e+01	5.602247e+02
3.510000e-06	1.085665e-08	4.727412e-09	5.639787e+01	5.608835e+02
3.520000e-06	1.087050e-08	4.737797e-09	5.646979e+01	5.615016e+02
3.530000e-06	1.088359e-08	4.744157e-09	5.653781e+01	5.620791e+02
3.540000e-06	1.089594e-08	4.746158e-09	5.660195e+01	5.626158e+02
3.550000e-06	1.090743e-08	4.748308e-09	5.666164e+01	5.631118e+02
3.560000e-06	1.091781e-08	4.753456e-09	5.671559e+01	5.635670e+02
3.570000e-06	1.092709e-08	4.761623e-09	5.676380e+01	5.639814e+02
3.580000e-06	1.093560e-08	4.769618e-09	5.680801e+01	5.643549e+02
3.590000e-06	1.094347e-08	4.774330e-09	5.684887e+01	5.646876e+02
3.600000e-06	1.095059e-08	4.777530e-09	5.688587e+01	5.649793e+02
3.610000e-06	1.095697e-08	4.780592e-09	5.691902e+01	5.652301e+02
3.620000e-06	1.096258e-08	4.782939e-09	5.694815e+01	5.654399e+02
3.630000e-06	1.096746e-08	4.783273e-09	5.697350e+01	5.656088e+02
3.640000e-06	1.097179e-08	4.783092e-09	5.699599e+01	5.657367e+02
3.650000e-06	1.097546e-08	4.786521e-09	5.701506e+01	5.658237e+02
3.660000e-06	1.097813e-08	4.793206e-09	5.702894e+01	5.658696e+02
3.670000e-06	1.097969e-08	4.799003e-09	5.703700e+01	5.658746e+02
3.680000e-06	1.098040e-08	4.800612e-09	5.704072e+01	5.658385e+02
3.690000e-06	1.098055e-08	4.798890e-09	5.704148e+01	5.657615e+02
3.700000e-06	1.098002e-08	4.798154e-09	5.703875e+01	5.656435e+02
3.710000e-06	1.097877e-08	4.797915e-09	5.703225e+01	5.654845e+02
3.720000e-06	1.097682e-08	4.795724e-09	5.702215e+01	5.652845e+02
3.730000e-06	1.097416e-08	4.791317e-09	5.700831e+01	5.650436e+02
3.740000e-06	1.097087e-08	4.786297e-09	5.699120e+01	5.647618e+02
3.750000e-06	1.096708e-08	4.785068e-09	5.697151e+01	5.644390e+02
3.760000e-06	1.096268e-08	4.785938e-09	5.694866e+01	5.640754e+02
3.770000e-06	1.095734e-08	4.796100e-09	5.692093e+01	5.636709e+02
3.780000e-06	1.095090e-08	4.795845e-09	5.688750e+01	5.632256e+02
3.790000e-06	1.094334e-08	4.789478e-09	5.684820e+01	5.627394e+02
3.800000e-06	1.093436e-08	4.756835e-09	5.680154e+01	5.622125e+02
3.810000e-06	1.092396e-08	4.741467e-09	5.674752e+01	5.616449e+02
3.820000e-06	1.091310e-08	4.755910e-09	5.669111e+01	5.610366e+02
3.830000e-06	1.090258e-08	4.776017e-09	5.663647e+01	5.603876e+02
3.840000e-06	1.089160e-08	4.769712e-09	5.657943e+01	5.596981e+02
3.850000e-06	1.087890e-08	4.708537e-09	5.651343e+01	5.589680e+02
3.860000e-06	1.086507e-08	4.703094e-09	5.644163e+01	5.581974e+02
3.870000e-06	1.085127e-08	4.716897e-09	5.636992e+01	5.573864e+02
3.880000e-06	1.083670e-08	4.713192e-09	5.629425e+01	5.565349e+02
3.890000e-06	1.082059e-08	4.686106e-09	5.621053e+01	5.556432e+02
3.900000e-06	1.080385e-08	4.671061e-09	5.612359e+01	5.547113e+02
3.910000e-06	1.078692e-08	4.673028e-09	5.603566e+01	5.537391e+02
3.920000e-06	1.076902e-08	4.636147e-09	5.594267e+01	5.527268e+02
3.930000e-06	1.075015e-08	4.645514e-09	5.584462e+01	5.516745e+02
3.940000e-06	1.073089e-08	4.650984e-09	5.574459e+01	5.505822e+02
3.950000e-06	1.071078e-08	4.648765e-09	5.564011e+01	5.494501e+02
3.960000e-06	1.068928e-08	4.675617e-09	5.552845e+01	5.482781e+02
3.970000e-06	1.066702e-08	4.678163e-09	5.541280e+01	5.470664e+02
3.980000e-06	1.064418e-08	4.660275e-09	5.529414e+01	5.458151e+02
3.990000e-06	1.062039e-08	4.627782e-09	5.517057e+01	5.445243e+02
4.000000e-06	1.059605e-08	4.615430e-09	5.504412e+01	5.431940e+02
4.010000e-06	1.057132e-08	4.607859e-09	5.491565e+01	5.418244e+02
4.020000e-06	1.054561e-08	4.614343e-09	5.478209e+01	5.404155e+02
4.030000e-06	1.051893e-08	4.614767e-09	5.464352e+01	5.389674e+02
4.040000e-06	1.049178e-08	4.580162e-09	5.450246e+01	5.374803e+02
4.050000e-06	1.046405e-08	4.565985e-09	5.435843e+01	5.359543e+02
4.060000e-06	1.043558e-08	4.576856e-09	5.421051e+01	5.343895e+02
4.070000e-06	1.040636e-08	4.545122e-09	5.405874e+01	5.327859e+02
4.080000e-06	1.037612e-08	4.519568e-09	5.390163e+01	5.311438e+02
4.090000e-06	1.034486e-08	4.529349e-09	5.373926e+01	5.294632e+02
4.100000e-06	1.031291e-08	4.522511e-09	5.357327e+01	5.277442e+02
4.110000e-06	1.028022e-08	4.506660e-09	5.340347e+01	5.259870e+02
4.120000e-06	1.024678e-08	4.495900e-09	5.322976e+01	5.241917e+02
4.130000e-06	1.021270e-08	4.449462e-09	5.305273e+01	5.223584e+02
4.140000e-06	1.017799e-08	4.407327e-09	5.287240e+01	5.204873e+02
4.150000e-06	1.014271e-08	4.412060e-09	5.268916e+01	5.185785e+02
4.160000e-06	1.010690e-08	4.414180e-09	5.250313e+01	5.166321e+02
4.170000e-06	1.007031e-08	4.400466e-09	5.231301e+01	5.146483e+02
4.180000e-06	1.003272e-08	4.390255e-09	5.211778e+01	5.126272e+02
4.190000e-06	9.994223e-09	4.370999e-09	5.191778e+01	5.105690e+02
4.200000e-06	9.954949e-09	4.345278e-09	5.171376e+01	5.084737e+02
4.210000e-06	9.915049e-09	4.322818e-09	5.150649e+01	5.063417e+02
4.220000e-06	9.874558e-09	4.292063e-09	5.129615e+01	5.041730e+02
4.230000e-06	9.833363e-09	4.274830e-09	5.108215e+01	5.019678e+02
4.240000e-06	9.791417e-09	4.271742e-09	5.086425e+01	4.997262e+02
4.250000e-06	9.748805e-09	4.267957e-09	5.064289e+01	4.974484e+02
4.260000e-06	9.705591e-09	4.246892e-09	5.041841e+01	4.951345e+02
4.270000e-06	9.661841e-09	4.216637e-09	5.019113e+01	4.927848e+02
4.280000e-06	9.617549e-09	4.184129e-09	4.996105e+01	4.903994e+02
4.290000e-06	9.572608e-09	4.166530e-09	4.972759e+01	4.879785e+02
4.300000e-06	9.526987e-09	4.159944e-09	4.949060e+01	4.855223e+02
4.310000e-06	9.480698e-09	4.152309e-09	4.925014e+01	4.830308e+02
4.320000e-06	9.433725e-09	4.131331e-09	4.900612e+01	4.805044e+02
4.330000e-06	9.386020e-09	4.108237e-09	4.875831e+01	4.779432e+02
4.340000e-06	9.337548e-09	4.082433e-09	4.850651e+01	4.753474e+02
4.350000e-06	9.288319e-09	4.055236e-09	4.825078e+01	4.727171e+02
4.360000e-06	9.238384e-09	4.026824e-09	4.799138e+01	4.700526e+02
4.370000e-06	9.187754e-09	4.003283e-09	4.772837e+01	4.673540e+02
4.380000e-06	9.136367e-09	3.985053e-09	4.746142e+01	4.646216e+02
4.390000e-06	9.084152e-09	3.974722e-09	4.719018e+01	4.618555e+02
4.400000e-06	9.031026e-09	3.960530e-09	4.691420e+01	4.590560e+02
4.410000e-06	8.977000e-09	3.933550e-09	4.663355e+01	4.562232e+02
4.420000e-06	8.922221e-09	3.900994e-09	4.634899e+01	4.533574e+02
4.430000e-06	8.866847e-09	3.871755e-09	4.606133e+01	4.504588e+02
4.440000e-06	8.810956e-09	3.852014e-09	4.577099e+01	4.475275e+02
4.450000e-06	8.754526e-09	3.834345e-09	4.547785e+01	4.445638e+02
4.460000e-06	8.697513e-09	3.809905e-09	4.518168e+01	4.415679e+02
4.470000e-06	8.639870e-09	3.779880e-09	4.488223e+01	4.385400e+02
4.480000e-06	8.581612e-09	3.753949e-09	4.457960e+01	4.354804e+02
4.490000e-06	8.522804e-09	3.730121e-09	4.427411e+01	4.323892e+02
4.500000e-06	8.463462e-09	3.704865e-09	4.396583e+01	4.292667e+02
4.510000e-06	8.403526e-09	3.675983e-09	4.365448e+01	4.261131e+02
4.520000e-06	8.342919e-09	3.649521e-09	4.333964e+01	4.229286e+02
4.530000e-06	8.281569e-09	3.625947e-09	4.302095e+01	4.197136e+02
4.540000e-06	8.219482e-09	3.604503e-09	4.269842e+01	4.164681e+02
4.550000e-06	8.156732e-09	3.575606e-09	4.237245e+01	4.131924e+02
4.560000e-06	8.093386e-09	3.541246e-09	4.204338e+01	4.098869e+02
4.570000e-06	8.029505e-09	3.507856e-09	4.171154e+01	4.065516e+02
4.580000e-06	7.965152e-09	3.483538e-09	4.137723e+01	4.031869e+02
4.590000e-06	7.900332e-09	3.461939e-09	4.104051e+01	3.997930e+02
4.600000e-06	7.834958e-09	3.435812e-09	4.070091e+01	3.963701e+02
4.610000e-06	7.769008e-09	3.402828e-09	4.035831e+01	3.929185e+02
4.620000e-06	7.702538e-09	3.369973e-09	4.001301e+01	3.894385e+02
4.630000e-06	7.635559e-09	3.338615e-09	3.966507e+01	3.859303e+02
4.640000e-06	7.568039e-09	3.306192e-09	3.931432e+01	3.823941e+02
4.650000e-06	7.499922e-09	3.270961e-09	3.896047e+01	3.788302e+02
4.660000e-06	7.431202e-09	3.237380e-09	3.860348e+01	3.752389e+02
4.670000e-06	7.361864e-09	3.210111e-09	3.824329e+01	3.716204e+02
4.680000e-06	7.291886e-09	3.187046e-09	3.787978e+01	3.679751e+02
4.690000e-06	7.221296e-09	3.162268e-09	3.751307e+01	3.643030e+02
4.700000e-06	7.150135e-09	3.129930e-09	3.714341e+01	3.606046e+02
4.710000e-06	7.078493e-09	3.092755e-09	3.677124e+01	3.568800e+02
4.720000e-06	7.006409e-09	3.058234e-09	3.639679e+01	3.531296e+02
4.730000e-06	6.933893e-09	3.026246e-09	3.602008e+01	3.493537e+02
4.740000e-06	6.860943e-09	2.993353e-09	3.564112e+01	3.455524e+02
4.750000e-06	6.787539e-09	2.959474e-09	3.525980e+01	3.417262e+02
4.760000e-06	6.713613e-09	2.930100e-09	3.487578e+01	3.378751e+02
4.770000e-06	6.639160e-09	2.904595e-09	3.448901e+01	3.339996e+02
4.780000e-06	6.564180e-09	2.876099e-09	3.409951e+01	3.301000e+02
4.790000e-06	6.488661e-09	2.840605e-09	3.370720e+01	3.261764e+02
4.800000e-06	6.412564e-09	2.799325e-09	3.331190e+01	3.222292e+02
4.810000e-06	6.335889e-09	2.760875e-09	3.291359e+01	3.182586e+02
4.820000e-06	6.258656e-09	2.728104e-09	3.251238e+01	3.142651e+02
4.830000e-06	6.180909e-09	2.698503e-09	3.210851e+01	3.102487e+02
4.840000e-06	6.102705e-09	2.667375e-09	3.170226e+01	3.062099e+02
4.850000e-06	6.024034e-09	2.633782e-09	3.129358e+01	3.021489e+02
4.860000e-06	5.944888e-09	2.600047e-09	3.088243e+01	2.980661e+02
4.870000e-06	5.865284e-09	2.567721e-09	3.046891e+01	2.939617e+02
4.880000e-06	5.785255e-09	2.534107e-09	3.005317e+01	2.898360e+02
4.890000e-06	5.704855e-09	2.497703e-09	2.963551e+01	2.856893e+02
4.900000e-06	5.624095e-09	2.460999e-09	2.921598e+01	2.815219e+02
4.910000e-06	5.542952e-09	2.428982e-09	2.879446e+01	2.773341e+02
4.920000e-06	5.461419e-09	2.397688e-09	2.837092e+01	2.731263e+02
4.930000e-06	5.379521e-09	2.363200e-09	2.794547e+01	2.688986e+02
4.940000e-06	5.297290e-09	2.326375e-09	2.751830e+01	2.646516e+02
4.950000e-06	5.214764e-09	2.291406e-09	2.708959e+01	2.603853e+02
4.960000e-06	5.131953e-09	2.259160e-09	2.665941e+01	2.561002e+02
4.970000e-06	5.048812e-09	2.227768e-09	2.622751e+01	2.517966e+02
4.980000e-06	4.965378e-09	2.192421e-09	2.579409e+01	2.474747e+02
4.990000e-06	4.881624e-09	2.154176e-09	2.535901e+01	2.431350e+02
5.000000e-06	4.797505e-09	2.117405e-09	2.492203e+01	2.387776e+02
5.010000e-06	4.713018e-09	2.084624e-09	2.448314e+01	2.344029e+02
5.020000e-06	4.628135e-09	2.052422e-09	2.404219e+01	2.300113e+02
5.030000e-06	4.542888e-09	2.016205e-09	2.359935e+01	2.256030e+02
5.040000e-06	4.457312e-09	1.976221e-09	2.315480e+01	2.211784e+02
5.050000e-06	4.371367e-09	1.936560e-09	2.270834e+01	2.167378e+02
5.060000e-06	4.285049e-09	1.898680e-09	2.225994e+01	2.122815e+02
5.070000e-06	4.198358e-09	1.861013e-09	2.180960e+01	2.078099e+02
5.080000e-06	4.111320e-09	1.823632e-09	2.135746e+01	2.033232e+02
5.090000e-06	4.023991e-09	1.787513e-09	2.090380e+01	1.988217e+02
5.100000e-06	3.936382e-09	1.752198e-09	2.044869e+01	1.943059e+02
5.110000e-06	3.848502e-09	1.716481e-09	1.999217e+01	1.897761e+02
5.120000e-06	3.760380e-09	1.678148e-09	1.953440e+01	1.852325e+02
5.130000e-06	3.672055e-09	1.635733e-09	1.907557e+01	1.806755e+02
5.140000e-06	3.583544e-09	1.593580e-09	1.861577e+01	1.761054e+02
5.150000e-06	3.494825e-09	1.554985e-09	1.815490e+01	1.715226e+02
5.160000e-06	3.405876e-09	1.520018e-09	1.769283e+01	1.669274e+02
5.170000e-06	3.316677e-09	1.484532e-09	1.722946e+01	1.623201e+02
5.180000e-06	3.227244e-09	1.446881e-09	1.676487e+01	1.577011e+02
5.190000e-06	3.137584e-09	1.407832e-09	1.629911e+01	1.530706e+02
5.200000e-06	3.047726e-09	1.370056e-09	1.583231e+01	1.484291e+02
5.210000e-06	2.957688e-09	1.331747e-09	1.536459e+01	1.437768e+02
5.220000e-06	2.867470e-09	1.293020e-09	1.489593e+01	1.391142e+02
5.230000e-06	2.777100e-09	1.254243e-09	1.442647e+01	1.344415e+02
5.240000e-06	2.686549e-09	1.215888e-09	1.395608e+01	1.297591e+02
5.250000e-06	2.595805e-09	1.178504e-09	1.348468e+01	1.250672e+02
5.260000e-06	2.504896e-09	1.139632e-09	1.301243e+01	1.203664e+02
5.270000e-06	2.413845e-09	1.098754e-09	1.253944e+01	1.156568e+02
5.280000e-06	2.322661e-09	1.057820e-09	1.206576e+01	1.109389e+02
5.290000e-06	2.231330e-09	1.018672e-09	1.159131e+01	1.062130e+02
5.300000e-06	2.139835e-09	9.822413e-10	1.111602e+01	1.014794e+02
5.310000e-06	2.048165e-09	9.449873e-10	1.063981e+01	9.673844e+01
5.320000e-06	1.956293e-09	9.047722e-10	1.016256e+01	9.199051e+01
5.330000e-06	1.864226e-09	8.632559e-10	9.684290e+00	8.723594e+01
5.340000e-06	1.771971e-09	8.211895e-10	9.205046e+00	8.247507e+01
5.350000e-06	1.679551e-09	7.803858e-10	8.724947e+00	7.770825e+01
5.360000e-06	1.587031e-09	7.399446e-10	8.244327e+00	7.293581e+01
5.370000e-06	1.494445e-09	6.982446e-10	7.763365e+00	6.815811e+01
5.380000e-06	1.401785e-09	6.573431e-10	7.282013e+00	6.337550e+01
5.390000e-06	1.309081e-09	6.193208e-10	6.800437e+00	5.858832e+01
5.400000e-06	1.216305e-09	5.815504e-10	6.318491e+00	5.379691e+01
5.410000e-06	1.123427e-09	5.409686e-10	5.836011e+00	4.900162e+01
5.420000e-06	1.030476e-09	4.979408e-10	5.353153e+00	4.420281e+01
5.430000e-06	9.374544e-10	4.544364e-10	4.869925e+00	3.940082e+01
5.440000e-06	8.443502e-10	4.130261e-10	4.386270e+00	3.459600e+01
5.450000e-06	7.511492e-10	3.727500e-10	3.902113e+00	2.978869e+01
5.460000e-06	6.578764e-10	3.307245e-10	3.417583e+00	2.497925e+01
5.470000e-06	5.645701e-10	2.874389e-10	2.932878e+00	2.016801e+01
5.480000e-06	4.712478e-10	2.459268e-10	2.448090e+00	1.535535e+01
5.490000e-06	3.778922e-10	2.091486e-10	1.963130e+00	1.054159e+01
5.500000e-06	2.844960e-10	1.726791e-10	1.477959e+00	5.727088e+00
5.510000e-06	1.910827e-10	1.330078e-10	9.926985e-01	9.121974e-01
5.520000e-06	9.768615e-11	8.974008e-11	5.075252e-01	-3.902736e+00
5.530000e-06	4.322027e-12	4.688085e-11	2.252026e-02	-8.717362e+00
5.540000e-06	-8.902420e-11	5.894318e-12	-4.623914e-01	-1.353133e+01
5.550000e-06	-1.823647e-10	-3.471614e-11	-9.472731e-01	-1.834430e+01
5.560000e-06	-2.756884e-10	-7.744111e-11	-1.432068e+00	-2.315591e+01
5.570000e-06	-3.689729e-10	-1.218331e-10	-1.916659e+00	-2.796582e+01
5.580000e-06	-4.622435e-10	-1.620561e-10	-2.401178e+00	-3.277368e+01
5.590000e-06	-5.555173e-10	-1.995916e-10	-2.885713e+00	-3.757915e+01
5.600000e-06	-6.487443e-10	-2.389430e-10	-3.370006e+00	-4.238186e+01
5.610000e-06	-7.419201e-10	-2.798457e-10	-3.854033e+00	-4.718148e+01
5.620000e-06	-8.350501e-10	-3.202353e-10	-4.337821e+00	-5.197765e+01
5.630000e-06	-9.281132e-10	-3.614463e-10	-4.821263e+00	-5.677004e+01
5.640000e-06	-1.021114e-09	-4.039661e-10	-5.304381e+00	-6.155828e+01
5.650000e-06	-1.114026e-09	-4.488919e-10	-5.787038e+00	-6.634204e+01
5.660000e-06	-1.206792e-09	-4.964208e-10	-6.268934e+00	-7.112097e+01
5.670000e-06	-1.299435e-09	-5.409382e-10	-6.750192e+00	-7.589472e+01
5.680000e-06	-1.391981e-09	-5.802915e-10	-7.230947e+00	-8.066294e+01
5.690000e-06	-1.484400e-09	-6.171379e-10	-7.711044e+00	-8.542529e+01
5.700000e-06	-1.576704e-09	-6.541747e-10	-8.190541e+00	-9.018143e+01
5.710000e-06	-1.668914e-09	-6.946659e-10	-8.669552e+00	-9.493101e+01
5.720000e-06	-1.760992e-09	-7.363572e-10	-9.147875e+00	-9.967368e+01
5.730000e-06	-1.852956e-09	-7.792946e-10	-9.625608e+00	-1.044091e+02
5.740000e-06	-1.944798e-09	-8.250022e-10	-1.010271e+01	-1.091369e+02
5.750000e-06	-2.036447e-09	-8.717075e-10	-1.057881e+01	-1.138568e+02
5.760000e-06	-2.127935e-09	-9.169792e-10	-1.105407e+01	-1.185685e+02
5.770000e-06	-2.219269e-09	-9.588564e-10	-1.152853e+01	-1.232715e+02
5.780000e-06	-2.310412e-09	-9.977955e-10	-1.200200e+01	-1.279655e+02
5.790000e-06	-2.401369e-09	-1.035489e-09	-1.247450e+01	-1.326503e+02
5.800000e-06	-2.492146e-09	-1.074086e-09	-1.294606e+01	-1.373254e+02
5.810000e-06	-2.582734e-09	-1.115009e-09	-1.341665e+01	-1.419905e+02
5.820000e-06	-2.673133e-09	-1.156429e-09	-1.388625e+01	-1.466453e+02
5.830000e-06	-2.763369e-09	-1.196905e-09	-1.435501e+01	-1.512895e+02
5.840000e-06	-2.853449e-09	-1.238156e-09	-1.482296e+01	-1.559226e+02
5.850000e-06	-2.943343e-09	-1.281790e-09	-1.528994e+01	-1.605445e+02
5.860000e-06	-3.033057e-09	-1.326528e-09	-1.575598e+01	-1.651547e+02
5.870000e-06	-3.122578e-09	-1.369494e-09	-1.622103e+01	-1.697529e+02
5.880000e-06	-3.211909e-09	-1.410437e-09	-1.668508e+01	-1.743387e+02
5.890000e-06	-3.301036e-09	-1.450599e-09	-1.714807e+01	-1.789119e+02
5.900000e-06	-3.389948e-09	-1.490109e-09	-1.760995e+01	-1.834721e+02
5.910000e-06	-3.478665e-09	-1.530097e-09	-1.807082e+01	-1.880190e+02
5.920000e-06	-3.567148e-09	-1.571107e-09	-1.853047e+01	-1.925523e+02
5.930000e-06	-3.655380e-09	-1.614110e-09	-1.898882e+01	-1.970715e+02
5.940000e-06	-3.743339e-09	-1.658983e-09	-1.944575e+01	-2.015765e+02
5.950000e-06	-3.831022e-09	-1.704061e-09	-1.990124e+01	-2.060668e+02
5.960000e-06	-3.918436e-09	-1.746714e-09	-2.035534e+01	-2.105421e+02
5.970000e-06	-4.005565e-09	-1.785162e-09	-2.080796e+01	-2.150022e+02
5.980000e-06	-4.092409e-09	-1.822572e-09	-2.125909e+01	-2.194467e+02
5.990000e-06	-4.178934e-09	-1.860034e-09	-2.170857e+01	-2.238752e+02
6.000000e-06	-4.265126e-09	-1.897830e-09	-2.215632e+01	-2.282875e+02
6.010000e-06	-4.350993e-09	-1.937386e-09	-2.260238e+01	-2.326832e+02
6.020000e-06	-4.436530e-09	-1.978844e-09	-2.304672e+01	-2.370620e+02
6.030000e-06	-4.521736e-09	-2.021169e-09	-2.348935e+01	-2.414236e+02
6.040000e-06	-4.606607e-09	-2.063466e-09	-2.393024e+01	-2.457677e+02
6.050000e-06	-4.691090e-09	-2.104867e-09	-2.436911e+01	-2.500940e+02
6.060000e-06	-4.775191e-09	-2.144247e-09	-2.480599e+01	-2.544021e+02
6.070000e-06	-4.858932e-09	-2.181318e-09	-2.524101e+01	-2.586917e+02
6.080000e-06	-4.942297e-09	-2.219674e-09	-2.567407e+01	-2.629626e+02
6.090000e-06	-5.025302e-09	-2.258802e-09	-2.610526e+01	-2.672144e+02
6.100000e-06	-5.107972e-09	-2.296374e-09	-2.653472e+01	-2.714467e+02
6.110000e-06	-5.190338e-09	-2.332898e-09	-2.696259e+01	-2.756594e+02
6.120000e-06	-5.272394e-09	-2.368424e-09	-2.738886e+01	-2.798521e+02
6.130000e-06	-5.354128e-09	-2.407184e-09	-2.781345e+01	-2.840245e+02
6.140000e-06	-5.435524e-09	-2.450392e-09	-2.823628e+01	-2.881763e+02
6.150000e-06	-5.516581e-09	-2.493256e-09	-2.865736e+01	-2.923071e+02
6.160000e-06	-5.597315e-09	-2.534152e-09	-2.907675e+01	-2.964168e+02
6.170000e-06	-5.677715e-09	-2.573136e-09	-2.949441e+01	-3.005049e+02
6.180000e-06	-5.757745e-09	-2.610715e-09	-2.991015e+01	-3.045712e+02
6.190000e-06	-5.837342e-09	-2.645824e-09	-3.032364e+01	-3.086154e+02
6.200000e-06	-5.916448e-09	-2.677924e-09	-3.073458e+01	-3.126373e+02
6.210000e-06	-5.995051e-09	-2.709869e-09	-3.114291e+01	-3.166364e+02
6.220000e-06	-6.073138e-09	-2.744477e-09	-3.154855e+01	-3.206126e+02
6.230000e-06	-6.150710e-09	-2.782590e-09	-3.195152e+01	-3.245655e+02
6.240000e-06	-6.227772e-09	-2.822540e-09	-3.235184e+01	-3.284949e+02
6.250000e-06	-6.304309e-09	-2.862668e-09	-3.274943e+01	-3.324004e+02
6.260000e-06	-6.380287e-09	-2.901775e-09	-3.314412e+01	-3.362818e+02
6.270000e-06	-6.455718e-09	-2.937785e-09	-3.353597e+01	-3.401388e+02
6.280000e-06	-6.530679e-09	-2.971213e-09	-3.392537e+01	-3.439712e+02
6.290000e-06	-6.605191e-09	-3.003371e-09	-3.431245e+01	-3.477785e+02
6.300000e-06	-6.679223e-09	-3.034521e-09	-3.469703e+01	-3.515607e+02
6.310000e-06	-6.752760e-09	-3.067085e-09	-3.507904e+01	-3.553173e+02
6.320000e-06	-6.825820e-09	-3.102067e-09	-3.545857e+01	-3.590482e+02
6.330000e-06	-6.898432e-09	-3.138754e-09	-3.583577e+01	-3.627530e+02
6.340000e-06	-6.970616e-09	-3.174785e-09	-3.621075e+01	-3.664315e+02
6.350000e-06	-7.042354e-09	-3.209948e-09	-3.658342e+01	-3.700834e+02
6.360000e-06	-7.113603e-09	-3.245960e-09	-3.695355e+01	-3.737085e+02
6.370000e-06	-7.184318e-09	-3.282604e-09	-3.732090e+01	-3.773064e+02
6.380000e-06	-7.254450e-09	-3.318129e-09	-3.768521e+01	-3.808770e+02
6.390000e-06	-7.323992e-09	-3.349546e-09	-3.804647e+01	-3.844200e+02
6.400000e-06	-7.392972e-09	-3.377061e-09	-3.840480e+01	-3.879350e+02
6.410000e-06	-7.461389e-09	-3.405724e-09	-3.876021e+01	-3.914219e+02
6.420000e-06	-7.529219e-09	-3.439058e-09	-3.911258e+01	-3.948805e+02
6.430000e-06	-7.596506e-09	-3.475780e-09	-3.946212e+01	-3.983103e+02
6.440000e-06	-7.663311e-09	-3.512423e-09	-3.980916e+01	-4.017113e+02
6.450000e-06	-7.729623e-09	-3.547163e-09	-4.015363e+01	-4.050832e+02
6.460000e-06	-7.795410e-09	-3.579542e-09	-4.049539e+01	-4.084256e+02
6.470000e-06	-7.860665e-09	-3.610260e-09	-4.083437e+01	-4.117384e+02
6.480000e-06	-7.925386e-09	-3.639593e-09	-4.117058e+01	-4.150214e+02
6.490000e-06	-7.989591e-09	-3.666606e-09	-4.150412e+01	-4.182743e+02
6.500000e-06	-8.053297e-09	-3.693078e-09	-4.183505e+01	-4.214968e+02
6.510000e-06	-8.116465e-09	-3.721215e-09	-4.216320e+01	-4.246887e+02
6.520000e-06	-8.179042e-09	-3.752291e-09	-4.248827e+01	-4.278498e+02
6.530000e-06	-8.240963e-09	-3.784149e-09	-4.280994e+01	-4.309799e+02
6.540000e-06	-8.302196e-09	-3.814332e-09	-4.312803e+01	-4.340788e+02
6.550000e-06	-8.362755e-09	-3.842896e-09	-4.344262e+01	-4.371461e+02
6.560000e-06	-8.422687e-09	-3.871353e-09	-4.375395e+01	-4.401817e+02
6.570000e-06	-8.482044e-09	-3.900469e-09	-4.406230e+01	-4.431855e+02
6.580000e-06	-8.540840e-09	-3.926294e-09	-4.436774e+01	-4.461570e+02
6.590000e-06	-8.599094e-09	-3.948406e-09	-4.467035e+01	-4.490962e+02
6.600000e-06	-8.656738e-09	-3.970112e-09	-4.496980e+01	-4.520028e+02
6.610000e-06	-8.713741e-09	-3.994853e-09	-4.526592e+01	-4.548767e+02
6.620000e-06	-8.770159e-09	-4.023869e-09	-4.555900e+01	-4.577175e+02
6.630000e-06	-8.826018e-09	-4.054775e-09	-4.584918e+01	-4.605251e+02
6.640000e-06	-8.881290e-09	-4.083670e-09	-4.613631e+01	-4.632994e+02
6.650000e-06	-8.935885e-09	-4.109366e-09	-4.641992e+01	-4.660400e+02
6.660000e-06	-8.989713e-09	-4.135174e-09	-4.669954e+01	-4.687468e+02
6.670000e-06	-9.042721e-09	-4.161828e-09	-4.697490e+01	-4.714197e+02
6.680000e-06	-9.094938e-09	-4.185725e-09	-4.724616e+01	-4.740583e+02
6.690000e-06	-9.146404e-09	-4.204500e-09	-4.751351e+01	-4.766625e+02
6.700000e-06	-9.197144e-09	-4.221093e-09	-4.777710e+01	-4.792322e+02
6.710000e-06	-9.247176e-09	-4.241903e-09	-4.803700e+01	-4.817671e+02
6.720000e-06	-9.296452e-09	-4.267773e-09	-4.829298e+01	-4.842671e+02
6.730000e-06	-9.344850e-09	-4.294033e-09	-4.854440e+01	-4.867319e+02
6.740000e-06	-9.392327e-09	-4.318264e-09	-4.879103e+01	-4.891615e+02
6.750000e-06	-9.438997e-09	-4.340290e-09	-4.903347e+01	-4.915555e+02
6.760000e-06	-9.485007e-09	-4.361479e-09	-4.927249e+01	-4.939139e+02
6.770000e-06	-9.530437e-09	-4.381379e-09	-4.950848e+01	-4.962365e+02
6.780000e-06	-9.575295e-09	-4.400193e-09	-4.974151e+01	-4.985231e+02
6.790000e-06	-9.619594e-09	-4.417541e-09	-4.997164e+01	-5.007735e+02
6.800000e-06	-9.663363e-09	-4.434021e-09	-5.019901e+01	-5.029876e+02
6.810000e-06	-9.706623e-09	-4.452578e-09	-5.042373e+01	-5.051653e+02
6.820000e-06	-9.749329e-09	-4.473051e-09	-5.064559e+01	-5.073063e+02
6.830000e-06	-9.791411e-09	-4.492354e-09	-5.086419e+01	-5.094105e+02
6.840000e-06	-9.832843e-09	-4.509725e-09	-5.107942e+01	-5.114777e+02
6.850000e-06	-9.873624e-09	-4.525083e-09	-5.129127e+01	-5.135078e+02
6.860000e-06	-9.913760e-09	-4.540983e-09	-5.149977e+01	-5.155007e+02
6.870000e-06	-9.953305e-09	-4.558207e-09	-5.170520e+01	-5.174563e+02
6.880000e-06	-9.992189e-09	-4.574053e-09	-5.190719e+01	-5.193742e+02
6.890000e-06	-1.003022e-08	-4.586446e-09	-5.210477e+01	-5.212546e+02
6.900000e-06	-1.006730e-08	-4.597750e-09	-5.229737e+01	-5.230971e+02
6.910000e-06	-1.010352e-08	-4.611062e-09	-5.248554e+01	-5.249016e+02
6.920000e-06	-1.013910e-08	-4.626662e-09	-5.267038e+01	-5.266681e+02
6.930000e-06	-1.017408e-08	-4.642577e-09	-5.285209e+01	-5.283964e+02
6.940000e-06	-1.020841e-08	-4.656630e-09	-5.303041e+01	-5.300864e+02
6.950000e-06	-1.024204e-08	-4.670028e-09	-5.320514e+01	-5.317379e+02
6.960000e-06	-1.027496e-08	-4.683017e-09	-5.337616e+01	-5.333509e+02
6.970000e-06	-1.030721e-08	-4.695721e-09	-5.354366e+01	-5.349252e+02
6.980000e-06	-1.033885e-08	-4.705579e-09	-5.370805e+01	-5.364607e+02
6.990000e-06	-1.036985e-08	-4.713627e-09	-5.386905e+01	-5.379572e+02
7.000000e-06	-1.039993e-08	-4.722881e-09	-5.402531e+01	-5.394148e+02
7.010000e-06	-1.042894e-08	-4.735256e-09	-5.417605e+01	-5.408332e+02
7.020000e-06	-1.045706e-08	-4.748919e-09	-5.432213e+01	-5.422124e+02
7.030000e-06	-1.048455e-08	-4.760020e-09	-5.446490e+01	-5.435523e+02
7.040000e-06	-1.051142e-08	-4.767226e-09	-5.460451e+01	-5.448528e+02
7.050000e-06	-1.053757e-08	-4.773458e-09	-5.474034e+01	-5.461137e+02
7.060000e-06	-1.056297e-08	-4.782194e-09	-5.487227e+01	-5.473351e+02
7.070000e-06	-1.058761e-08	-4.793892e-09	-5.500028e+01	-5.485167e+02
7.080000e-06	-1.061157e-08	-4.805173e-09	-5.512478e+01	-5.496586e+02
7.090000e-06	-1.063500e-08	-4.812226e-09	-5.524649e+01	-5.507606e+02
7.100000e-06	-1.065778e-08	-4.817085e-09	-5.536484e+01	-5.518226e+02
7.110000e-06	-1.067960e-08	-4.822944e-09	-5.547814e+01	-5.528447e+02
7.120000e-06	-1.070031e-08	-4.829418e-09	-5.558577e+01	-5.538266e+02
7.130000e-06	-1.072020e-08	-4.835763e-09	-5.568909e+01	-5.547684e+02
7.140000e-06	-1.073950e-08	-4.840534e-09	-5.578931e+01	-5.556699e+02
7.150000e-06	-1.075811e-08	-4.846800e-09	-5.588603e+01	-5.565311e+02
7.160000e-06	-1.077601e-08	-4.854986e-09	-5.597899e+01	-5.573520e+02
7.170000e-06	-1.079318e-08	-4.862375e-09	-5.606820e+01	-5.581324e+02
7.180000e-06	-1.080962e-08	-4.867666e-09	-5.615362e+01	-5.588724e+02
7.190000e-06	-1.082542e-08	-4.869131e-09	-5.623569e+01	-5.595719e+02
7.200000e-06	-1.084063e-08	-4.869970e-09	-5.631467e+01	-5.602307e+02
7.210000e-06	-1.085495e-08	-4.873223e-09	-5.638907e+01	-5.608489e+02
7.220000e-06	-1.086806e-08	-4.879445e-09	-5.645716e+01	-5.614265e+02
7.230000e-06	-1.088011e-08	-4.885860e-09	-5.651975e+01	-5.619633e+02
7.240000e-06	-1.089138e-08	-4.889743e-09	-5.657834e+01	-5.624594e+02
7.250000e-06	-1.090189e-08	-4.891658e-09	-5.663294e+01	-5.629146e+02
7.260000e-06	-1.091164e-08	-4.892616e-09	-5.668355e+01	-5.633291e+02
7.270000e-06	-1.092066e-08	-4.893075e-09	-5.673040e+01	-5.637027e+02
7.280000e-06	-1.092893e-08	-4.894479e-09	-5.677338e+01	-5.640354e+02
7.290000e-06	-1.093658e-08	-4.896177e-09	-5.681311e+01	-5.643272e+02
7.300000e-06	-1.094361e-08	-4.898753e-09	-5.684967e+01	-5.645781e+02
7.310000e-06	-1.094972e-08	-4.900315e-09	-5.688141e+01	-5.647880e+02
7.320000e-06	-1.095471e-08	-4.901289e-09	-5.690731e+01	-5.649570e+02
7.330000e-06	-1.095878e-08	-4.901681e-09	-5.692844e+01	-5.650850e+02
7.340000e-06	-1.096224e-08	-4.900895e-09	-5.694642e+01	-5.651720e+02
7.350000e-06	-1.096507e-08	-4.900583e-09	-5.696113e+01	-5.652180e+02
7.360000e-06	-1.096717e-08	-4.900924e-09	-5.697204e+01	-5.652231e+02
7.370000e-06	-1.096863e-08	-4.901877e-09	-5.697960e+01	-5.651871e+02
