# Temperatura_=_20.0
# Concentracion g/m^3_=_10000.0
# C_Vs_to_Am_M_A/Vsm_=_116720831517.84952
# pendiente_HvsI_1/m_=_3716.3
# ordenada_HvsI_A/m_=_1297.0
# frecuencia_Hz_=_135199.10994447785
# Promedio de 25 ciclos

Tiempo_(s)	Campo_(V.s)	Magnetizacion_(V.s)	Campo_(kA/m)	Magnetizacion_(A/m)
0.000000e+00	-6.668163e-09	-2.930867e-09	-3.470677e+01	-3.402011e+02
1.000000e-08	-6.668077e-09	-2.933690e-09	-3.470632e+01	-3.401328e+02
2.000000e-08	-6.667672e-09	-2.932756e-09	-3.470421e+01	-3.400399e+02
3.000000e-08	-6.666987e-09	-2.929069e-09	-3.470065e+01	-3.399225e+02
4.000000e-08	-6.665961e-09	-2.925997e-09	-3.469531e+01	-3.397805e+02
5.000000e-08	-6.664436e-09	-2.924541e-09	-3.468737e+01	-3.396140e+02
6.000000e-08	-6.662259e-09	-2.920912e-09	-3.467604e+01	-3.394229e+02
7.000000e-08	-6.659354e-09	-2.914324e-09	-3.466092e+01	-3.392074e+02
8.000000e-08	-6.655701e-09	-2.915968e-09	-3.464190e+01	-3.389673e+02
9.000000e-08	-6.651344e-09	-2.928744e-09	-3.461923e+01	-3.387028e+02
1.000000e-07	-6.646408e-09	-2.925485e-09	-3.459354e+01	-3.384138e+02
1.100000e-07	-6.641126e-09	-2.904701e-09	-3.456604e+01	-3.381004e+02
1.200000e-07	-6.635672e-09	-2.906070e-09	-3.453766e+01	-3.377626e+02
1.300000e-07	-6.629966e-09	-2.915680e-09	-3.450796e+01	-3.374004e+02
1.400000e-07	-6.623750e-09	-2.911528e-09	-3.447561e+01	-3.370138e+02
1.500000e-07	-6.616977e-09	-2.883485e-09	-3.444036e+01	-3.366028e+02
1.600000e-07	-6.609793e-09	-2.876778e-09	-3.440296e+01	-3.361676e+02
1.700000e-07	-6.602210e-09	-2.885283e-09	-3.436349e+01	-3.357081e+02
1.800000e-07	-6.594167e-09	-2.876897e-09	-3.432163e+01	-3.352244e+02
1.900000e-07	-6.585738e-09	-2.854681e-09	-3.427776e+01	-3.347164e+02
2.000000e-07	-6.576969e-09	-2.859371e-09	-3.423212e+01	-3.341843e+02
2.100000e-07	-6.567678e-09	-2.869404e-09	-3.418376e+01	-3.336280e+02
2.200000e-07	-6.557691e-09	-2.855615e-09	-3.413178e+01	-3.330477e+02
2.300000e-07	-6.547026e-09	-2.841123e-09	-3.407627e+01	-3.324433e+02
2.400000e-07	-6.535777e-09	-2.851900e-09	-3.401772e+01	-3.318149e+02
2.500000e-07	-6.523965e-09	-2.854676e-09	-3.395624e+01	-3.311625e+02
2.600000e-07	-6.511578e-09	-2.825869e-09	-3.389177e+01	-3.304863e+02
2.700000e-07	-6.498660e-09	-2.811189e-09	-3.382453e+01	-3.297861e+02
2.800000e-07	-6.485272e-09	-2.821088e-09	-3.375485e+01	-3.290622e+02
2.900000e-07	-6.471400e-09	-2.823463e-09	-3.368265e+01	-3.283145e+02
3.000000e-07	-6.457010e-09	-2.804550e-09	-3.360775e+01	-3.275430e+02
3.100000e-07	-6.442077e-09	-2.799000e-09	-3.353003e+01	-3.267480e+02
3.200000e-07	-6.426534e-09	-2.794064e-09	-3.344913e+01	-3.259293e+02
3.300000e-07	-6.410331e-09	-2.782728e-09	-3.336479e+01	-3.250871e+02
3.400000e-07	-6.393505e-09	-2.771921e-09	-3.327721e+01	-3.242214e+02
3.500000e-07	-6.376125e-09	-2.769814e-09	-3.318675e+01	-3.233323e+02
3.600000e-07	-6.358305e-09	-2.752167e-09	-3.309400e+01	-3.224199e+02
3.700000e-07	-6.340148e-09	-2.739970e-09	-3.299950e+01	-3.214841e+02
3.800000e-07	-6.321638e-09	-2.742947e-09	-3.290316e+01	-3.205252e+02
3.900000e-07	-6.302694e-09	-2.742964e-09	-3.280456e+01	-3.195431e+02
4.000000e-07	-6.283233e-09	-2.720089e-09	-3.270327e+01	-3.185379e+02
4.100000e-07	-6.263290e-09	-2.706035e-09	-3.259946e+01	-3.175098e+02
4.200000e-07	-6.243010e-09	-2.708186e-09	-3.249391e+01	-3.164587e+02
4.300000e-07	-6.222485e-09	-2.707678e-09	-3.238708e+01	-3.153847e+02
4.400000e-07	-6.201690e-09	-2.695142e-09	-3.227885e+01	-3.142880e+02
4.500000e-07	-6.180532e-09	-2.679312e-09	-3.216872e+01	-3.131686e+02
4.600000e-07	-6.158919e-09	-2.664157e-09	-3.205623e+01	-3.120266e+02
4.700000e-07	-6.136872e-09	-2.653090e-09	-3.194148e+01	-3.108620e+02
4.800000e-07	-6.114434e-09	-2.646849e-09	-3.182470e+01	-3.096750e+02
4.900000e-07	-6.091560e-09	-2.636525e-09	-3.170564e+01	-3.084656e+02
5.000000e-07	-6.068217e-09	-2.624584e-09	-3.158414e+01	-3.072340e+02
5.100000e-07	-6.044437e-09	-2.617949e-09	-3.146037e+01	-3.059801e+02
5.200000e-07	-6.020290e-09	-2.613154e-09	-3.133469e+01	-3.047042e+02
5.300000e-07	-5.995829e-09	-2.600201e-09	-3.120737e+01	-3.034062e+02
5.400000e-07	-5.971056e-09	-2.582330e-09	-3.107843e+01	-3.020864e+02
5.500000e-07	-5.945869e-09	-2.563171e-09	-3.094734e+01	-3.007447e+02
5.600000e-07	-5.920110e-09	-2.551390e-09	-3.081327e+01	-2.993814e+02
5.700000e-07	-5.893702e-09	-2.544984e-09	-3.067582e+01	-2.979964e+02
5.800000e-07	-5.866642e-09	-2.536918e-09	-3.053497e+01	-2.965898e+02
5.900000e-07	-5.839012e-09	-2.523479e-09	-3.039116e+01	-2.951619e+02
6.000000e-07	-5.810936e-09	-2.513669e-09	-3.024503e+01	-2.937126e+02
6.100000e-07	-5.782540e-09	-2.501303e-09	-3.009724e+01	-2.922422e+02
6.200000e-07	-5.753899e-09	-2.484481e-09	-2.994817e+01	-2.907506e+02
6.300000e-07	-5.724977e-09	-2.468571e-09	-2.979763e+01	-2.892380e+02
6.400000e-07	-5.695681e-09	-2.455608e-09	-2.964515e+01	-2.877046e+02
6.500000e-07	-5.665946e-09	-2.440029e-09	-2.949038e+01	-2.861503e+02
6.600000e-07	-5.635794e-09	-2.428466e-09	-2.933344e+01	-2.845754e+02
6.700000e-07	-5.605260e-09	-2.418553e-09	-2.917452e+01	-2.829800e+02
6.800000e-07	-5.574345e-09	-2.404139e-09	-2.901361e+01	-2.813641e+02
6.900000e-07	-5.543024e-09	-2.386291e-09	-2.885059e+01	-2.797279e+02
7.000000e-07	-5.511298e-09	-2.370595e-09	-2.868546e+01	-2.780715e+02
7.100000e-07	-5.479237e-09	-2.354227e-09	-2.851859e+01	-2.763950e+02
7.200000e-07	-5.446929e-09	-2.338876e-09	-2.835043e+01	-2.746986e+02
7.300000e-07	-5.414396e-09	-2.323714e-09	-2.818110e+01	-2.729823e+02
7.400000e-07	-5.381597e-09	-2.306632e-09	-2.801039e+01	-2.712463e+02
7.500000e-07	-5.348431e-09	-2.288953e-09	-2.783776e+01	-2.694907e+02
7.600000e-07	-5.314743e-09	-2.274216e-09	-2.766243e+01	-2.677156e+02
7.700000e-07	-5.280412e-09	-2.259339e-09	-2.748374e+01	-2.659212e+02
7.800000e-07	-5.245454e-09	-2.240857e-09	-2.730178e+01	-2.641076e+02
7.900000e-07	-5.209945e-09	-2.221296e-09	-2.711697e+01	-2.622750e+02
8.000000e-07	-5.173988e-09	-2.203764e-09	-2.692981e+01	-2.604233e+02
8.100000e-07	-5.137702e-09	-2.188426e-09	-2.674095e+01	-2.585529e+02
8.200000e-07	-5.101177e-09	-2.172885e-09	-2.655085e+01	-2.566638e+02
8.300000e-07	-5.064436e-09	-2.155674e-09	-2.635961e+01	-2.547562e+02
8.400000e-07	-5.027416e-09	-2.138122e-09	-2.616693e+01	-2.528302e+02
8.500000e-07	-4.990029e-09	-2.122750e-09	-2.597234e+01	-2.508859e+02
8.600000e-07	-4.952258e-09	-2.105504e-09	-2.577575e+01	-2.489235e+02
8.700000e-07	-4.914147e-09	-2.085061e-09	-2.557738e+01	-2.469431e+02
8.800000e-07	-4.875724e-09	-2.063265e-09	-2.537740e+01	-2.449449e+02
8.900000e-07	-4.836989e-09	-2.043788e-09	-2.517578e+01	-2.429290e+02
9.000000e-07	-4.797912e-09	-2.026781e-09	-2.497240e+01	-2.408955e+02
9.100000e-07	-4.758467e-09	-2.010860e-09	-2.476709e+01	-2.388446e+02
9.200000e-07	-4.718671e-09	-1.993187e-09	-2.455996e+01	-2.367765e+02
9.300000e-07	-4.678577e-09	-1.974935e-09	-2.435127e+01	-2.346913e+02
9.400000e-07	-4.638250e-09	-1.956801e-09	-2.414138e+01	-2.325892e+02
9.500000e-07	-4.597714e-09	-1.940284e-09	-2.393040e+01	-2.304702e+02
9.600000e-07	-4.556943e-09	-1.922858e-09	-2.371819e+01	-2.283346e+02
9.700000e-07	-4.515891e-09	-1.902405e-09	-2.350452e+01	-2.261825e+02
9.800000e-07	-4.474486e-09	-1.879000e-09	-2.328901e+01	-2.240140e+02
9.900000e-07	-4.432661e-09	-1.858130e-09	-2.307132e+01	-2.218294e+02
1.000000e-06	-4.390356e-09	-1.840829e-09	-2.285113e+01	-2.196288e+02
1.010000e-06	-4.347522e-09	-1.824108e-09	-2.262819e+01	-2.174123e+02
1.020000e-06	-4.304202e-09	-1.805207e-09	-2.240271e+01	-2.151801e+02
1.030000e-06	-4.260485e-09	-1.785106e-09	-2.217517e+01	-2.129323e+02
1.040000e-06	-4.216430e-09	-1.765279e-09	-2.194588e+01	-2.106692e+02
1.050000e-06	-4.172111e-09	-1.745860e-09	-2.171520e+01	-2.083908e+02
1.060000e-06	-4.127590e-09	-1.725510e-09	-2.148347e+01	-2.060974e+02
1.070000e-06	-4.082863e-09	-1.703768e-09	-2.125067e+01	-2.037891e+02
1.080000e-06	-4.037906e-09	-1.681556e-09	-2.101668e+01	-2.014661e+02
1.090000e-06	-3.992683e-09	-1.659738e-09	-2.078130e+01	-1.991286e+02
1.100000e-06	-3.947179e-09	-1.638612e-09	-2.054446e+01	-1.967766e+02
1.110000e-06	-3.901401e-09	-1.618094e-09	-2.030619e+01	-1.944104e+02
1.120000e-06	-3.855352e-09	-1.598025e-09	-2.006651e+01	-1.920302e+02
1.130000e-06	-3.809045e-09	-1.578676e-09	-1.982550e+01	-1.896361e+02
1.140000e-06	-3.762475e-09	-1.559983e-09	-1.958310e+01	-1.872284e+02
1.150000e-06	-3.715651e-09	-1.540131e-09	-1.933940e+01	-1.848071e+02
1.160000e-06	-3.668572e-09	-1.517407e-09	-1.909435e+01	-1.823724e+02
1.170000e-06	-3.621234e-09	-1.492657e-09	-1.884797e+01	-1.799246e+02
1.180000e-06	-3.573638e-09	-1.469139e-09	-1.860024e+01	-1.774637e+02
1.190000e-06	-3.525787e-09	-1.448029e-09	-1.835118e+01	-1.749901e+02
1.200000e-06	-3.477705e-09	-1.428859e-09	-1.810092e+01	-1.725038e+02
1.210000e-06	-3.429413e-09	-1.409409e-09	-1.784957e+01	-1.700050e+02
1.220000e-06	-3.380931e-09	-1.390462e-09	-1.759723e+01	-1.674940e+02
1.230000e-06	-3.332244e-09	-1.371296e-09	-1.734382e+01	-1.649708e+02
1.240000e-06	-3.283349e-09	-1.349311e-09	-1.708933e+01	-1.624358e+02
1.250000e-06	-3.234245e-09	-1.322966e-09	-1.683375e+01	-1.598890e+02
1.260000e-06	-3.184874e-09	-1.294669e-09	-1.657678e+01	-1.573306e+02
1.270000e-06	-3.135159e-09	-1.267138e-09	-1.631802e+01	-1.547609e+02
1.280000e-06	-3.085066e-09	-1.243081e-09	-1.605730e+01	-1.521800e+02
1.290000e-06	-3.034596e-09	-1.222527e-09	-1.579461e+01	-1.495881e+02
1.300000e-06	-2.983753e-09	-1.202693e-09	-1.552998e+01	-1.469854e+02
1.310000e-06	-2.932557e-09	-1.179664e-09	-1.526351e+01	-1.443721e+02
1.320000e-06	-2.881063e-09	-1.155165e-09	-1.499549e+01	-1.417483e+02
1.330000e-06	-2.829285e-09	-1.132205e-09	-1.472600e+01	-1.391143e+02
1.340000e-06	-2.777216e-09	-1.109511e-09	-1.445499e+01	-1.364702e+02
1.350000e-06	-2.724915e-09	-1.083881e-09	-1.418277e+01	-1.338163e+02
1.360000e-06	-2.672438e-09	-1.055615e-09	-1.390963e+01	-1.311527e+02
1.370000e-06	-2.619789e-09	-1.028620e-09	-1.363560e+01	-1.284797e+02
1.380000e-06	-2.566963e-09	-1.005445e-09	-1.336065e+01	-1.257973e+02
1.390000e-06	-2.513972e-09	-9.840546e-10	-1.308484e+01	-1.231058e+02
1.400000e-06	-2.460810e-09	-9.613595e-10	-1.280814e+01	-1.204055e+02
1.410000e-06	-2.407463e-09	-9.364575e-10	-1.253048e+01	-1.176964e+02
1.420000e-06	-2.353954e-09	-9.109609e-10	-1.225197e+01	-1.149789e+02
1.430000e-06	-2.300281e-09	-8.860465e-10	-1.197261e+01	-1.122530e+02
1.440000e-06	-2.246427e-09	-8.607695e-10	-1.169231e+01	-1.095190e+02
1.450000e-06	-2.192399e-09	-8.337075e-10	-1.141110e+01	-1.067771e+02
1.460000e-06	-2.138213e-09	-8.059631e-10	-1.112908e+01	-1.040275e+02
1.470000e-06	-2.083897e-09	-7.811596e-10	-1.084637e+01	-1.012704e+02
1.480000e-06	-2.029444e-09	-7.589337e-10	-1.056295e+01	-9.850591e+01
1.490000e-06	-1.974866e-09	-7.364946e-10	-1.027888e+01	-9.573432e+01
1.500000e-06	-1.920168e-09	-7.116286e-10	-9.994182e+00	-9.295581e+01
1.510000e-06	-1.865356e-09	-6.853452e-10	-9.708897e+00	-9.017058e+01
1.520000e-06	-1.810425e-09	-6.613983e-10	-9.422986e+00	-8.737882e+01
1.530000e-06	-1.755356e-09	-6.396633e-10	-9.136363e+00	-8.458075e+01
1.540000e-06	-1.700167e-09	-6.158759e-10	-8.849113e+00	-8.177656e+01
1.550000e-06	-1.644880e-09	-5.899275e-10	-8.561350e+00	-7.896646e+01
1.560000e-06	-1.589484e-09	-5.628207e-10	-8.273021e+00	-7.615064e+01
1.570000e-06	-1.533959e-09	-5.378162e-10	-7.984026e+00	-7.332931e+01
1.580000e-06	-1.478322e-09	-5.159035e-10	-7.694442e+00	-7.050268e+01
1.590000e-06	-1.422573e-09	-4.944930e-10	-7.404277e+00	-6.767095e+01
1.600000e-06	-1.366710e-09	-4.714581e-10	-7.113518e+00	-6.483431e+01
1.610000e-06	-1.310749e-09	-4.472304e-10	-6.822249e+00	-6.199299e+01
1.620000e-06	-1.254699e-09	-4.243717e-10	-6.530521e+00	-5.914718e+01
1.630000e-06	-1.198573e-09	-4.033784e-10	-6.238390e+00	-5.629709e+01
1.640000e-06	-1.142372e-09	-3.812160e-10	-5.945874e+00	-5.344292e+01
1.650000e-06	-1.086105e-09	-3.566186e-10	-5.653013e+00	-5.058488e+01
1.660000e-06	-1.029788e-09	-3.320342e-10	-5.359893e+00	-4.772317e+01
1.670000e-06	-9.734414e-10	-3.103000e-10	-5.066616e+00	-4.485801e+01
1.680000e-06	-9.170715e-10	-2.898070e-10	-4.773219e+00	-4.198960e+01
1.690000e-06	-8.606887e-10	-2.662205e-10	-4.479755e+00	-3.911814e+01
1.700000e-06	-8.042969e-10	-2.393238e-10	-4.186244e+00	-3.624385e+01
1.710000e-06	-7.478804e-10	-2.143214e-10	-3.892604e+00	-3.336693e+01
1.720000e-06	-6.914360e-10	-1.933873e-10	-3.598819e+00	-3.048758e+01
1.730000e-06	-6.349593e-10	-1.733786e-10	-3.304867e+00	-2.760602e+01
1.740000e-06	-5.784535e-10	-1.499222e-10	-3.010762e+00	-2.472246e+01
1.750000e-06	-5.219297e-10	-1.233376e-10	-2.716564e+00	-2.183710e+01
1.760000e-06	-4.653942e-10	-9.914277e-11	-2.422306e+00	-1.895015e+01
1.770000e-06	-4.088323e-10	-7.804121e-11	-2.127909e+00	-1.606182e+01
1.780000e-06	-3.522462e-10	-5.749588e-11	-1.833387e+00	-1.317232e+01
1.790000e-06	-2.956549e-10	-3.462316e-11	-1.538838e+00	-1.028185e+01
1.800000e-06	-2.390617e-10	-9.206967e-12	-1.244278e+00	-7.390625e+00
1.810000e-06	-1.824690e-10	1.618928e-11	-9.497218e-01	-4.498855e+00
1.820000e-06	-1.258730e-10	3.918674e-11	-6.551479e-01	-1.606746e+00
1.830000e-06	-6.927221e-11	5.980188e-11	-3.605491e-01	1.285491e+00
1.840000e-06	-1.267879e-11	8.150458e-11	-6.598875e-02	4.177649e+00
1.850000e-06	4.390809e-11	1.045723e-10	2.285375e-01	7.069519e+00
1.860000e-06	1.004959e-10	1.266864e-10	5.230685e-01	9.960892e+00
1.870000e-06	1.570839e-10	1.479608e-10	8.176008e-01	1.285156e+01
1.880000e-06	2.136729e-10	1.705119e-10	1.112138e+00	1.574131e+01
1.890000e-06	2.702577e-10	1.961830e-10	1.406654e+00	1.862994e+01
1.900000e-06	3.268306e-10	2.232047e-10	1.701107e+00	2.151724e+01
1.910000e-06	3.833911e-10	2.461672e-10	1.995496e+00	2.440300e+01
1.920000e-06	4.399331e-10	2.640685e-10	2.289789e+00	2.728702e+01
1.930000e-06	4.964545e-10	2.820502e-10	2.583974e+00	3.016907e+01
1.940000e-06	5.529646e-10	3.050476e-10	2.878101e+00	3.304897e+01
1.950000e-06	6.094604e-10	3.324055e-10	3.172154e+00	3.592649e+01
1.960000e-06	6.659262e-10	3.589665e-10	3.466050e+00	3.880143e+01
1.970000e-06	7.223471e-10	3.821890e-10	3.759712e+00	4.167358e+01
1.980000e-06	7.787315e-10	4.052757e-10	4.053185e+00	4.454274e+01
1.990000e-06	8.350861e-10	4.307942e-10	4.346502e+00	4.740870e+01
2.000000e-06	8.914053e-10	4.560601e-10	4.639635e+00	5.027125e+01
2.010000e-06	9.477014e-10	4.783943e-10	4.932648e+00	5.313019e+01
2.020000e-06	1.003971e-09	4.983907e-10	5.225522e+00	5.598531e+01
2.030000e-06	1.060198e-09	5.196639e-10	5.518174e+00	5.883639e+01
2.040000e-06	1.116374e-09	5.439423e-10	5.810562e+00	6.168325e+01
2.050000e-06	1.172483e-09	5.694533e-10	6.102605e+00	6.452567e+01
2.060000e-06	1.228515e-09	5.921479e-10	6.394242e+00	6.736344e+01
2.070000e-06	1.284458e-09	6.115138e-10	6.685414e+00	7.019636e+01
2.080000e-06	1.340303e-09	6.308691e-10	6.976079e+00	7.302424e+01
2.090000e-06	1.396024e-09	6.530818e-10	7.266099e+00	7.584685e+01
2.100000e-06	1.451627e-09	6.772480e-10	7.555503e+00	7.866401e+01
2.110000e-06	1.507121e-09	7.002238e-10	7.844343e+00	8.147550e+01
2.120000e-06	1.562499e-09	7.218543e-10	8.132578e+00	8.428112e+01
2.130000e-06	1.617770e-09	7.446387e-10	8.420254e+00	8.708068e+01
2.140000e-06	1.672924e-09	7.694107e-10	8.707322e+00	8.987396e+01
2.150000e-06	1.727958e-09	7.943718e-10	8.993766e+00	9.266078e+01
2.160000e-06	1.782887e-09	8.172771e-10	9.279662e+00	9.544091e+01
2.170000e-06	1.837706e-09	8.379365e-10	9.564985e+00	9.821418e+01
2.180000e-06	1.892404e-09	8.589087e-10	9.849681e+00	1.009804e+02
2.190000e-06	1.946987e-09	8.824234e-10	1.013378e+01	1.037393e+02
2.200000e-06	2.001435e-09	9.072352e-10	1.041717e+01	1.064907e+02
2.210000e-06	2.055744e-09	9.301445e-10	1.069984e+01	1.092345e+02
2.220000e-06	2.109919e-09	9.506302e-10	1.098181e+01	1.119704e+02
2.230000e-06	2.163940e-09	9.717185e-10	1.126298e+01	1.146982e+02
2.240000e-06	2.217786e-09	9.935769e-10	1.154324e+01	1.174178e+02
2.250000e-06	2.271453e-09	1.013336e-09	1.182257e+01	1.201289e+02
2.260000e-06	2.324939e-09	1.031126e-09	1.210096e+01	1.228313e+02
2.270000e-06	2.378234e-09	1.049919e-09	1.237835e+01	1.255249e+02
2.280000e-06	2.431355e-09	1.073622e-09	1.265484e+01	1.282095e+02
2.290000e-06	2.484324e-09	1.100420e-09	1.293053e+01	1.308848e+02
2.300000e-06	2.537118e-09	1.126161e-09	1.320532e+01	1.335507e+02
2.310000e-06	2.589722e-09	1.147701e-09	1.347911e+01	1.362069e+02
2.320000e-06	2.642150e-09	1.165501e-09	1.375199e+01	1.388534e+02
2.330000e-06	2.694404e-09	1.182756e-09	1.402397e+01	1.414898e+02
2.340000e-06	2.746437e-09	1.200960e-09	1.429479e+01	1.441160e+02
2.350000e-06	2.798217e-09	1.221866e-09	1.456430e+01	1.467319e+02
2.360000e-06	2.849729e-09	1.245036e-09	1.483241e+01	1.493371e+02
2.370000e-06	2.900915e-09	1.269908e-09	1.509882e+01	1.519316e+02
2.380000e-06	2.951734e-09	1.295883e-09	1.536333e+01	1.545152e+02
2.390000e-06	3.002187e-09	1.319296e-09	1.562593e+01	1.570876e+02
2.400000e-06	3.052268e-09	1.337503e-09	1.588659e+01	1.596487e+02
2.410000e-06	3.101991e-09	1.352045e-09	1.614540e+01	1.621983e+02
2.420000e-06	3.151393e-09	1.367609e-09	1.640252e+01	1.647362e+02
2.430000e-06	3.200515e-09	1.389795e-09	1.665820e+01	1.672622e+02
2.440000e-06	3.249416e-09	1.416450e-09	1.691272e+01	1.697761e+02
2.450000e-06	3.298140e-09	1.440585e-09	1.716632e+01	1.722779e+02
2.460000e-06	3.346705e-09	1.460617e-09	1.741909e+01	1.747672e+02
2.470000e-06	3.395116e-09	1.478607e-09	1.767107e+01	1.772439e+02
2.480000e-06	3.443364e-09	1.497068e-09	1.792219e+01	1.797078e+02
2.490000e-06	3.491416e-09	1.516618e-09	1.817229e+01	1.821587e+02
2.500000e-06	3.539221e-09	1.535846e-09	1.842111e+01	1.845966e+02
2.510000e-06	3.586723e-09	1.554949e-09	1.866835e+01	1.870211e+02
2.520000e-06	3.633921e-09	1.575664e-09	1.891401e+01	1.894321e+02
2.530000e-06	3.680858e-09	1.597893e-09	1.915831e+01	1.918295e+02
2.540000e-06	3.727561e-09	1.619457e-09	1.940139e+01	1.942131e+02
2.550000e-06	3.774025e-09	1.638248e-09	1.964323e+01	1.965826e+02
2.560000e-06	3.820260e-09	1.654197e-09	1.988387e+01	1.989380e+02
2.570000e-06	3.866274e-09	1.672585e-09	2.012337e+01	2.012790e+02
2.580000e-06	3.912017e-09	1.695622e-09	2.036146e+01	2.036055e+02
2.590000e-06	3.957461e-09	1.718433e-09	2.059798e+01	2.059173e+02
2.600000e-06	4.002625e-09	1.737188e-09	2.083305e+01	2.082143e+02
2.610000e-06	4.047540e-09	1.752484e-09	2.106683e+01	2.104963e+02
2.620000e-06	4.092248e-09	1.768851e-09	2.129953e+01	2.127631e+02
2.630000e-06	4.136796e-09	1.788166e-09	2.153140e+01	2.150145e+02
2.640000e-06	4.181195e-09	1.807793e-09	2.176248e+01	2.172505e+02
2.650000e-06	4.225393e-09	1.825680e-09	2.199253e+01	2.194708e+02
2.660000e-06	4.269312e-09	1.842281e-09	2.222112e+01	2.216752e+02
2.670000e-06	4.312851e-09	1.858735e-09	2.244774e+01	2.238637e+02
2.680000e-06	4.355913e-09	1.876163e-09	2.267186e+01	2.260360e+02
2.690000e-06	4.398439e-09	1.894585e-09	2.289321e+01	2.281920e+02
2.700000e-06	4.440415e-09	1.913576e-09	2.311169e+01	2.303316e+02
2.710000e-06	4.481896e-09	1.932486e-09	2.332759e+01	2.324546e+02
2.720000e-06	4.522993e-09	1.952150e-09	2.354149e+01	2.345608e+02
2.730000e-06	4.563811e-09	1.972518e-09	2.375395e+01	2.366501e+02
2.740000e-06	4.604416e-09	1.991046e-09	2.396529e+01	2.387223e+02
2.750000e-06	4.644828e-09	2.007288e-09	2.417562e+01	2.407773e+02
2.760000e-06	4.685018e-09	2.023644e-09	2.438481e+01	2.428149e+02
2.770000e-06	4.724928e-09	2.042958e-09	2.459253e+01	2.448351e+02
2.780000e-06	4.764490e-09	2.064317e-09	2.479844e+01	2.468375e+02
2.790000e-06	4.803673e-09	2.083463e-09	2.500239e+01	2.488222e+02
2.800000e-06	4.842513e-09	2.099149e-09	2.520455e+01	2.507889e+02
2.810000e-06	4.881043e-09	2.114352e-09	2.540509e+01	2.527376e+02
2.820000e-06	4.919247e-09	2.132201e-09	2.560393e+01	2.546680e+02
2.830000e-06	4.957107e-09	2.151636e-09	2.580099e+01	2.565800e+02
2.840000e-06	4.994621e-09	2.170752e-09	2.599624e+01	2.584736e+02
2.850000e-06	5.031795e-09	2.189430e-09	2.618973e+01	2.603485e+02
2.860000e-06	5.068671e-09	2.207252e-09	2.638166e+01	2.622046e+02
2.870000e-06	5.105317e-09	2.223525e-09	2.657240e+01	2.640418e+02
2.880000e-06	5.141755e-09	2.238120e-09	2.676206e+01	2.658600e+02
2.890000e-06	5.177941e-09	2.251897e-09	2.695039e+01	2.676590e+02
2.900000e-06	5.213768e-09	2.266250e-09	2.713687e+01	2.694387e+02
2.910000e-06	5.249105e-09	2.282658e-09	2.732079e+01	2.711990e+02
2.920000e-06	5.283843e-09	2.301360e-09	2.750160e+01	2.729397e+02
2.930000e-06	5.317946e-09	2.320639e-09	2.767910e+01	2.746607e+02
2.940000e-06	5.351457e-09	2.336670e-09	2.785352e+01	2.763619e+02
2.950000e-06	5.384506e-09	2.348573e-09	2.802553e+01	2.780432e+02
2.960000e-06	5.417245e-09	2.357957e-09	2.819594e+01	2.797044e+02
2.970000e-06	5.449746e-09	2.368620e-09	2.836510e+01	2.813455e+02
2.980000e-06	5.482022e-09	2.383393e-09	2.853309e+01	2.829662e+02
2.990000e-06	5.514014e-09	2.399980e-09	2.869960e+01	2.845666e+02
3.000000e-06	5.545613e-09	2.415120e-09	2.886407e+01	2.861464e+02
3.010000e-06	5.576777e-09	2.428086e-09	2.902628e+01	2.877056e+02
3.020000e-06	5.607523e-09	2.439505e-09	2.918631e+01	2.892440e+02
3.030000e-06	5.637890e-09	2.450582e-09	2.934436e+01	2.907616e+02
3.040000e-06	5.667897e-09	2.461556e-09	2.950054e+01	2.922582e+02
3.050000e-06	5.697521e-09	2.472479e-09	2.965473e+01	2.937338e+02
3.060000e-06	5.726743e-09	2.485713e-09	2.980683e+01	2.951881e+02
3.070000e-06	5.755626e-09	2.501105e-09	2.995716e+01	2.966212e+02
3.080000e-06	5.784248e-09	2.515104e-09	3.010613e+01	2.980328e+02
3.090000e-06	5.812630e-09	2.526222e-09	3.025386e+01	2.994230e+02
3.100000e-06	5.840737e-09	2.535168e-09	3.040015e+01	3.007915e+02
3.110000e-06	5.868415e-09	2.544349e-09	3.054421e+01	3.021384e+02
3.120000e-06	5.895481e-09	2.556304e-09	3.068508e+01	3.034635e+02
3.130000e-06	5.921819e-09	2.569723e-09	3.082216e+01	3.047667e+02
3.140000e-06	5.947470e-09	2.581209e-09	3.095567e+01	3.060479e+02
3.150000e-06	5.972586e-09	2.590367e-09	3.108640e+01	3.073070e+02
3.160000e-06	5.997296e-09	2.598729e-09	3.121501e+01	3.085440e+02
3.170000e-06	6.021670e-09	2.607123e-09	3.134187e+01	3.097587e+02
3.180000e-06	6.045697e-09	2.615478e-09	3.146693e+01	3.109511e+02
3.190000e-06	6.069313e-09	2.624024e-09	3.158985e+01	3.121211e+02
3.200000e-06	6.092473e-09	2.634062e-09	3.171039e+01	3.132685e+02
3.210000e-06	6.115205e-09	2.645536e-09	3.182871e+01	3.143933e+02
3.220000e-06	6.137559e-09	2.657504e-09	3.194506e+01	3.154955e+02
3.230000e-06	6.159512e-09	2.667558e-09	3.205932e+01	3.165749e+02
3.240000e-06	6.181019e-09	2.674730e-09	3.217126e+01	3.176315e+02
3.250000e-06	6.202101e-09	2.681060e-09	3.228099e+01	3.186651e+02
3.260000e-06	6.222856e-09	2.689120e-09	3.238902e+01	3.196758e+02
3.270000e-06	6.243370e-09	2.698439e-09	3.249579e+01	3.206634e+02
3.280000e-06	6.263603e-09	2.706949e-09	3.260110e+01	3.216279e+02
3.290000e-06	6.283443e-09	2.713625e-09	3.270437e+01	3.225692e+02
3.300000e-06	6.302803e-09	2.720319e-09	3.280513e+01	3.234873e+02
3.310000e-06	6.321635e-09	2.729159e-09	3.290314e+01	3.243819e+02
3.320000e-06	6.339974e-09	2.739259e-09	3.299860e+01	3.252532e+02
3.330000e-06	6.357908e-09	2.748294e-09	3.309194e+01	3.261011e+02
3.340000e-06	6.375492e-09	2.755087e-09	3.318347e+01	3.269254e+02
3.350000e-06	6.392706e-09	2.760964e-09	3.327306e+01	3.277261e+02
3.360000e-06	6.409412e-09	2.767156e-09	3.336001e+01	3.285032e+02
3.370000e-06	6.425480e-09	2.773508e-09	3.344364e+01	3.292566e+02
3.380000e-06	6.440953e-09	2.779715e-09	3.352418e+01	3.299863e+02
3.390000e-06	6.455913e-09	2.786525e-09	3.360204e+01	3.306921e+02
3.400000e-06	6.470385e-09	2.794754e-09	3.367737e+01	3.313741e+02
3.410000e-06	6.484382e-09	2.803240e-09	3.375022e+01	3.320322e+02
3.420000e-06	6.497892e-09	2.809883e-09	3.382054e+01	3.326663e+02
3.430000e-06	6.510932e-09	2.814617e-09	3.388841e+01	3.332765e+02
3.440000e-06	6.523534e-09	2.819277e-09	3.395400e+01	3.338626e+02
3.450000e-06	6.535685e-09	2.825439e-09	3.401724e+01	3.344246e+02
3.460000e-06	6.547268e-09	2.831568e-09	3.407753e+01	3.349625e+02
3.470000e-06	6.558146e-09	2.836280e-09	3.413415e+01	3.354763e+02
3.480000e-06	6.568280e-09	2.840190e-09	3.418690e+01	3.359658e+02
3.490000e-06	6.577744e-09	2.844555e-09	3.423615e+01	3.364311e+02
3.500000e-06	6.586695e-09	2.849340e-09	3.428274e+01	3.368722e+02
3.510000e-06	6.595309e-09	2.853926e-09	3.432758e+01	3.372889e+02
3.520000e-06	6.603623e-09	2.857900e-09	3.437085e+01	3.376813e+02
3.530000e-06	6.611535e-09	2.861647e-09	3.441203e+01	3.380494e+02
3.540000e-06	6.618978e-09	2.865623e-09	3.445077e+01	3.383931e+02
3.550000e-06	6.625957e-09	2.869235e-09	3.448710e+01	3.387123e+02
3.560000e-06	6.632471e-09	2.871431e-09	3.452100e+01	3.390072e+02
3.570000e-06	6.638525e-09	2.872495e-09	3.455251e+01	3.392776e+02
3.580000e-06	6.644113e-09	2.874339e-09	3.458159e+01	3.395235e+02
3.590000e-06	6.649245e-09	2.878062e-09	3.460830e+01	3.397449e+02
3.600000e-06	6.654010e-09	2.881538e-09	3.463311e+01	3.399418e+02
3.610000e-06	6.658489e-09	2.882670e-09	3.465642e+01	3.401142e+02
3.620000e-06	6.662614e-09	2.881724e-09	3.467789e+01	3.402621e+02
3.630000e-06	6.666248e-09	2.880579e-09	3.469680e+01	3.403854e+02
3.640000e-06	6.669261e-09	2.880371e-09	3.471248e+01	3.404841e+02
3.650000e-06	6.671544e-09	2.880199e-09	3.472437e+01	3.405583e+02
3.660000e-06	6.673124e-09	2.879802e-09	3.473259e+01	3.406080e+02
3.670000e-06	6.674167e-09	2.878951e-09	3.473802e+01	3.406331e+02
3.680000e-06	6.674838e-09	2.879685e-09	3.474151e+01	3.406336e+02
3.690000e-06	6.675200e-09	2.883079e-09	3.474340e+01	3.406095e+02
3.700000e-06	6.675191e-09	2.886601e-09	3.474335e+01	3.405609e+02
3.710000e-06	6.674721e-09	2.888685e-09	3.474091e+01	3.404876e+02
3.720000e-06	6.673790e-09	2.889148e-09	3.473605e+01	3.403899e+02
3.730000e-06	6.672429e-09	2.888049e-09	3.472897e+01	3.402676e+02
3.740000e-06	6.670635e-09	2.885760e-09	3.471964e+01	3.401207e+02
3.750000e-06	6.668390e-09	2.883644e-09	3.470795e+01	3.399493e+02
3.760000e-06	6.665710e-09	2.884902e-09	3.469400e+01	3.397534e+02
3.770000e-06	6.662631e-09	2.880393e-09	3.467797e+01	3.395330e+02
3.780000e-06	6.659063e-09	2.862653e-09	3.465940e+01	3.392881e+02
3.790000e-06	6.654755e-09	2.861972e-09	3.463698e+01	3.390187e+02
3.800000e-06	6.649645e-09	2.885795e-09	3.461039e+01	3.387248e+02
3.810000e-06	6.644082e-09	2.895133e-09	3.458143e+01	3.384066e+02
3.820000e-06	6.638367e-09	2.878784e-09	3.455168e+01	3.380639e+02
3.830000e-06	6.632303e-09	2.864462e-09	3.452012e+01	3.376968e+02
3.840000e-06	6.625601e-09	2.872347e-09	3.448524e+01	3.373054e+02
3.850000e-06	6.618364e-09	2.865653e-09	3.444757e+01	3.368896e+02
3.860000e-06	6.610814e-09	2.841094e-09	3.440828e+01	3.364496e+02
3.870000e-06	6.602899e-09	2.842946e-09	3.436708e+01	3.359853e+02
3.880000e-06	6.594413e-09	2.865502e-09	3.432291e+01	3.354967e+02
3.890000e-06	6.585387e-09	2.862672e-09	3.427593e+01	3.349839e+02
3.900000e-06	6.576033e-09	2.835177e-09	3.422725e+01	3.344470e+02
3.910000e-06	6.566313e-09	2.839879e-09	3.417666e+01	3.338860e+02
3.920000e-06	6.556036e-09	2.854999e-09	3.412316e+01	3.333008e+02
3.930000e-06	6.545208e-09	2.833757e-09	3.406681e+01	3.326917e+02
3.940000e-06	6.533933e-09	2.801511e-09	3.400812e+01	3.320585e+02
3.950000e-06	6.522121e-09	2.819317e-09	3.394664e+01	3.314014e+02
3.960000e-06	6.509629e-09	2.842340e-09	3.388162e+01	3.307204e+02
3.970000e-06	6.496504e-09	2.821633e-09	3.381331e+01	3.300155e+02
3.980000e-06	6.482810e-09	2.789765e-09	3.374204e+01	3.292868e+02
3.990000e-06	6.468467e-09	2.794301e-09	3.366738e+01	3.285344e+02
4.000000e-06	6.453516e-09	2.797508e-09	3.358956e+01	3.277582e+02
4.010000e-06	6.438155e-09	2.780879e-09	3.350961e+01	3.269585e+02
4.020000e-06	6.422438e-09	2.780086e-09	3.342781e+01	3.261351e+02
4.030000e-06	6.406279e-09	2.791206e-09	3.334370e+01	3.252882e+02
4.040000e-06	6.389686e-09	2.778163e-09	3.325734e+01	3.244179e+02
4.050000e-06	6.372725e-09	2.757897e-09	3.316906e+01	3.235241e+02
4.060000e-06	6.355341e-09	2.761848e-09	3.307858e+01	3.226071e+02
4.070000e-06	6.337497e-09	2.755698e-09	3.298570e+01	3.216667e+02
4.080000e-06	6.319232e-09	2.732378e-09	3.289064e+01	3.207032e+02
4.090000e-06	6.300555e-09	2.728604e-09	3.279342e+01	3.197165e+02
4.100000e-06	6.281480e-09	2.742058e-09	3.269414e+01	3.187067e+02
4.110000e-06	6.262103e-09	2.732085e-09	3.259329e+01	3.176740e+02
4.120000e-06	6.242433e-09	2.712508e-09	3.249091e+01	3.166184e+02
4.130000e-06	6.222338e-09	2.702958e-09	3.238631e+01	3.155399e+02
4.140000e-06	6.201681e-09	2.694113e-09	3.227880e+01	3.144386e+02
4.150000e-06	6.180374e-09	2.681312e-09	3.216790e+01	3.133147e+02
4.160000e-06	6.158386e-09	2.680085e-09	3.205345e+01	3.121682e+02
4.170000e-06	6.135756e-09	2.674323e-09	3.193567e+01	3.109992e+02
4.180000e-06	6.112655e-09	2.660786e-09	3.181543e+01	3.098077e+02
4.190000e-06	6.089247e-09	2.649022e-09	3.169360e+01	3.085939e+02
4.200000e-06	6.065550e-09	2.641620e-09	3.157026e+01	3.073578e+02
4.210000e-06	6.041505e-09	2.629278e-09	3.144511e+01	3.060996e+02
4.220000e-06	6.017031e-09	2.618634e-09	3.131772e+01	3.048193e+02
4.230000e-06	5.992105e-09	2.607772e-09	3.118799e+01	3.035169e+02
4.240000e-06	5.966740e-09	2.597268e-09	3.105597e+01	3.021928e+02
4.250000e-06	5.940937e-09	2.588975e-09	3.092167e+01	3.008468e+02
4.260000e-06	5.914697e-09	2.578160e-09	3.078509e+01	2.994791e+02
4.270000e-06	5.888028e-09	2.560666e-09	3.064629e+01	2.980898e+02
4.280000e-06	5.861006e-09	2.546956e-09	3.050564e+01	2.966790e+02
4.290000e-06	5.833715e-09	2.534673e-09	3.036359e+01	2.952468e+02
4.300000e-06	5.806183e-09	2.520669e-09	3.022029e+01	2.937933e+02
4.310000e-06	5.778343e-09	2.512128e-09	3.007539e+01	2.923186e+02
4.320000e-06	5.750055e-09	2.502948e-09	2.992815e+01	2.908229e+02
4.330000e-06	5.721179e-09	2.484954e-09	2.977786e+01	2.893061e+02
4.340000e-06	5.691632e-09	2.470701e-09	2.962407e+01	2.877685e+02
4.350000e-06	5.661425e-09	2.463434e-09	2.946685e+01	2.862102e+02
4.360000e-06	5.630670e-09	2.449903e-09	2.930677e+01	2.846312e+02
4.370000e-06	5.599529e-09	2.434679e-09	2.914469e+01	2.830317e+02
4.380000e-06	5.568105e-09	2.424711e-09	2.898113e+01	2.814117e+02
4.390000e-06	5.536412e-09	2.413458e-09	2.881617e+01	2.797715e+02
4.400000e-06	5.504396e-09	2.399383e-09	2.864954e+01	2.781111e+02
4.410000e-06	5.471993e-09	2.386290e-09	2.848088e+01	2.764306e+02
4.420000e-06	5.439207e-09	2.369951e-09	2.831024e+01	2.747302e+02
4.430000e-06	5.406089e-09	2.353878e-09	2.813786e+01	2.730099e+02
4.440000e-06	5.372663e-09	2.341457e-09	2.796388e+01	2.712700e+02
4.450000e-06	5.338880e-09	2.329199e-09	2.778805e+01	2.695105e+02
4.460000e-06	5.304684e-09	2.314438e-09	2.761006e+01	2.677316e+02
4.470000e-06	5.270092e-09	2.301629e-09	2.743002e+01	2.659334e+02
4.480000e-06	5.235157e-09	2.287827e-09	2.724819e+01	2.641160e+02
4.490000e-06	5.199948e-09	2.271966e-09	2.706493e+01	2.622795e+02
4.500000e-06	5.164521e-09	2.254372e-09	2.688054e+01	2.604242e+02
4.510000e-06	5.128854e-09	2.236947e-09	2.669490e+01	2.585500e+02
4.520000e-06	5.092837e-09	2.221644e-09	2.650743e+01	2.566572e+02
4.530000e-06	5.056352e-09	2.210796e-09	2.631753e+01	2.547459e+02
4.540000e-06	5.019308e-09	2.198885e-09	2.612472e+01	2.528162e+02
4.550000e-06	4.981652e-09	2.183664e-09	2.592873e+01	2.508683e+02
4.560000e-06	4.943431e-09	2.166171e-09	2.572980e+01	2.489023e+02
4.570000e-06	4.904753e-09	2.148844e-09	2.552849e+01	2.469184e+02
4.580000e-06	4.865739e-09	2.132608e-09	2.532542e+01	2.449166e+02
4.590000e-06	4.826473e-09	2.116697e-09	2.512105e+01	2.428972e+02
4.600000e-06	4.786989e-09	2.099969e-09	2.491554e+01	2.408602e+02
4.610000e-06	4.747255e-09	2.084276e-09	2.470873e+01	2.388059e+02
4.620000e-06	4.707223e-09	2.069529e-09	2.450037e+01	2.367344e+02
4.630000e-06	4.666845e-09	2.053508e-09	2.429021e+01	2.346458e+02
4.640000e-06	4.626121e-09	2.034794e-09	2.407825e+01	2.325402e+02
4.650000e-06	4.585091e-09	2.014180e-09	2.386469e+01	2.304179e+02
4.660000e-06	4.543774e-09	1.995176e-09	2.364965e+01	2.282790e+02
4.670000e-06	4.502176e-09	1.978622e-09	2.343313e+01	2.261236e+02
4.680000e-06	4.460269e-09	1.962175e-09	2.321501e+01	2.239520e+02
4.690000e-06	4.418022e-09	1.944240e-09	2.299513e+01	2.217641e+02
4.700000e-06	4.375445e-09	1.927092e-09	2.277351e+01	2.195603e+02
4.710000e-06	4.332583e-09	1.911372e-09	2.255043e+01	2.173407e+02
4.720000e-06	4.289494e-09	1.894435e-09	2.232615e+01	2.151053e+02
4.730000e-06	4.246216e-09	1.876107e-09	2.210090e+01	2.128545e+02
4.740000e-06	4.202774e-09	1.858160e-09	2.187479e+01	2.105883e+02
4.750000e-06	4.159143e-09	1.841367e-09	2.164770e+01	2.083069e+02
4.760000e-06	4.115262e-09	1.825123e-09	2.141930e+01	2.060105e+02
4.770000e-06	4.071076e-09	1.806880e-09	2.118932e+01	2.036993e+02
4.780000e-06	4.026570e-09	1.786281e-09	2.095767e+01	2.013733e+02
4.790000e-06	3.981722e-09	1.763597e-09	2.072425e+01	1.990329e+02
4.800000e-06	3.936522e-09	1.742902e-09	2.048899e+01	1.966781e+02
4.810000e-06	3.891027e-09	1.725459e-09	2.025220e+01	1.943091e+02
4.820000e-06	3.845288e-09	1.709414e-09	2.001413e+01	1.919261e+02
4.830000e-06	3.799332e-09	1.692351e-09	1.977494e+01	1.895292e+02
4.840000e-06	3.753182e-09	1.674504e-09	1.953473e+01	1.871187e+02
4.850000e-06	3.706848e-09	1.656832e-09	1.929357e+01	1.846947e+02
4.860000e-06	3.660310e-09	1.638505e-09	1.905135e+01	1.822574e+02
4.870000e-06	3.613533e-09	1.617328e-09	1.880788e+01	1.798070e+02
4.880000e-06	3.566463e-09	1.595679e-09	1.856289e+01	1.773435e+02
4.890000e-06	3.519056e-09	1.576449e-09	1.831614e+01	1.748673e+02
4.900000e-06	3.471269e-09	1.559324e-09	1.806742e+01	1.723785e+02
4.910000e-06	3.423119e-09	1.540511e-09	1.781681e+01	1.698773e+02
4.920000e-06	3.374661e-09	1.518646e-09	1.756459e+01	1.673638e+02
4.930000e-06	3.325906e-09	1.496702e-09	1.731082e+01	1.648383e+02
4.940000e-06	3.276889e-09	1.477416e-09	1.705570e+01	1.623008e+02
4.950000e-06	3.227635e-09	1.459407e-09	1.679934e+01	1.597517e+02
4.960000e-06	3.178163e-09	1.439902e-09	1.654185e+01	1.571910e+02
4.970000e-06	3.128470e-09	1.417768e-09	1.628320e+01	1.546190e+02
4.980000e-06	3.078548e-09	1.394693e-09	1.602337e+01	1.520359e+02
4.990000e-06	3.028396e-09	1.371922e-09	1.576233e+01	1.494418e+02
5.000000e-06	2.978008e-09	1.349269e-09	1.550007e+01	1.468370e+02
5.010000e-06	2.927398e-09	1.327050e-09	1.523665e+01	1.442215e+02
5.020000e-06	2.876562e-09	1.304601e-09	1.497206e+01	1.415957e+02
5.030000e-06	2.825502e-09	1.283160e-09	1.470630e+01	1.389596e+02
5.040000e-06	2.774239e-09	1.261822e-09	1.443948e+01	1.363136e+02
5.050000e-06	2.722779e-09	1.240256e-09	1.417164e+01	1.336577e+02
5.060000e-06	2.671120e-09	1.217899e-09	1.390277e+01	1.309922e+02
5.070000e-06	2.619274e-09	1.194418e-09	1.363292e+01	1.283172e+02
5.080000e-06	2.567223e-09	1.170651e-09	1.336200e+01	1.256330e+02
5.090000e-06	2.514930e-09	1.146897e-09	1.308982e+01	1.229397e+02
5.100000e-06	2.462373e-09	1.123701e-09	1.281627e+01	1.202376e+02
5.110000e-06	2.409521e-09	1.101111e-09	1.254118e+01	1.175268e+02
5.120000e-06	2.356371e-09	1.079266e-09	1.226455e+01	1.148075e+02
5.130000e-06	2.302939e-09	1.057713e-09	1.198644e+01	1.120800e+02
5.140000e-06	2.249230e-09	1.034748e-09	1.170689e+01	1.093444e+02
5.150000e-06	2.195247e-09	1.011730e-09	1.142592e+01	1.066009e+02
5.160000e-06	2.141002e-09	9.898941e-10	1.114359e+01	1.038498e+02
5.170000e-06	2.086509e-09	9.682685e-10	1.085996e+01	1.010911e+02
5.180000e-06	2.031809e-09	9.468999e-10	1.057525e+01	9.832518e+01
5.190000e-06	1.976947e-09	9.241233e-10	1.028970e+01	9.555217e+01
5.200000e-06	1.921949e-09	8.988185e-10	1.000345e+01	9.277227e+01
5.210000e-06	1.866841e-09	8.719111e-10	9.716621e+00	8.998569e+01
5.220000e-06	1.811644e-09	8.448648e-10	9.429327e+00	8.719263e+01
5.230000e-06	1.756369e-09	8.192903e-10	9.141629e+00	8.439329e+01
5.240000e-06	1.701023e-09	7.957740e-10	8.853562e+00	8.158787e+01
5.250000e-06	1.645609e-09	7.741830e-10	8.565139e+00	7.877657e+01
5.260000e-06	1.590133e-09	7.527706e-10	8.276398e+00	7.595960e+01
5.270000e-06	1.534599e-09	7.286420e-10	7.987349e+00	7.313717e+01
5.280000e-06	1.478996e-09	7.006119e-10	7.697945e+00	7.030947e+01
5.290000e-06	1.423318e-09	6.696172e-10	7.408150e+00	6.747670e+01
5.300000e-06	1.367569e-09	6.398539e-10	7.117982e+00	6.463908e+01
5.310000e-06	1.311754e-09	6.151457e-10	6.827472e+00	6.179681e+01
5.320000e-06	1.255867e-09	5.923730e-10	6.536591e+00	5.895009e+01
5.330000e-06	1.199880e-09	5.671595e-10	6.245188e+00	5.609913e+01
5.340000e-06	1.143808e-09	5.405607e-10	5.953341e+00	5.324413e+01
5.350000e-06	1.087669e-09	5.149367e-10	5.661146e+00	5.038530e+01
5.360000e-06	1.031446e-09	4.907267e-10	5.368512e+00	4.752285e+01
5.370000e-06	9.751449e-10	4.665611e-10	5.075475e+00	4.465698e+01
5.380000e-06	9.187879e-10	4.399150e-10	4.782146e+00	4.178791e+01
5.390000e-06	8.623740e-10	4.117499e-10	4.488520e+00	3.891583e+01
5.400000e-06	8.059063e-10	3.843267e-10	4.194614e+00	3.604095e+01
5.410000e-06	7.493912e-10	3.574440e-10	3.900462e+00	3.316348e+01
5.420000e-06	6.928178e-10	3.296516e-10	3.606006e+00	3.028364e+01
5.430000e-06	6.361679e-10	3.014305e-10	3.311152e+00	2.740162e+01
5.440000e-06	5.794509e-10	2.753977e-10	3.015949e+00	2.451764e+01
5.450000e-06	5.227013e-10	2.520215e-10	2.720576e+00	2.163190e+01
5.460000e-06	4.659082e-10	2.288447e-10	2.424976e+00	1.874461e+01
5.470000e-06	4.090632e-10	2.032443e-10	2.129107e+00	1.585598e+01
5.480000e-06	3.521874e-10	1.744850e-10	1.833077e+00	1.296622e+01
5.490000e-06	2.953001e-10	1.451256e-10	1.536987e+00	1.007553e+01
5.500000e-06	2.383868e-10	1.177872e-10	1.240762e+00	7.184137e+00
5.510000e-06	1.814662e-10	9.128873e-11	9.444995e-01	4.292234e+00
5.520000e-06	1.245786e-10	6.338201e-11	6.484079e-01	1.400033e+00
5.530000e-06	6.769338e-11	3.444910e-11	3.523292e-01	-1.492256e+00
5.540000e-06	1.079062e-11	7.417180e-12	5.615898e-02	-4.384424e+00
5.550000e-06	-4.611203e-11	-1.644756e-11	-2.400106e-01	-7.276264e+00
5.560000e-06	-1.030243e-10	-4.092238e-11	-5.362303e-01	-1.016757e+01
5.570000e-06	-1.599428e-10	-7.009530e-11	-8.324824e-01	-1.305812e+01
5.580000e-06	-2.168418e-10	-1.019110e-10	-1.128633e+00	-1.594772e+01
5.590000e-06	-2.737299e-10	-1.303870e-10	-1.424726e+00	-1.883616e+01
5.600000e-06	-3.305859e-10	-1.539337e-10	-1.720653e+00	-2.172322e+01
5.610000e-06	-3.874080e-10	-1.771888e-10	-2.016403e+00	-2.460870e+01
5.620000e-06	-4.442153e-10	-2.037510e-10	-2.312077e+00	-2.749240e+01
5.630000e-06	-5.009833e-10	-2.320092e-10	-2.607545e+00	-3.037410e+01
5.640000e-06	-5.577036e-10	-2.577441e-10	-2.902765e+00	-3.325359e+01
5.650000e-06	-6.143664e-10	-2.812411e-10	-3.197687e+00	-3.613067e+01
5.660000e-06	-6.709521e-10	-3.071044e-10	-3.492206e+00	-3.900513e+01
5.670000e-06	-7.274716e-10	-3.370646e-10	-3.786381e+00	-4.187676e+01
5.680000e-06	-7.839536e-10	-3.686865e-10	-4.080361e+00	-4.474536e+01
5.690000e-06	-8.403706e-10	-3.974484e-10	-4.374003e+00	-4.761072e+01
5.700000e-06	-8.967017e-10	-4.237151e-10	-4.667198e+00	-5.047263e+01
5.710000e-06	-9.529742e-10	-4.498524e-10	-4.960088e+00	-5.333088e+01
5.720000e-06	-1.009182e-09	-4.766765e-10	-5.252639e+00	-5.618527e+01
5.730000e-06	-1.065306e-09	-5.019431e-10	-5.544755e+00	-5.903559e+01
5.740000e-06	-1.121346e-09	-5.244281e-10	-5.836437e+00	-6.188164e+01
5.750000e-06	-1.177306e-09	-5.474119e-10	-6.127700e+00	-6.472321e+01
5.760000e-06	-1.233190e-09	-5.745586e-10	-6.418567e+00	-6.756010e+01
5.770000e-06	-1.288986e-09	-6.047053e-10	-6.708975e+00	-7.039210e+01
5.780000e-06	-1.344698e-09	-6.326396e-10	-6.998948e+00	-7.321900e+01
5.790000e-06	-1.400339e-09	-6.570987e-10	-7.288554e+00	-7.604061e+01
5.800000e-06	-1.455900e-09	-6.803206e-10	-7.577737e+00	-7.885672e+01
5.810000e-06	-1.511383e-09	-7.055657e-10	-7.866519e+00	-8.166712e+01
5.820000e-06	-1.566817e-09	-7.323270e-10	-8.155049e+00	-8.447162e+01
5.830000e-06	-1.622212e-09	-7.576978e-10	-8.443371e+00	-8.727001e+01
5.840000e-06	-1.677557e-09	-7.804408e-10	-8.731429e+00	-9.006209e+01
5.850000e-06	-1.732853e-09	-8.028038e-10	-9.019241e+00	-9.284766e+01
5.860000e-06	-1.788085e-09	-8.276680e-10	-9.306716e+00	-9.562651e+01
5.870000e-06	-1.843241e-09	-8.557151e-10	-9.593792e+00	-9.839845e+01
5.880000e-06	-1.898300e-09	-8.845052e-10	-9.880364e+00	-1.011633e+02
5.890000e-06	-1.953214e-09	-9.109147e-10	-1.016619e+01	-1.039208e+02
5.900000e-06	-2.007974e-09	-9.354192e-10	-1.045120e+01	-1.066708e+02
5.910000e-06	-2.062556e-09	-9.601519e-10	-1.073529e+01	-1.094131e+02
5.920000e-06	-2.116918e-09	-9.844143e-10	-1.101824e+01	-1.121474e+02
5.930000e-06	-2.171040e-09	-1.007159e-09	-1.129994e+01	-1.148737e+02
5.940000e-06	-2.224905e-09	-1.029252e-09	-1.158029e+01	-1.175917e+02
5.950000e-06	-2.278493e-09	-1.053695e-09	-1.185921e+01	-1.203012e+02
5.960000e-06	-2.331787e-09	-1.081970e-09	-1.213660e+01	-1.230019e+02
5.970000e-06	-2.384790e-09	-1.110684e-09	-1.241247e+01	-1.256938e+02
5.980000e-06	-2.437498e-09	-1.135344e-09	-1.268681e+01	-1.283766e+02
5.990000e-06	-2.489936e-09	-1.156219e-09	-1.295974e+01	-1.310501e+02
6.000000e-06	-2.542136e-09	-1.177848e-09	-1.323143e+01	-1.337142e+02
6.010000e-06	-2.594102e-09	-1.202869e-09	-1.350190e+01	-1.363686e+02
6.020000e-06	-2.645855e-09	-1.228880e-09	-1.377127e+01	-1.390131e+02
6.030000e-06	-2.697430e-09	-1.252820e-09	-1.403971e+01	-1.416476e+02
6.040000e-06	-2.748837e-09	-1.275092e-09	-1.430728e+01	-1.442719e+02
6.050000e-06	-2.800059e-09	-1.297029e-09	-1.457388e+01	-1.468857e+02
6.060000e-06	-2.851084e-09	-1.319253e-09	-1.483946e+01	-1.494889e+02
6.070000e-06	-2.901902e-09	-1.342659e-09	-1.510396e+01	-1.520813e+02
6.080000e-06	-2.952499e-09	-1.367085e-09	-1.536731e+01	-1.546628e+02
6.090000e-06	-3.002856e-09	-1.391600e-09	-1.562941e+01	-1.572330e+02
6.100000e-06	-3.052978e-09	-1.416423e-09	-1.589028e+01	-1.597919e+02
6.110000e-06	-3.102867e-09	-1.441203e-09	-1.614995e+01	-1.623393e+02
6.120000e-06	-3.152500e-09	-1.464900e-09	-1.640828e+01	-1.648749e+02
6.130000e-06	-3.201888e-09	-1.486154e-09	-1.666534e+01	-1.673986e+02
6.140000e-06	-3.251041e-09	-1.506211e-09	-1.692117e+01	-1.699102e+02
6.150000e-06	-3.299914e-09	-1.528014e-09	-1.717555e+01	-1.724095e+02
6.160000e-06	-3.348454e-09	-1.553160e-09	-1.742819e+01	-1.748964e+02
6.170000e-06	-3.396631e-09	-1.578879e-09	-1.767895e+01	-1.773707e+02
6.180000e-06	-3.444412e-09	-1.602233e-09	-1.792764e+01	-1.798321e+02
6.190000e-06	-3.491793e-09	-1.623915e-09	-1.817425e+01	-1.822806e+02
6.200000e-06	-3.538806e-09	-1.645412e-09	-1.841894e+01	-1.847158e+02
6.210000e-06	-3.585483e-09	-1.667439e-09	-1.866189e+01	-1.871378e+02
6.220000e-06	-3.631893e-09	-1.689777e-09	-1.890345e+01	-1.895462e+02
6.230000e-06	-3.678089e-09	-1.711435e-09	-1.914389e+01	-1.919409e+02
6.240000e-06	-3.724088e-09	-1.733454e-09	-1.938331e+01	-1.943218e+02
6.250000e-06	-3.769924e-09	-1.755416e-09	-1.962188e+01	-1.966886e+02
6.260000e-06	-3.815600e-09	-1.776059e-09	-1.985961e+01	-1.990412e+02
6.270000e-06	-3.861099e-09	-1.795741e-09	-2.009643e+01	-2.013795e+02
6.280000e-06	-3.906389e-09	-1.814664e-09	-2.033216e+01	-2.037031e+02
6.290000e-06	-3.951419e-09	-1.834125e-09	-2.056653e+01	-2.060121e+02
6.300000e-06	-3.996155e-09	-1.854254e-09	-2.079938e+01	-2.083062e+02
6.310000e-06	-4.040580e-09	-1.874763e-09	-2.103060e+01	-2.105853e+02
6.320000e-06	-4.084678e-09	-1.895466e-09	-2.126012e+01	-2.128491e+02
6.330000e-06	-4.128480e-09	-1.915864e-09	-2.148811e+01	-2.150976e+02
6.340000e-06	-4.172072e-09	-1.935290e-09	-2.171500e+01	-2.173305e+02
6.350000e-06	-4.215502e-09	-1.953618e-09	-2.194104e+01	-2.195477e+02
6.360000e-06	-4.258767e-09	-1.972883e-09	-2.216623e+01	-2.217491e+02
6.370000e-06	-4.301847e-09	-1.993499e-09	-2.239045e+01	-2.239345e+02
6.380000e-06	-4.344680e-09	-2.014235e-09	-2.261340e+01	-2.261037e+02
6.390000e-06	-4.387226e-09	-2.033674e-09	-2.283484e+01	-2.282565e+02
6.400000e-06	-4.429463e-09	-2.050972e-09	-2.305468e+01	-2.303929e+02
6.410000e-06	-4.471376e-09	-2.067385e-09	-2.327283e+01	-2.325126e+02
6.420000e-06	-4.512990e-09	-2.084879e-09	-2.348942e+01	-2.346156e+02
6.430000e-06	-4.554328e-09	-2.104032e-09	-2.370458e+01	-2.367016e+02
6.440000e-06	-4.595372e-09	-2.123458e-09	-2.391821e+01	-2.387704e+02
6.450000e-06	-4.636091e-09	-2.142449e-09	-2.413015e+01	-2.408221e+02
6.460000e-06	-4.676446e-09	-2.161227e-09	-2.434018e+01	-2.428564e+02
6.470000e-06	-4.716447e-09	-2.179283e-09	-2.454839e+01	-2.448731e+02
6.480000e-06	-4.756161e-09	-2.195271e-09	-2.475509e+01	-2.468721e+02
6.490000e-06	-4.795637e-09	-2.210102e-09	-2.496056e+01	-2.488533e+02
6.500000e-06	-4.834909e-09	-2.226480e-09	-2.516496e+01	-2.508166e+02
6.510000e-06	-4.873955e-09	-2.245074e-09	-2.536819e+01	-2.527617e+02
6.520000e-06	-4.912712e-09	-2.263514e-09	-2.556992e+01	-2.546885e+02
6.530000e-06	-4.951082e-09	-2.279417e-09	-2.576962e+01	-2.565970e+02
6.540000e-06	-4.988944e-09	-2.292412e-09	-2.596669e+01	-2.584870e+02
6.550000e-06	-5.026224e-09	-2.305201e-09	-2.616073e+01	-2.603582e+02
6.560000e-06	-5.062925e-09	-2.320868e-09	-2.635175e+01	-2.622107e+02
6.570000e-06	-5.099108e-09	-2.338675e-09	-2.654007e+01	-2.640442e+02
6.580000e-06	-5.134896e-09	-2.355062e-09	-2.672635e+01	-2.658587e+02
6.590000e-06	-5.170410e-09	-2.369097e-09	-2.691119e+01	-2.676540e+02
6.600000e-06	-5.205699e-09	-2.382193e-09	-2.709487e+01	-2.694299e+02
6.610000e-06	-5.240736e-09	-2.397327e-09	-2.727723e+01	-2.711864e+02
6.620000e-06	-5.275442e-09	-2.414135e-09	-2.745787e+01	-2.729233e+02
6.630000e-06	-5.309754e-09	-2.428651e-09	-2.763646e+01	-2.746405e+02
6.640000e-06	-5.343656e-09	-2.439824e-09	-2.781291e+01	-2.763378e+02
6.650000e-06	-5.377197e-09	-2.450900e-09	-2.798749e+01	-2.780152e+02
6.660000e-06	-5.410397e-09	-2.464944e-09	-2.816029e+01	-2.796726e+02
6.670000e-06	-5.443211e-09	-2.480562e-09	-2.833108e+01	-2.813097e+02
6.680000e-06	-5.475617e-09	-2.494695e-09	-2.849975e+01	-2.829265e+02
6.690000e-06	-5.507651e-09	-2.507859e-09	-2.866648e+01	-2.845229e+02
6.700000e-06	-5.539359e-09	-2.522989e-09	-2.883152e+01	-2.860987e+02
6.710000e-06	-5.570798e-09	-2.539422e-09	-2.899515e+01	-2.876539e+02
6.720000e-06	-5.601973e-09	-2.553441e-09	-2.915741e+01	-2.891883e+02
6.730000e-06	-5.632777e-09	-2.562461e-09	-2.931774e+01	-2.907018e+02
6.740000e-06	-5.663078e-09	-2.568854e-09	-2.947546e+01	-2.921943e+02
6.750000e-06	-5.692765e-09	-2.577267e-09	-2.962997e+01	-2.936658e+02
6.760000e-06	-5.721791e-09	-2.589804e-09	-2.978105e+01	-2.951160e+02
6.770000e-06	-5.750207e-09	-2.604469e-09	-2.992895e+01	-2.965449e+02
6.780000e-06	-5.778135e-09	-2.617834e-09	-3.007431e+01	-2.979524e+02
6.790000e-06	-5.805732e-09	-2.629854e-09	-3.021795e+01	-2.993384e+02
6.800000e-06	-5.833088e-09	-2.642843e-09	-3.036033e+01	-3.007027e+02
6.810000e-06	-5.860176e-09	-2.655781e-09	-3.050132e+01	-3.020454e+02
6.820000e-06	-5.886899e-09	-2.666082e-09	-3.064041e+01	-3.033662e+02
6.830000e-06	-5.913202e-09	-2.672573e-09	-3.077731e+01	-3.046652e+02
6.840000e-06	-5.939073e-09	-2.678664e-09	-3.091197e+01	-3.059421e+02
6.850000e-06	-5.964519e-09	-2.689274e-09	-3.104441e+01	-3.071969e+02
6.860000e-06	-5.989541e-09	-2.703510e-09	-3.117464e+01	-3.084296e+02
6.870000e-06	-6.014116e-09	-2.717271e-09	-3.130256e+01	-3.096400e+02
6.880000e-06	-6.038253e-09	-2.729013e-09	-3.142819e+01	-3.108280e+02
6.890000e-06	-6.062019e-09	-2.738853e-09	-3.155188e+01	-3.119936e+02
6.900000e-06	-6.085495e-09	-2.749013e-09	-3.167407e+01	-3.131366e+02
6.910000e-06	-6.108713e-09	-2.759936e-09	-3.179492e+01	-3.142571e+02
6.920000e-06	-6.131586e-09	-2.769149e-09	-3.191397e+01	-3.153548e+02
6.930000e-06	-6.153943e-09	-2.776023e-09	-3.203033e+01	-3.164298e+02
6.940000e-06	-6.175672e-09	-2.782263e-09	-3.214343e+01	-3.174819e+02
6.950000e-06	-6.196720e-09	-2.790521e-09	-3.225298e+01	-3.185111e+02
6.960000e-06	-6.217117e-09	-2.800117e-09	-3.235914e+01	-3.195173e+02
6.970000e-06	-6.237002e-09	-2.808204e-09	-3.246264e+01	-3.205005e+02
6.980000e-06	-6.256536e-09	-2.814141e-09	-3.256431e+01	-3.214604e+02
6.990000e-06	-6.275789e-09	-2.821108e-09	-3.266452e+01	-3.223972e+02
7.000000e-06	-6.294720e-09	-2.830337e-09	-3.276306e+01	-3.233107e+02
7.010000e-06	-6.313234e-09	-2.838325e-09	-3.285942e+01	-3.242009e+02
7.020000e-06	-6.331289e-09	-2.842049e-09	-3.295339e+01	-3.250676e+02
7.030000e-06	-6.348914e-09	-2.844759e-09	-3.304513e+01	-3.259109e+02
7.040000e-06	-6.366144e-09	-2.850609e-09	-3.313481e+01	-3.267306e+02
7.050000e-06	-6.382964e-09	-2.858651e-09	-3.322235e+01	-3.275268e+02
7.060000e-06	-6.399325e-09	-2.864943e-09	-3.330751e+01	-3.282993e+02
7.070000e-06	-6.415253e-09	-2.868030e-09	-3.339041e+01	-3.290480e+02
7.080000e-06	-6.430839e-09	-2.869890e-09	-3.347154e+01	-3.297731e+02
7.090000e-06	-6.446129e-09	-2.874105e-09	-3.355112e+01	-3.304743e+02
7.100000e-06	-6.461035e-09	-2.882586e-09	-3.362870e+01	-3.311516e+02
7.110000e-06	-6.475334e-09	-2.890213e-09	-3.370312e+01	-3.318051e+02
7.120000e-06	-6.488850e-09	-2.893556e-09	-3.377347e+01	-3.324346e+02
7.130000e-06	-6.501593e-09	-2.895000e-09	-3.383980e+01	-3.330400e+02
7.140000e-06	-6.513714e-09	-2.897099e-09	-3.390289e+01	-3.336215e+02
7.150000e-06	-6.525352e-09	-2.900935e-09	-3.396346e+01	-3.341788e+02
7.160000e-06	-6.536569e-09	-2.904526e-09	-3.402185e+01	-3.347120e+02
7.170000e-06	-6.547347e-09	-2.905652e-09	-3.407794e+01	-3.352211e+02
7.180000e-06	-6.557626e-09	-2.906707e-09	-3.413144e+01	-3.357059e+02
7.190000e-06	-6.567427e-09	-2.910619e-09	-3.418246e+01	-3.361665e+02
7.200000e-06	-6.576821e-09	-2.917057e-09	-3.423135e+01	-3.366028e+02
7.210000e-06	-6.585803e-09	-2.920977e-09	-3.427810e+01	-3.370148e+02
7.220000e-06	-6.594314e-09	-2.920457e-09	-3.432240e+01	-3.374025e+02
7.230000e-06	-6.602348e-09	-2.919721e-09	-3.436421e+01	-3.377659e+02
7.240000e-06	-6.609999e-09	-2.922544e-09	-3.440404e+01	-3.381048e+02
7.250000e-06	-6.617365e-09	-2.927624e-09	-3.444237e+01	-3.384193e+02
7.260000e-06	-6.624403e-09	-2.929251e-09	-3.447900e+01	-3.387094e+02
7.270000e-06	-6.630966e-09	-2.927378e-09	-3.451317e+01	-3.389750e+02
7.280000e-06	-6.636873e-09	-2.927229e-09	-3.454391e+01	-3.392162e+02
7.290000e-06	-6.642011e-09	-2.930630e-09	-3.457065e+01	-3.394328e+02
7.300000e-06	-6.646441e-09	-2.933952e-09	-3.459371e+01	-3.396250e+02
7.310000e-06	-6.650348e-09	-2.933142e-09	-3.461404e+01	-3.397926e+02
7.320000e-06	-6.653904e-09	-2.929329e-09	-3.463255e+01	-3.399357e+02
7.330000e-06	-6.657161e-09	-2.927431e-09	-3.464951e+01	-3.400542e+02
7.340000e-06	-6.660056e-09	-2.929879e-09	-3.466457e+01	-3.401482e+02
7.350000e-06	-6.662506e-09	-2.932306e-09	-3.467733e+01	-3.402177e+02
7.360000e-06	-6.664492e-09	-2.930331e-09	-3.468766e+01	-3.402625e+02
7.370000e-06	-6.666064e-09	-2.926311e-09	-3.469584e+01	-3.402828e+02
7.380000e-06	-6.667244e-09	-2.925019e-09	-3.470199e+01	-3.402785e+02
7.390000e-06	-6.667924e-09	-2.927335e-09	-3.470553e+01	-3.402497e+02
