# Temperatura_=_20.0
# Concentracion g/m^3_=_10000.0
# C_Vs_to_Am_M_A/Vsm_=_116720831517.84952
# pendiente_HvsI_1/m_=_3716.3
# ordenada_HvsI_A/m_=_1297.0
# frecuencia_Hz_=_175551.2223885564
# Promedio de 26 ciclos

Tiempo_(s)	Campo_(V.s)	Magnetizacion_(V.s)	Campo_(kA/m)	Magnetizacion_(A/m)
0.000000e+00	-6.857980e-09	-2.899103e-09	-3.099082e+01	-3.379498e+02
1.000000e-08	-6.857532e-09	-2.897992e-09	-3.098880e+01	-3.377828e+02
2.000000e-08	-6.856471e-09	-2.899622e-09	-3.098401e+01	-3.375746e+02
3.000000e-08	-6.854462e-09	-2.899319e-09	-3.097493e+01	-3.373253e+02
4.000000e-08	-6.851336e-09	-2.896807e-09	-3.096080e+01	-3.370350e+02
5.000000e-08	-6.847324e-09	-2.891760e-09	-3.094267e+01	-3.367036e+02
6.000000e-08	-6.842688e-09	-2.882475e-09	-3.092172e+01	-3.363313e+02
7.000000e-08	-6.837354e-09	-2.863300e-09	-3.089762e+01	-3.359179e+02
8.000000e-08	-6.831180e-09	-2.849073e-09	-3.086971e+01	-3.354637e+02
9.000000e-08	-6.824085e-09	-2.889674e-09	-3.083765e+01	-3.349686e+02
1.000000e-07	-6.816070e-09	-2.943581e-09	-3.080143e+01	-3.344328e+02
1.100000e-07	-6.807346e-09	-2.917870e-09	-3.076201e+01	-3.338562e+02
1.200000e-07	-6.798011e-09	-2.785344e-09	-3.071983e+01	-3.332390e+02
1.300000e-07	-6.787823e-09	-2.771611e-09	-3.067379e+01	-3.325812e+02
1.400000e-07	-6.776472e-09	-2.911284e-09	-3.062250e+01	-3.318829e+02
1.500000e-07	-6.764097e-09	-2.816420e-09	-3.056657e+01	-3.311442e+02
1.600000e-07	-6.751003e-09	-2.702479e-09	-3.050740e+01	-3.303652e+02
1.700000e-07	-6.736935e-09	-2.913687e-09	-3.044383e+01	-3.295459e+02
1.800000e-07	-6.721660e-09	-2.915101e-09	-3.037480e+01	-3.286865e+02
1.900000e-07	-6.705568e-09	-2.704366e-09	-3.030208e+01	-3.277872e+02
2.000000e-07	-6.688684e-09	-2.813020e-09	-3.022578e+01	-3.268479e+02
2.100000e-07	-6.670815e-09	-2.870801e-09	-3.014504e+01	-3.258688e+02
2.200000e-07	-6.652244e-09	-2.675796e-09	-3.006112e+01	-3.248500e+02
2.300000e-07	-6.633012e-09	-2.739405e-09	-2.997421e+01	-3.237916e+02
2.400000e-07	-6.613017e-09	-2.841442e-09	-2.988385e+01	-3.226939e+02
2.500000e-07	-6.592474e-09	-2.731977e-09	-2.979102e+01	-3.215568e+02
2.600000e-07	-6.571347e-09	-2.760901e-09	-2.969555e+01	-3.203806e+02
2.700000e-07	-6.549330e-09	-2.771001e-09	-2.959605e+01	-3.191654e+02
2.800000e-07	-6.526502e-09	-2.650264e-09	-2.949289e+01	-3.179113e+02
2.900000e-07	-6.503000e-09	-2.676737e-09	-2.938669e+01	-3.166186e+02
3.000000e-07	-6.478761e-09	-2.721136e-09	-2.927716e+01	-3.152872e+02
3.100000e-07	-6.453781e-09	-2.680705e-09	-2.916427e+01	-3.139175e+02
3.200000e-07	-6.427927e-09	-2.696963e-09	-2.904744e+01	-3.125095e+02
3.300000e-07	-6.400985e-09	-2.665017e-09	-2.892569e+01	-3.110635e+02
3.400000e-07	-6.373084e-09	-2.635923e-09	-2.879961e+01	-3.095797e+02
3.500000e-07	-6.344516e-09	-2.657874e-09	-2.867051e+01	-3.080581e+02
3.600000e-07	-6.315289e-09	-2.611641e-09	-2.853843e+01	-3.064990e+02
3.700000e-07	-6.285315e-09	-2.569317e-09	-2.840298e+01	-3.049026e+02
3.800000e-07	-6.254589e-09	-2.606482e-09	-2.826413e+01	-3.032691e+02
3.900000e-07	-6.223095e-09	-2.613372e-09	-2.812182e+01	-3.015986e+02
4.000000e-07	-6.190972e-09	-2.590693e-09	-2.797665e+01	-2.998914e+02
4.100000e-07	-6.158387e-09	-2.570294e-09	-2.782940e+01	-2.981477e+02
4.200000e-07	-6.125199e-09	-2.528739e-09	-2.767943e+01	-2.963677e+02
4.300000e-07	-6.090993e-09	-2.504600e-09	-2.752485e+01	-2.945516e+02
4.400000e-07	-6.055617e-09	-2.519440e-09	-2.736499e+01	-2.926997e+02
4.500000e-07	-6.019403e-09	-2.506290e-09	-2.720134e+01	-2.908121e+02
4.600000e-07	-5.982669e-09	-2.470050e-09	-2.703534e+01	-2.888890e+02
4.700000e-07	-5.945357e-09	-2.459921e-09	-2.686673e+01	-2.869308e+02
4.800000e-07	-5.907299e-09	-2.446335e-09	-2.669475e+01	-2.849377e+02
4.900000e-07	-5.868498e-09	-2.426456e-09	-2.651941e+01	-2.829099e+02
5.000000e-07	-5.829000e-09	-2.409734e-09	-2.634092e+01	-2.808476e+02
5.100000e-07	-5.788913e-09	-2.382016e-09	-2.615977e+01	-2.787511e+02
5.200000e-07	-5.748361e-09	-2.365151e-09	-2.597652e+01	-2.766207e+02
5.300000e-07	-5.707214e-09	-2.363673e-09	-2.579058e+01	-2.744566e+02
5.400000e-07	-5.665171e-09	-2.346117e-09	-2.560059e+01	-2.722590e+02
5.500000e-07	-5.622082e-09	-2.315546e-09	-2.540587e+01	-2.700283e+02
5.600000e-07	-5.578139e-09	-2.281369e-09	-2.520730e+01	-2.677648e+02
5.700000e-07	-5.533631e-09	-2.260048e-09	-2.500617e+01	-2.654686e+02
5.800000e-07	-5.488597e-09	-2.251608e-09	-2.480266e+01	-2.631401e+02
5.900000e-07	-5.442932e-09	-2.244406e-09	-2.459630e+01	-2.607795e+02
6.000000e-07	-5.396601e-09	-2.223070e-09	-2.438694e+01	-2.583872e+02
6.100000e-07	-5.349614e-09	-2.191323e-09	-2.417461e+01	-2.559634e+02
6.200000e-07	-5.301984e-09	-2.160157e-09	-2.395937e+01	-2.535085e+02
6.300000e-07	-5.253798e-09	-2.137796e-09	-2.374162e+01	-2.510227e+02
6.400000e-07	-5.205050e-09	-2.118880e-09	-2.352133e+01	-2.485063e+02
6.500000e-07	-5.155496e-09	-2.096019e-09	-2.329740e+01	-2.459596e+02
6.600000e-07	-5.104935e-09	-2.069107e-09	-2.306891e+01	-2.433830e+02
6.700000e-07	-5.053446e-09	-2.052328e-09	-2.283624e+01	-2.407767e+02
6.800000e-07	-5.001218e-09	-2.038718e-09	-2.260023e+01	-2.381411e+02
6.900000e-07	-4.948341e-09	-2.016705e-09	-2.236128e+01	-2.354766e+02
7.000000e-07	-4.894807e-09	-1.982192e-09	-2.211936e+01	-2.327833e+02
7.100000e-07	-4.840638e-09	-1.946838e-09	-2.187457e+01	-2.300617e+02
7.200000e-07	-4.785918e-09	-1.922099e-09	-2.162729e+01	-2.273120e+02
7.300000e-07	-4.730673e-09	-1.905625e-09	-2.137765e+01	-2.245347e+02
7.400000e-07	-4.674916e-09	-1.886587e-09	-2.112568e+01	-2.217300e+02
7.500000e-07	-4.618695e-09	-1.859525e-09	-2.087163e+01	-2.188984e+02
7.600000e-07	-4.562029e-09	-1.829932e-09	-2.061555e+01	-2.160400e+02
7.700000e-07	-4.504842e-09	-1.804230e-09	-2.035713e+01	-2.131554e+02
7.800000e-07	-4.447047e-09	-1.779807e-09	-2.009596e+01	-2.102447e+02
7.900000e-07	-4.388539e-09	-1.750742e-09	-1.983156e+01	-2.073085e+02
8.000000e-07	-4.329255e-09	-1.719624e-09	-1.956366e+01	-2.043470e+02
8.100000e-07	-4.269317e-09	-1.692922e-09	-1.929281e+01	-2.013607e+02
8.200000e-07	-4.208953e-09	-1.671277e-09	-1.902002e+01	-1.983498e+02
8.300000e-07	-4.148260e-09	-1.647355e-09	-1.874575e+01	-1.953147e+02
8.400000e-07	-4.087143e-09	-1.618207e-09	-1.846957e+01	-1.922558e+02
8.500000e-07	-4.025513e-09	-1.585962e-09	-1.819107e+01	-1.891736e+02
8.600000e-07	-3.963424e-09	-1.558180e-09	-1.791049e+01	-1.860682e+02
8.700000e-07	-3.900934e-09	-1.533713e-09	-1.762810e+01	-1.829403e+02
8.800000e-07	-3.838026e-09	-1.509233e-09	-1.734382e+01	-1.797900e+02
8.900000e-07	-3.774663e-09	-1.481488e-09	-1.705749e+01	-1.766178e+02
9.000000e-07	-3.710846e-09	-1.450613e-09	-1.676910e+01	-1.734241e+02
9.100000e-07	-3.646636e-09	-1.418199e-09	-1.647894e+01	-1.702093e+02
9.200000e-07	-3.582113e-09	-1.387790e-09	-1.618737e+01	-1.669737e+02
9.300000e-07	-3.517306e-09	-1.357778e-09	-1.589451e+01	-1.637178e+02
9.400000e-07	-3.452128e-09	-1.327932e-09	-1.559997e+01	-1.604419e+02
9.500000e-07	-3.386395e-09	-1.298594e-09	-1.530293e+01	-1.571465e+02
9.600000e-07	-3.320061e-09	-1.271431e-09	-1.500317e+01	-1.538320e+02
9.700000e-07	-3.253196e-09	-1.244162e-09	-1.470101e+01	-1.504987e+02
9.800000e-07	-3.185821e-09	-1.214695e-09	-1.439655e+01	-1.471470e+02
9.900000e-07	-3.117995e-09	-1.180516e-09	-1.409004e+01	-1.437775e+02
1.000000e-06	-3.049832e-09	-1.145862e-09	-1.378202e+01	-1.403904e+02
1.010000e-06	-2.981425e-09	-1.115945e-09	-1.347289e+01	-1.369861e+02
1.020000e-06	-2.912785e-09	-1.090034e-09	-1.316271e+01	-1.335652e+02
1.030000e-06	-2.843873e-09	-1.064282e-09	-1.285130e+01	-1.301281e+02
1.040000e-06	-2.774651e-09	-1.035207e-09	-1.253849e+01	-1.266750e+02
1.050000e-06	-2.705074e-09	-1.002150e-09	-1.222407e+01	-1.232065e+02
1.060000e-06	-2.635144e-09	-9.695922e-10	-1.190806e+01	-1.197230e+02
1.070000e-06	-2.564894e-09	-9.388848e-10	-1.159061e+01	-1.162249e+02
1.080000e-06	-2.494340e-09	-9.085358e-10	-1.127178e+01	-1.127127e+02
1.090000e-06	-2.423461e-09	-8.763963e-10	-1.095148e+01	-1.091866e+02
1.100000e-06	-2.352245e-09	-8.422644e-10	-1.062966e+01	-1.056473e+02
1.110000e-06	-2.280737e-09	-8.091644e-10	-1.030652e+01	-1.020951e+02
1.120000e-06	-2.208988e-09	-7.772686e-10	-9.982292e+00	-9.853044e+01
1.130000e-06	-2.137017e-09	-7.450192e-10	-9.657056e+00	-9.495376e+01
1.140000e-06	-2.064850e-09	-7.124145e-10	-9.330938e+00	-9.136550e+01
1.150000e-06	-1.992521e-09	-6.827407e-10	-9.004085e+00	-8.776610e+01
1.160000e-06	-1.920028e-09	-6.565061e-10	-8.676492e+00	-8.415599e+01
1.170000e-06	-1.847366e-09	-6.303633e-10	-8.348139e+00	-8.053561e+01
1.180000e-06	-1.774527e-09	-6.000593e-10	-8.018984e+00	-7.690540e+01
1.190000e-06	-1.701483e-09	-5.643268e-10	-7.688899e+00	-7.326581e+01
1.200000e-06	-1.628202e-09	-5.263548e-10	-7.357749e+00	-6.961727e+01
1.210000e-06	-1.554668e-09	-4.923831e-10	-7.025455e+00	-6.596024e+01
1.220000e-06	-1.480892e-09	-4.629309e-10	-6.692063e+00	-6.229515e+01
1.230000e-06	-1.406854e-09	-4.349782e-10	-6.357494e+00	-5.862245e+01
1.240000e-06	-1.332533e-09	-4.051260e-10	-6.021639e+00	-5.494260e+01
1.250000e-06	-1.257958e-09	-3.734812e-10	-5.684643e+00	-5.125602e+01
1.260000e-06	-1.183164e-09	-3.411720e-10	-5.346652e+00	-4.756319e+01
1.270000e-06	-1.108172e-09	-3.083224e-10	-5.007770e+00	-4.386453e+01
1.280000e-06	-1.033000e-09	-2.735634e-10	-4.668072e+00	-4.016052e+01
1.290000e-06	-9.576354e-10	-2.383476e-10	-4.327504e+00	-3.645158e+01
1.300000e-06	-8.821089e-10	-2.053295e-10	-3.986205e+00	-3.273819e+01
1.310000e-06	-8.064655e-10	-1.766283e-10	-3.644376e+00	-2.902078e+01
1.320000e-06	-7.307079e-10	-1.491011e-10	-3.302032e+00	-2.529981e+01
1.330000e-06	-6.548473e-10	-1.182621e-10	-2.959222e+00	-2.157573e+01
1.340000e-06	-5.789072e-10	-8.238406e-11	-2.616053e+00	-1.784900e+01
1.350000e-06	-5.028893e-10	-4.600635e-11	-2.272532e+00	-1.412007e+01
1.360000e-06	-4.267972e-10	-1.392858e-11	-1.928676e+00	-1.038940e+01
1.370000e-06	-3.506472e-10	1.525686e-11	-1.584559e+00	-6.657429e+00
1.380000e-06	-2.744584e-10	4.587626e-11	-1.240265e+00	-2.924622e+00
1.390000e-06	-1.982399e-10	7.821069e-11	-8.958375e-01	8.085703e-01
1.400000e-06	-1.219991e-10	1.104293e-10	-5.513093e-01	4.541693e+00
1.410000e-06	-4.573916e-11	1.417144e-10	-2.066946e-01	8.274291e+00
1.420000e-06	3.053082e-11	1.716276e-10	1.379655e-01	1.200591e+01
1.430000e-06	1.067955e-10	2.025896e-10	4.826015e-01	1.573610e+01
1.440000e-06	1.830436e-10	2.348964e-10	8.271631e-01	1.946440e+01
1.450000e-06	2.592624e-10	2.657662e-10	1.171592e+00	2.319036e+01
1.460000e-06	3.354522e-10	2.955744e-10	1.515889e+00	2.691353e+01
1.470000e-06	4.116017e-10	3.265833e-10	1.860005e+00	3.063346e+01
1.480000e-06	4.876981e-10	3.588369e-10	2.203881e+00	3.434968e+01
1.490000e-06	5.637359e-10	3.910981e-10	2.547491e+00	3.806176e+01
1.500000e-06	6.397180e-10	4.209611e-10	2.890851e+00	4.176923e+01
1.510000e-06	7.156131e-10	4.483015e-10	3.233816e+00	4.547165e+01
1.520000e-06	7.913893e-10	4.758784e-10	3.576245e+00	4.916856e+01
1.530000e-06	8.670489e-10	5.058769e-10	3.918146e+00	5.285952e+01
1.540000e-06	9.425669e-10	5.372419e-10	4.259407e+00	5.654408e+01
1.550000e-06	1.017920e-09	5.691227e-10	4.599921e+00	6.022179e+01
1.560000e-06	1.093087e-09	6.007071e-10	4.939599e+00	6.389219e+01
1.570000e-06	1.168035e-09	6.317686e-10	5.278282e+00	6.755486e+01
1.580000e-06	1.242743e-09	6.610601e-10	5.615885e+00	7.120933e+01
1.590000e-06	1.317199e-09	6.875383e-10	5.952344e+00	7.485516e+01
1.600000e-06	1.391366e-09	7.133414e-10	6.287501e+00	7.849192e+01
1.610000e-06	1.465237e-09	7.414144e-10	6.621319e+00	8.211916e+01
1.620000e-06	1.538829e-09	7.720119e-10	6.953877e+00	8.573643e+01
1.630000e-06	1.612156e-09	8.037733e-10	7.285235e+00	8.934330e+01
1.640000e-06	1.685226e-09	8.342835e-10	7.615434e+00	9.293933e+01
1.650000e-06	1.758082e-09	8.624003e-10	7.944669e+00	9.652408e+01
1.660000e-06	1.830753e-09	8.887663e-10	8.273064e+00	1.000971e+02
1.670000e-06	1.903243e-09	9.146599e-10	8.600642e+00	1.036580e+02
1.680000e-06	1.975575e-09	9.404540e-10	8.927509e+00	1.072063e+02
1.690000e-06	2.047745e-09	9.663955e-10	9.253638e+00	1.107416e+02
1.700000e-06	2.119718e-09	9.932402e-10	9.578885e+00	1.142634e+02
1.710000e-06	2.191468e-09	1.021218e-09	9.903115e+00	1.177714e+02
1.720000e-06	2.262984e-09	1.049365e-09	1.022629e+01	1.212650e+02
1.730000e-06	2.334246e-09	1.076546e-09	1.054832e+01	1.247440e+02
1.740000e-06	2.405234e-09	1.102569e-09	1.086912e+01	1.282078e+02
1.750000e-06	2.475941e-09	1.128521e-09	1.118863e+01	1.316560e+02
1.760000e-06	2.546349e-09	1.156396e-09	1.150680e+01	1.350882e+02
1.770000e-06	2.616457e-09	1.185097e-09	1.182362e+01	1.385040e+02
1.780000e-06	2.686250e-09	1.211810e-09	1.213901e+01	1.419030e+02
1.790000e-06	2.755707e-09	1.235730e-09	1.245288e+01	1.452848e+02
1.800000e-06	2.824830e-09	1.258917e-09	1.276524e+01	1.486489e+02
1.810000e-06	2.893655e-09	1.284043e-09	1.307626e+01	1.519950e+02
1.820000e-06	2.962222e-09	1.311870e-09	1.338611e+01	1.553226e+02
1.830000e-06	3.030552e-09	1.340459e-09	1.369489e+01	1.586313e+02
1.840000e-06	3.098625e-09	1.367887e-09	1.400251e+01	1.619207e+02
1.850000e-06	3.166353e-09	1.394381e-09	1.430857e+01	1.651905e+02
1.860000e-06	3.233607e-09	1.420838e-09	1.461248e+01	1.684402e+02
1.870000e-06	3.300287e-09	1.447028e-09	1.491381e+01	1.716694e+02
1.880000e-06	3.366370e-09	1.471925e-09	1.521243e+01	1.748778e+02
1.890000e-06	3.431874e-09	1.495951e-09	1.550844e+01	1.780650e+02
1.900000e-06	3.496872e-09	1.520662e-09	1.580216e+01	1.812304e+02
1.910000e-06	3.561501e-09	1.546974e-09	1.609422e+01	1.843739e+02
1.920000e-06	3.625830e-09	1.574431e-09	1.638492e+01	1.874950e+02
1.930000e-06	3.689836e-09	1.600864e-09	1.667416e+01	1.905933e+02
1.940000e-06	3.753456e-09	1.626158e-09	1.696165e+01	1.936684e+02
1.950000e-06	3.816637e-09	1.651708e-09	1.724717e+01	1.967200e+02
1.960000e-06	3.879388e-09	1.677533e-09	1.753073e+01	1.997477e+02
1.970000e-06	3.941731e-09	1.702432e-09	1.781246e+01	2.027511e+02
1.980000e-06	4.003633e-09	1.725619e-09	1.809219e+01	2.057298e+02
1.990000e-06	4.065057e-09	1.747679e-09	1.836976e+01	2.086836e+02
2.000000e-06	4.126021e-09	1.770910e-09	1.864526e+01	2.116120e+02
2.010000e-06	4.186603e-09	1.796145e-09	1.891902e+01	2.145147e+02
2.020000e-06	4.246846e-09	1.821442e-09	1.919126e+01	2.173913e+02
2.030000e-06	4.306646e-09	1.845215e-09	1.946149e+01	2.202415e+02
2.040000e-06	4.365782e-09	1.867467e-09	1.972872e+01	2.230649e+02
2.050000e-06	4.424097e-09	1.890487e-09	1.999224e+01	2.258612e+02
2.060000e-06	4.481626e-09	1.915635e-09	2.025221e+01	2.286301e+02
2.070000e-06	4.538520e-09	1.941423e-09	2.050931e+01	2.313711e+02
2.080000e-06	4.594958e-09	1.966245e-09	2.076435e+01	2.340841e+02
2.090000e-06	4.651002e-09	1.989548e-09	2.101762e+01	2.367686e+02
2.100000e-06	4.706576e-09	2.011265e-09	2.126875e+01	2.394243e+02
2.110000e-06	4.761610e-09	2.031576e-09	2.151745e+01	2.420509e+02
2.120000e-06	4.816119e-09	2.051258e-09	2.176377e+01	2.446481e+02
2.130000e-06	4.870096e-09	2.071781e-09	2.200769e+01	2.472155e+02
2.140000e-06	4.923471e-09	2.093101e-09	2.224889e+01	2.497529e+02
2.150000e-06	4.976217e-09	2.114912e-09	2.248725e+01	2.522600e+02
2.160000e-06	5.028290e-09	2.137221e-09	2.272256e+01	2.547364e+02
2.170000e-06	5.079591e-09	2.158981e-09	2.295438e+01	2.571818e+02
2.180000e-06	5.129955e-09	2.179554e-09	2.318198e+01	2.595959e+02
2.190000e-06	5.179389e-09	2.198403e-09	2.340537e+01	2.619785e+02
2.200000e-06	5.228141e-09	2.216736e-09	2.362567e+01	2.643293e+02
2.210000e-06	5.276379e-09	2.235451e-09	2.384366e+01	2.666479e+02
2.220000e-06	5.324085e-09	2.254235e-09	2.405924e+01	2.689341e+02
2.230000e-06	5.371179e-09	2.274290e-09	2.427205e+01	2.711876e+02
2.240000e-06	5.417640e-09	2.295367e-09	2.448201e+01	2.734081e+02
2.250000e-06	5.463436e-09	2.315980e-09	2.468896e+01	2.755954e+02
2.260000e-06	5.508583e-09	2.335100e-09	2.489298e+01	2.777492e+02
2.270000e-06	5.553233e-09	2.352783e-09	2.509475e+01	2.798692e+02
2.280000e-06	5.597449e-09	2.369672e-09	2.529456e+01	2.819552e+02
2.290000e-06	5.641046e-09	2.385704e-09	2.549157e+01	2.840070e+02
2.300000e-06	5.683721e-09	2.401117e-09	2.568441e+01	2.860242e+02
2.310000e-06	5.725353e-09	2.415937e-09	2.587255e+01	2.880066e+02
2.320000e-06	5.766170e-09	2.430762e-09	2.605700e+01	2.899540e+02
2.330000e-06	5.806427e-09	2.447517e-09	2.623891e+01	2.918662e+02
2.340000e-06	5.846109e-09	2.465809e-09	2.641824e+01	2.937429e+02
2.350000e-06	5.885143e-09	2.483233e-09	2.659463e+01	2.955838e+02
2.360000e-06	5.923501e-09	2.498215e-09	2.676797e+01	2.973889e+02
2.370000e-06	5.961132e-09	2.510425e-09	2.693802e+01	2.991578e+02
2.380000e-06	5.998092e-09	2.522573e-09	2.710504e+01	3.008903e+02
2.390000e-06	6.034542e-09	2.536186e-09	2.726975e+01	3.025862e+02
2.400000e-06	6.070435e-09	2.550800e-09	2.743196e+01	3.042453e+02
2.410000e-06	6.105489e-09	2.566254e-09	2.759036e+01	3.058675e+02
2.420000e-06	6.139487e-09	2.582102e-09	2.774399e+01	3.074525e+02
2.430000e-06	6.172551e-09	2.596221e-09	2.789341e+01	3.090000e+02
2.440000e-06	6.204966e-09	2.605781e-09	2.803989e+01	3.105101e+02
2.450000e-06	6.236782e-09	2.612762e-09	2.818367e+01	3.119823e+02
2.460000e-06	6.267914e-09	2.620592e-09	2.832435e+01	3.134167e+02
2.470000e-06	6.298353e-09	2.631430e-09	2.846190e+01	3.148129e+02
2.480000e-06	6.328044e-09	2.645322e-09	2.859607e+01	3.161708e+02
2.490000e-06	6.357013e-09	2.658607e-09	2.872699e+01	3.174904e+02
2.500000e-06	6.385454e-09	2.668754e-09	2.885551e+01	3.187713e+02
2.510000e-06	6.413297e-09	2.677271e-09	2.898133e+01	3.200134e+02
2.520000e-06	6.440166e-09	2.686027e-09	2.910275e+01	3.212167e+02
2.530000e-06	6.465887e-09	2.696402e-09	2.921898e+01	3.223809e+02
2.540000e-06	6.490691e-09	2.708511e-09	2.933107e+01	3.235059e+02
2.550000e-06	6.514777e-09	2.721253e-09	2.943991e+01	3.245915e+02
2.560000e-06	6.538130e-09	2.733659e-09	2.954544e+01	3.256377e+02
2.570000e-06	6.560747e-09	2.743944e-09	2.964765e+01	3.266443e+02
2.580000e-06	6.582616e-09	2.751493e-09	2.974647e+01	3.276112e+02
2.590000e-06	6.603740e-09	2.757758e-09	2.984193e+01	3.285383e+02
2.600000e-06	6.624270e-09	2.764551e-09	2.993470e+01	3.294254e+02
2.610000e-06	6.644220e-09	2.772852e-09	3.002486e+01	3.302725e+02
2.620000e-06	6.663378e-09	2.782925e-09	3.011143e+01	3.310794e+02
2.630000e-06	6.681641e-09	2.793756e-09	3.019396e+01	3.318460e+02
2.640000e-06	6.699132e-09	2.803978e-09	3.027300e+01	3.325723e+02
2.650000e-06	6.715835e-09	2.812672e-09	3.034848e+01	3.332582e+02
2.660000e-06	6.731569e-09	2.818723e-09	3.041958e+01	3.339035e+02
2.670000e-06	6.746356e-09	2.822960e-09	3.048640e+01	3.345083e+02
2.680000e-06	6.760296e-09	2.827642e-09	3.054940e+01	3.350724e+02
2.690000e-06	6.773417e-09	2.833893e-09	3.060869e+01	3.355957e+02
2.700000e-06	6.785741e-09	2.841308e-09	3.066438e+01	3.360782e+02
2.710000e-06	6.797122e-09	2.848752e-09	3.071581e+01	3.365199e+02
2.720000e-06	6.807313e-09	2.855036e-09	3.076187e+01	3.369206e+02
2.730000e-06	6.816438e-09	2.859970e-09	3.080310e+01	3.372804e+02
2.740000e-06	6.824829e-09	2.864570e-09	3.084102e+01	3.375992e+02
2.750000e-06	6.832530e-09	2.868172e-09	3.087582e+01	3.378769e+02
2.760000e-06	6.839457e-09	2.869895e-09	3.090712e+01	3.381136e+02
2.770000e-06	6.845583e-09	2.870599e-09	3.093480e+01	3.383091e+02
2.780000e-06	6.850902e-09	2.872309e-09	3.095884e+01	3.384635e+02
2.790000e-06	6.855571e-09	2.875554e-09	3.097994e+01	3.385768e+02
2.800000e-06	6.859613e-09	2.879374e-09	3.099820e+01	3.386489e+02
2.810000e-06	6.862744e-09	2.882048e-09	3.101235e+01	3.386798e+02
2.820000e-06	6.864737e-09	2.882940e-09	3.102136e+01	3.386695e+02
2.830000e-06	6.865751e-09	2.884331e-09	3.102594e+01	3.386181e+02
2.840000e-06	6.866073e-09	2.886465e-09	3.102740e+01	3.385254e+02
2.850000e-06	6.865707e-09	2.888039e-09	3.102574e+01	3.383916e+02
2.860000e-06	6.864590e-09	2.886096e-09	3.102070e+01	3.382167e+02
2.870000e-06	6.862740e-09	2.881676e-09	3.101234e+01	3.380007e+02
2.880000e-06	6.860140e-09	2.879889e-09	3.100059e+01	3.377435e+02
2.890000e-06	6.856895e-09	2.880957e-09	3.098592e+01	3.374453e+02
2.900000e-06	6.853110e-09	2.883840e-09	3.096882e+01	3.371061e+02
2.910000e-06	6.848577e-09	2.894676e-09	3.094834e+01	3.367258e+02
2.920000e-06	6.842971e-09	2.919107e-09	3.092300e+01	3.363047e+02
2.930000e-06	6.836293e-09	2.882434e-09	3.089282e+01	3.358426e+02
2.940000e-06	6.828676e-09	2.787214e-09	3.085840e+01	3.353397e+02
2.950000e-06	6.819972e-09	2.767062e-09	3.081907e+01	3.347960e+02
2.960000e-06	6.810241e-09	2.896576e-09	3.077510e+01	3.342117e+02
2.970000e-06	6.800077e-09	2.951858e-09	3.072916e+01	3.335866e+02
2.980000e-06	6.789650e-09	2.792863e-09	3.068205e+01	3.329211e+02
2.990000e-06	6.778206e-09	2.824302e-09	3.063033e+01	3.322150e+02
3.000000e-06	6.765385e-09	2.987478e-09	3.057239e+01	3.314686e+02
3.010000e-06	6.751847e-09	2.786480e-09	3.051122e+01	3.306818e+02
3.020000e-06	6.737627e-09	2.671889e-09	3.044696e+01	3.298549e+02
3.030000e-06	6.722206e-09	2.917675e-09	3.037727e+01	3.289878e+02
3.040000e-06	6.705984e-09	2.838366e-09	3.030397e+01	3.280808e+02
3.050000e-06	6.689227e-09	2.646076e-09	3.022824e+01	3.271338e+02
3.060000e-06	6.671516e-09	2.858075e-09	3.014821e+01	3.261471e+02
3.070000e-06	6.652985e-09	2.871031e-09	3.006447e+01	3.251207e+02
3.080000e-06	6.633941e-09	2.673189e-09	2.997841e+01	3.240548e+02
3.090000e-06	6.614106e-09	2.786361e-09	2.988878e+01	3.229495e+02
3.100000e-06	6.593409e-09	2.763742e-09	2.979525e+01	3.218049e+02
3.110000e-06	6.571942e-09	2.656481e-09	2.969824e+01	3.206212e+02
3.120000e-06	6.549458e-09	2.821248e-09	2.959663e+01	3.193985e+02
3.130000e-06	6.526074e-09	2.789217e-09	2.949096e+01	3.181370e+02
3.140000e-06	6.502026e-09	2.674368e-09	2.938229e+01	3.168368e+02
3.150000e-06	6.477206e-09	2.732332e-09	2.927013e+01	3.154981e+02
3.160000e-06	6.451641e-09	2.634275e-09	2.915460e+01	3.141210e+02
3.170000e-06	6.425324e-09	2.638852e-09	2.903568e+01	3.127057e+02
3.180000e-06	6.398256e-09	2.728789e-09	2.891336e+01	3.112524e+02
3.190000e-06	6.370578e-09	2.622349e-09	2.878829e+01	3.097613e+02
3.200000e-06	6.342059e-09	2.639164e-09	2.865941e+01	3.082325e+02
3.210000e-06	6.312431e-09	2.679898e-09	2.852552e+01	3.066662e+02
3.220000e-06	6.281846e-09	2.597056e-09	2.838731e+01	3.050626e+02
3.230000e-06	6.250523e-09	2.603938e-09	2.824576e+01	3.034220e+02
3.240000e-06	6.218535e-09	2.580732e-09	2.810121e+01	3.017445e+02
3.250000e-06	6.185865e-09	2.546873e-09	2.795358e+01	3.000302e+02
3.260000e-06	6.152493e-09	2.576905e-09	2.780277e+01	2.982795e+02
3.270000e-06	6.118446e-09	2.568051e-09	2.764891e+01	2.964926e+02
3.280000e-06	6.083730e-09	2.558764e-09	2.749204e+01	2.946696e+02
3.290000e-06	6.048429e-09	2.517669e-09	2.733251e+01	2.928107e+02
3.300000e-06	6.012545e-09	2.489884e-09	2.717035e+01	2.909163e+02
3.310000e-06	5.975839e-09	2.486580e-09	2.700448e+01	2.889865e+02
3.320000e-06	5.938112e-09	2.468108e-09	2.683400e+01	2.870215e+02
3.330000e-06	5.899404e-09	2.478746e-09	2.665908e+01	2.850217e+02
3.340000e-06	5.860015e-09	2.448005e-09	2.648108e+01	2.829872e+02
3.350000e-06	5.820080e-09	2.421030e-09	2.630062e+01	2.809183e+02
3.360000e-06	5.779497e-09	2.423951e-09	2.611722e+01	2.788153e+02
3.370000e-06	5.738255e-09	2.382241e-09	2.593085e+01	2.766783e+02
3.380000e-06	5.696334e-09	2.375028e-09	2.574142e+01	2.745078e+02
3.390000e-06	5.653749e-09	2.352336e-09	2.554898e+01	2.723038e+02
3.400000e-06	5.610630e-09	2.328895e-09	2.535412e+01	2.700668e+02
3.410000e-06	5.567071e-09	2.335246e-09	2.515728e+01	2.677969e+02
3.420000e-06	5.522983e-09	2.308650e-09	2.495805e+01	2.654944e+02
3.430000e-06	5.478151e-09	2.289357e-09	2.475546e+01	2.631597e+02
3.440000e-06	5.432552e-09	2.258896e-09	2.454940e+01	2.607930e+02
3.450000e-06	5.386325e-09	2.230888e-09	2.434050e+01	2.583946e+02
3.460000e-06	5.339543e-09	2.226770e-09	2.412910e+01	2.559648e+02
3.470000e-06	5.292106e-09	2.205197e-09	2.391473e+01	2.535038e+02
3.480000e-06	5.243849e-09	2.187342e-09	2.369666e+01	2.510121e+02
3.490000e-06	5.194852e-09	2.157560e-09	2.347525e+01	2.484898e+02
3.500000e-06	5.145241e-09	2.137316e-09	2.325106e+01	2.459373e+02
3.510000e-06	5.094991e-09	2.122526e-09	2.302398e+01	2.433550e+02
3.520000e-06	5.044084e-09	2.093515e-09	2.279393e+01	2.407430e+02
3.530000e-06	4.992518e-09	2.073523e-09	2.256091e+01	2.381018e+02
3.540000e-06	4.940219e-09	2.045203e-09	2.232458e+01	2.354316e+02
3.550000e-06	4.886997e-09	2.026539e-09	2.208407e+01	2.327328e+02
3.560000e-06	4.832847e-09	2.008662e-09	2.183937e+01	2.300058e+02
3.570000e-06	4.778020e-09	1.982202e-09	2.159161e+01	2.272507e+02
3.580000e-06	4.722695e-09	1.957294e-09	2.134160e+01	2.244681e+02
3.590000e-06	4.666905e-09	1.925508e-09	2.108948e+01	2.216581e+02
3.600000e-06	4.610567e-09	1.901853e-09	2.083489e+01	2.188213e+02
3.610000e-06	4.553671e-09	1.879001e-09	2.057779e+01	2.159578e+02
3.620000e-06	4.496278e-09	1.851969e-09	2.031843e+01	2.130681e+02
3.630000e-06	4.438395e-09	1.827514e-09	2.005686e+01	2.101524e+02
3.640000e-06	4.380001e-09	1.799706e-09	1.979298e+01	2.072113e+02
3.650000e-06	4.321123e-09	1.776604e-09	1.952691e+01	2.042449e+02
3.660000e-06	4.261854e-09	1.750907e-09	1.925908e+01	2.012537e+02
3.670000e-06	4.202213e-09	1.724668e-09	1.898956e+01	1.982381e+02
3.680000e-06	4.142125e-09	1.695412e-09	1.871803e+01	1.951984e+02
3.690000e-06	4.081436e-09	1.666901e-09	1.844378e+01	1.921349e+02
3.700000e-06	4.020027e-09	1.643718e-09	1.816628e+01	1.890481e+02
3.710000e-06	3.957915e-09	1.620481e-09	1.788560e+01	1.859384e+02
3.720000e-06	3.895200e-09	1.596088e-09	1.760219e+01	1.828060e+02
3.730000e-06	3.832040e-09	1.568578e-09	1.731677e+01	1.796514e+02
3.740000e-06	3.768534e-09	1.540321e-09	1.702979e+01	1.764750e+02
3.750000e-06	3.704667e-09	1.514964e-09	1.674118e+01	1.732771e+02
3.760000e-06	3.640394e-09	1.486549e-09	1.645074e+01	1.700582e+02
3.770000e-06	3.575679e-09	1.457379e-09	1.615829e+01	1.668186e+02
3.780000e-06	3.510535e-09	1.428624e-09	1.586391e+01	1.635587e+02
3.790000e-06	3.444982e-09	1.401317e-09	1.556768e+01	1.602790e+02
3.800000e-06	3.379019e-09	1.375843e-09	1.526960e+01	1.569798e+02
3.810000e-06	3.312662e-09	1.349947e-09	1.496973e+01	1.536615e+02
3.820000e-06	3.245934e-09	1.323079e-09	1.466819e+01	1.503246e+02
3.830000e-06	3.178881e-09	1.296139e-09	1.436518e+01	1.469694e+02
3.840000e-06	3.111559e-09	1.269868e-09	1.406096e+01	1.435963e+02
3.850000e-06	3.043973e-09	1.242038e-09	1.375554e+01	1.402058e+02
3.860000e-06	2.976063e-09	1.213855e-09	1.344866e+01	1.367982e+02
3.870000e-06	2.907739e-09	1.185916e-09	1.313991e+01	1.333741e+02
3.880000e-06	2.838914e-09	1.157198e-09	1.282889e+01	1.299337e+02
3.890000e-06	2.769578e-09	1.128992e-09	1.251557e+01	1.264776e+02
3.900000e-06	2.699706e-09	1.100885e-09	1.219982e+01	1.230061e+02
3.910000e-06	2.629333e-09	1.072722e-09	1.188181e+01	1.195196e+02
3.920000e-06	2.558567e-09	1.045353e-09	1.156202e+01	1.160186e+02
3.930000e-06	2.487493e-09	1.017348e-09	1.124085e+01	1.125036e+02
3.940000e-06	2.416198e-09	9.892503e-10	1.091867e+01	1.089749e+02
3.950000e-06	2.344722e-09	9.589185e-10	1.059567e+01	1.054329e+02
3.960000e-06	2.273049e-09	9.283143e-10	1.027178e+01	1.018782e+02
3.970000e-06	2.201149e-09	8.986721e-10	9.946869e+00	9.831103e+01
3.980000e-06	2.129012e-09	8.706970e-10	9.620887e+00	9.473198e+01
3.990000e-06	2.056653e-09	8.435456e-10	9.293898e+00	9.114142e+01
4.000000e-06	1.984055e-09	8.163112e-10	8.965836e+00	8.753980e+01
4.010000e-06	1.911202e-09	7.873175e-10	8.636613e+00	8.392755e+01
4.020000e-06	1.838123e-09	7.560681e-10	8.306373e+00	8.030512e+01
4.030000e-06	1.764835e-09	7.238483e-10	7.975190e+00	7.667294e+01
4.040000e-06	1.691366e-09	6.921383e-10	7.643186e+00	7.303146e+01
4.050000e-06	1.617743e-09	6.603556e-10	7.310491e+00	6.938112e+01
4.060000e-06	1.543973e-09	6.288467e-10	6.977128e+00	6.572237e+01
4.070000e-06	1.470020e-09	5.976119e-10	6.642938e+00	6.205564e+01
4.080000e-06	1.395871e-09	5.683278e-10	6.307860e+00	5.838139e+01
4.090000e-06	1.321579e-09	5.394631e-10	5.972139e+00	5.470007e+01
4.100000e-06	1.247160e-09	5.093794e-10	5.635847e+00	5.101211e+01
4.110000e-06	1.172582e-09	4.776085e-10	5.298829e+00	4.731797e+01
4.120000e-06	1.097857e-09	4.448532e-10	4.961152e+00	4.361810e+01
4.130000e-06	1.022996e-09	4.107923e-10	4.622861e+00	3.991295e+01
4.140000e-06	9.480227e-10	3.756450e-10	4.284061e+00	3.620297e+01
4.150000e-06	8.729486e-10	3.422053e-10	3.944805e+00	3.248861e+01
4.160000e-06	7.977758e-10	3.102026e-10	3.605103e+00	2.877033e+01
4.170000e-06	7.224918e-10	2.776846e-10	3.264899e+00	2.504857e+01
4.180000e-06	6.471089e-10	2.442413e-10	2.924248e+00	2.132378e+01
4.190000e-06	5.716560e-10	2.096137e-10	2.583280e+00	1.759643e+01
4.200000e-06	4.961244e-10	1.744262e-10	2.241957e+00	1.386696e+01
4.210000e-06	4.205189e-10	1.408303e-10	1.900300e+00	1.013583e+01
4.220000e-06	3.448503e-10	1.080847e-10	1.558358e+00	6.403497e+00
4.230000e-06	2.691374e-10	7.506363e-11	1.216216e+00	2.670407e+00
4.240000e-06	1.933990e-10	4.078116e-11	8.739581e-01	-1.062982e+00
4.250000e-06	1.176372e-10	5.813869e-12	5.315951e-01	-4.796217e+00
4.260000e-06	4.184647e-11	-3.046143e-11	1.891010e-01	-8.528842e+00
4.270000e-06	-3.396084e-11	-6.699437e-11	-1.534678e-01	-1.226040e+01
4.280000e-06	-1.097601e-10	-1.022111e-10	-4.960002e-01	-1.599045e+01
4.290000e-06	-1.855366e-10	-1.356180e-10	-8.384298e-01	-1.971852e+01
4.300000e-06	-2.612758e-10	-1.693568e-10	-1.180691e+00	-2.344417e+01
4.310000e-06	-3.369564e-10	-2.024817e-10	-1.522687e+00	-2.716694e+01
4.320000e-06	-4.125773e-10	-2.359432e-10	-1.864413e+00	-3.088638e+01
4.330000e-06	-4.881486e-10	-2.721902e-10	-2.205916e+00	-3.460204e+01
4.340000e-06	-5.636567e-10	-3.079065e-10	-2.547133e+00	-3.831346e+01
4.350000e-06	-6.390833e-10	-3.413163e-10	-2.887981e+00	-4.202020e+01
4.360000e-06	-7.144293e-10	-3.734958e-10	-3.228466e+00	-4.572179e+01
4.370000e-06	-7.896489e-10	-4.050729e-10	-3.568379e+00	-4.941780e+01
4.380000e-06	-8.647335e-10	-4.388966e-10	-3.907682e+00	-5.310777e+01
4.390000e-06	-9.397001e-10	-4.753823e-10	-4.246452e+00	-5.679126e+01
4.400000e-06	-1.014547e-09	-5.118398e-10	-4.584682e+00	-6.046780e+01
4.410000e-06	-1.089279e-09	-5.453090e-10	-4.922391e+00	-6.413697e+01
4.420000e-06	-1.163879e-09	-5.771962e-10	-5.259503e+00	-6.779831e+01
4.430000e-06	-1.238313e-09	-6.097336e-10	-5.595868e+00	-7.145137e+01
4.440000e-06	-1.312588e-09	-6.419208e-10	-5.931511e+00	-7.509571e+01
4.450000e-06	-1.386719e-09	-6.741727e-10	-6.266503e+00	-7.873089e+01
4.460000e-06	-1.460674e-09	-7.068863e-10	-6.600704e+00	-8.235647e+01
4.470000e-06	-1.534434e-09	-7.411872e-10	-6.934021e+00	-8.597200e+01
4.480000e-06	-1.607988e-09	-7.773172e-10	-7.266408e+00	-8.957705e+01
4.490000e-06	-1.681348e-09	-8.132460e-10	-7.597918e+00	-9.317117e+01
4.500000e-06	-1.754534e-09	-8.459937e-10	-7.928638e+00	-9.675393e+01
4.510000e-06	-1.827520e-09	-8.750828e-10	-8.258461e+00	-1.003249e+02
4.520000e-06	-1.900286e-09	-9.018300e-10	-8.587284e+00	-1.038836e+02
4.530000e-06	-1.972834e-09	-9.283124e-10	-8.915128e+00	-1.074297e+02
4.540000e-06	-2.045158e-09	-9.575352e-10	-9.241952e+00	-1.109627e+02
4.550000e-06	-2.117248e-09	-9.912775e-10	-9.567726e+00	-1.144821e+02
4.560000e-06	-2.189128e-09	-1.026904e-09	-9.892546e+00	-1.179876e+02
4.570000e-06	-2.260814e-09	-1.062959e-09	-1.021649e+01	-1.214787e+02
4.580000e-06	-2.332293e-09	-1.096867e-09	-1.053950e+01	-1.249550e+02
4.590000e-06	-2.403573e-09	-1.126916e-09	-1.086161e+01	-1.284161e+02
4.600000e-06	-2.474657e-09	-1.154754e-09	-1.118284e+01	-1.318615e+02
4.610000e-06	-2.545488e-09	-1.182313e-09	-1.150292e+01	-1.352909e+02
4.620000e-06	-2.615983e-09	-1.212109e-09	-1.182148e+01	-1.387038e+02
4.630000e-06	-2.686069e-09	-1.243846e-09	-1.213820e+01	-1.420997e+02
4.640000e-06	-2.755656e-09	-1.276845e-09	-1.245266e+01	-1.454784e+02
4.650000e-06	-2.824678e-09	-1.310393e-09	-1.276456e+01	-1.488393e+02
4.660000e-06	-2.893186e-09	-1.342029e-09	-1.307415e+01	-1.521821e+02
4.670000e-06	-2.961252e-09	-1.371146e-09	-1.338173e+01	-1.555064e+02
4.680000e-06	-3.028967e-09	-1.398652e-09	-1.368773e+01	-1.588117e+02
4.690000e-06	-3.096415e-09	-1.425547e-09	-1.399252e+01	-1.620977e+02
4.700000e-06	-3.163593e-09	-1.452711e-09	-1.429610e+01	-1.653639e+02
4.710000e-06	-3.230461e-09	-1.480802e-09	-1.459827e+01	-1.686100e+02
4.720000e-06	-3.296966e-09	-1.509351e-09	-1.489880e+01	-1.718355e+02
4.730000e-06	-3.363083e-09	-1.537348e-09	-1.519759e+01	-1.750401e+02
4.740000e-06	-3.428806e-09	-1.566907e-09	-1.549458e+01	-1.782234e+02
4.750000e-06	-3.494130e-09	-1.598803e-09	-1.578978e+01	-1.813849e+02
4.760000e-06	-3.559043e-09	-1.630931e-09	-1.608311e+01	-1.845244e+02
4.770000e-06	-3.623516e-09	-1.661188e-09	-1.637447e+01	-1.876414e+02
4.780000e-06	-3.687572e-09	-1.688256e-09	-1.666393e+01	-1.907356e+02
4.790000e-06	-3.751264e-09	-1.713489e-09	-1.695175e+01	-1.938065e+02
4.800000e-06	-3.814619e-09	-1.738921e-09	-1.723805e+01	-1.968538e+02
4.810000e-06	-3.877626e-09	-1.764334e-09	-1.752277e+01	-1.998771e+02
4.820000e-06	-3.940172e-09	-1.789687e-09	-1.780542e+01	-2.028761e+02
4.830000e-06	-4.002104e-09	-1.815694e-09	-1.808529e+01	-2.058504e+02
4.840000e-06	-4.063323e-09	-1.843708e-09	-1.836193e+01	-2.087996e+02
4.850000e-06	-4.123819e-09	-1.873436e-09	-1.863531e+01	-2.117234e+02
4.860000e-06	-4.183739e-09	-1.901878e-09	-1.890608e+01	-2.146214e+02
4.870000e-06	-4.243256e-09	-1.926826e-09	-1.917503e+01	-2.174932e+02
4.880000e-06	-4.302400e-09	-1.949531e-09	-1.944230e+01	-2.203386e+02
4.890000e-06	-4.361116e-09	-1.972660e-09	-1.970764e+01	-2.231572e+02
4.900000e-06	-4.419337e-09	-1.997322e-09	-1.997074e+01	-2.259485e+02
4.910000e-06	-4.477034e-09	-2.022834e-09	-2.023147e+01	-2.287124e+02
4.920000e-06	-4.534203e-09	-2.048849e-09	-2.048981e+01	-2.314484e+02
4.930000e-06	-4.590827e-09	-2.075282e-09	-2.074569e+01	-2.341562e+02
4.940000e-06	-4.646912e-09	-2.101781e-09	-2.099913e+01	-2.368355e+02
4.950000e-06	-4.702521e-09	-2.126848e-09	-2.125043e+01	-2.394859e+02
4.960000e-06	-4.757705e-09	-2.148894e-09	-2.149980e+01	-2.421072e+02
4.970000e-06	-4.812356e-09	-2.168966e-09	-2.174676e+01	-2.446990e+02
4.980000e-06	-4.866248e-09	-2.189290e-09	-2.199030e+01	-2.472611e+02
4.990000e-06	-4.919249e-09	-2.211160e-09	-2.222981e+01	-2.497930e+02
5.000000e-06	-4.971418e-09	-2.234007e-09	-2.246556e+01	-2.522945e+02
5.010000e-06	-5.022922e-09	-2.256502e-09	-2.269830e+01	-2.547652e+02
5.020000e-06	-5.073823e-09	-2.277425e-09	-2.292832e+01	-2.572050e+02
5.030000e-06	-5.124078e-09	-2.297312e-09	-2.315542e+01	-2.596134e+02
5.040000e-06	-5.173687e-09	-2.317574e-09	-2.337960e+01	-2.619902e+02
5.050000e-06	-5.222589e-09	-2.338719e-09	-2.360059e+01	-2.643351e+02
5.060000e-06	-5.270587e-09	-2.360203e-09	-2.381748e+01	-2.666479e+02
5.070000e-06	-5.317638e-09	-2.380515e-09	-2.403011e+01	-2.689281e+02
5.080000e-06	-5.363953e-09	-2.398996e-09	-2.423940e+01	-2.711756e+02
5.090000e-06	-5.409745e-09	-2.415369e-09	-2.444633e+01	-2.733902e+02
5.100000e-06	-5.455049e-09	-2.431235e-09	-2.465106e+01	-2.755714e+02
5.110000e-06	-5.499757e-09	-2.449161e-09	-2.485309e+01	-2.777190e+02
5.120000e-06	-5.543846e-09	-2.468777e-09	-2.505233e+01	-2.798329e+02
5.130000e-06	-5.587433e-09	-2.487739e-09	-2.524930e+01	-2.819126e+02
5.140000e-06	-5.630567e-09	-2.505413e-09	-2.544422e+01	-2.839581e+02
5.150000e-06	-5.673119e-09	-2.522269e-09	-2.563651e+01	-2.859690e+02
5.160000e-06	-5.715013e-09	-2.537074e-09	-2.582582e+01	-2.879450e+02
5.170000e-06	-5.756268e-09	-2.549000e-09	-2.601225e+01	-2.898860e+02
5.180000e-06	-5.796857e-09	-2.560347e-09	-2.619567e+01	-2.917917e+02
5.190000e-06	-5.836804e-09	-2.574071e-09	-2.637619e+01	-2.936619e+02
5.200000e-06	-5.876223e-09	-2.590567e-09	-2.655432e+01	-2.954963e+02
5.210000e-06	-5.915039e-09	-2.607581e-09	-2.672973e+01	-2.972948e+02
5.220000e-06	-5.952990e-09	-2.622432e-09	-2.690123e+01	-2.990571e+02
5.230000e-06	-5.989932e-09	-2.634727e-09	-2.706817e+01	-3.007829e+02
5.240000e-06	-6.025998e-09	-2.645096e-09	-2.723115e+01	-3.024721e+02
5.250000e-06	-6.061445e-09	-2.655169e-09	-2.739133e+01	-3.041245e+02
5.260000e-06	-6.096307e-09	-2.667390e-09	-2.754887e+01	-3.057399e+02
5.270000e-06	-6.130465e-09	-2.681259e-09	-2.770323e+01	-3.073180e+02
5.280000e-06	-6.163893e-09	-2.694566e-09	-2.785429e+01	-3.088588e+02
5.290000e-06	-6.196582e-09	-2.706450e-09	-2.800201e+01	-3.103619e+02
5.300000e-06	-6.228581e-09	-2.717168e-09	-2.814661e+01	-3.118272e+02
5.310000e-06	-6.260020e-09	-2.726820e-09	-2.828868e+01	-3.132546e+02
5.320000e-06	-6.290801e-09	-2.734794e-09	-2.842778e+01	-3.146439e+02
5.330000e-06	-6.320610e-09	-2.741518e-09	-2.856248e+01	-3.159948e+02
5.340000e-06	-6.349318e-09	-2.748935e-09	-2.869221e+01	-3.173073e+02
5.350000e-06	-6.377174e-09	-2.759332e-09	-2.881809e+01	-3.185811e+02
5.360000e-06	-6.404433e-09	-2.771809e-09	-2.894127e+01	-3.198161e+02
5.370000e-06	-6.431045e-09	-2.782412e-09	-2.906153e+01	-3.210123e+02
5.380000e-06	-6.456882e-09	-2.788451e-09	-2.917829e+01	-3.221693e+02
5.390000e-06	-6.481903e-09	-2.792400e-09	-2.929135e+01	-3.232871e+02
5.400000e-06	-6.506156e-09	-2.799123e-09	-2.940095e+01	-3.243655e+02
5.410000e-06	-6.529795e-09	-2.809006e-09	-2.950778e+01	-3.254045e+02
5.420000e-06	-6.552862e-09	-2.818822e-09	-2.961202e+01	-3.264038e+02
5.430000e-06	-6.575070e-09	-2.826337e-09	-2.971237e+01	-3.273635e+02
5.440000e-06	-6.596121e-09	-2.831784e-09	-2.980750e+01	-3.282832e+02
5.450000e-06	-6.616166e-09	-2.837619e-09	-2.989808e+01	-3.291630e+02
5.460000e-06	-6.635552e-09	-2.844956e-09	-2.998569e+01	-3.300027e+02
5.470000e-06	-6.654309e-09	-2.851242e-09	-3.007045e+01	-3.308023e+02
5.480000e-06	-6.672313e-09	-2.854822e-09	-3.015181e+01	-3.315615e+02
5.490000e-06	-6.689559e-09	-2.858885e-09	-3.022974e+01	-3.322804e+02
5.500000e-06	-6.706030e-09	-2.866366e-09	-3.030417e+01	-3.329589e+02
5.510000e-06	-6.721813e-09	-2.874720e-09	-3.037550e+01	-3.335968e+02
5.520000e-06	-6.736987e-09	-2.879847e-09	-3.044406e+01	-3.341941e+02
5.530000e-06	-6.751214e-09	-2.881278e-09	-3.050836e+01	-3.347507e+02
5.540000e-06	-6.764164e-09	-2.883067e-09	-3.056688e+01	-3.352666e+02
5.550000e-06	-6.776029e-09	-2.888529e-09	-3.062049e+01	-3.357416e+02
5.560000e-06	-6.787061e-09	-2.896652e-09	-3.067034e+01	-3.361758e+02
5.570000e-06	-6.797289e-09	-2.902464e-09	-3.071657e+01	-3.365691e+02
5.580000e-06	-6.806739e-09	-2.903762e-09	-3.075927e+01	-3.369213e+02
5.590000e-06	-6.815391e-09	-2.904079e-09	-3.079837e+01	-3.372326e+02
5.600000e-06	-6.823313e-09	-2.906107e-09	-3.083417e+01	-3.375028e+02
5.610000e-06	-6.830651e-09	-2.908427e-09	-3.086733e+01	-3.377319e+02
5.620000e-06	-6.837235e-09	-2.908699e-09	-3.089708e+01	-3.379199e+02
5.630000e-06	-6.842724e-09	-2.908028e-09	-3.092189e+01	-3.380668e+02
5.640000e-06	-6.847105e-09	-2.909000e-09	-3.094168e+01	-3.381725e+02
5.650000e-06	-6.850700e-09	-2.912087e-09	-3.095793e+01	-3.382370e+02
5.660000e-06	-6.853650e-09	-2.914055e-09	-3.097126e+01	-3.382604e+02
5.670000e-06	-6.855853e-09	-2.910838e-09	-3.098121e+01	-3.382426e+02
5.680000e-06	-6.857321e-09	-2.904421e-09	-3.098785e+01	-3.381836e+02
5.690000e-06	-6.857987e-09	-2.901171e-09	-3.099086e+01	-3.380834e+02
