# Temperatura_=_20.0
# Concentracion g/m^3_=_10000.0
# C_Vs_to_Am_M_A/Vsm_=_116720831517.84952
# pendiente_HvsI_1/m_=_3716.3
# ordenada_HvsI_A/m_=_1297.0
# frecuencia_Hz_=_135261.40159478108
# Promedio de 27 ciclos

Tiempo_(s)	Campo_(V.s)	Magnetizacion_(V.s)	Campo_(kA/m)	Magnetizacion_(A/m)
0.000000e+00	-7.367793e-09	-3.123526e-09	-3.838535e+01	-3.608958e+02
1.000000e-08	-7.367666e-09	-3.122113e-09	-3.838469e+01	-3.608315e+02
2.000000e-08	-7.367220e-09	-3.120118e-09	-3.838237e+01	-3.607411e+02
3.000000e-08	-7.366424e-09	-3.120060e-09	-3.837822e+01	-3.606246e+02
4.000000e-08	-7.365157e-09	-3.120393e-09	-3.837161e+01	-3.604820e+02
5.000000e-08	-7.363259e-09	-3.118837e-09	-3.836173e+01	-3.603133e+02
6.000000e-08	-7.360614e-09	-3.115914e-09	-3.834795e+01	-3.601186e+02
7.000000e-08	-7.357206e-09	-3.117290e-09	-3.833019e+01	-3.598978e+02
8.000000e-08	-7.353119e-09	-3.105993e-09	-3.830890e+01	-3.596510e+02
9.000000e-08	-7.348405e-09	-3.076589e-09	-3.828434e+01	-3.593782e+02
1.000000e-07	-7.343005e-09	-3.081585e-09	-3.825620e+01	-3.590794e+02
1.100000e-07	-7.337000e-09	-3.132933e-09	-3.822492e+01	-3.587546e+02
1.200000e-07	-7.330680e-09	-3.121320e-09	-3.819199e+01	-3.584039e+02
1.300000e-07	-7.324140e-09	-3.063958e-09	-3.815792e+01	-3.580272e+02
1.400000e-07	-7.317147e-09	-3.051130e-09	-3.812149e+01	-3.576247e+02
1.500000e-07	-7.309531e-09	-3.114282e-09	-3.808181e+01	-3.571963e+02
1.600000e-07	-7.301445e-09	-3.105102e-09	-3.803968e+01	-3.567420e+02
1.700000e-07	-7.293059e-09	-3.024702e-09	-3.799599e+01	-3.562620e+02
1.800000e-07	-7.284272e-09	-3.033845e-09	-3.795021e+01	-3.557562e+02
1.900000e-07	-7.274950e-09	-3.094050e-09	-3.790164e+01	-3.552246e+02
2.000000e-07	-7.265091e-09	-3.073095e-09	-3.785028e+01	-3.546674e+02
2.100000e-07	-7.254615e-09	-3.005373e-09	-3.779570e+01	-3.540845e+02
2.200000e-07	-7.243316e-09	-3.034371e-09	-3.773683e+01	-3.534759e+02
2.300000e-07	-7.231240e-09	-3.068066e-09	-3.767392e+01	-3.528419e+02
2.400000e-07	-7.218649e-09	-3.024882e-09	-3.760832e+01	-3.521823e+02
2.500000e-07	-7.205547e-09	-2.988086e-09	-3.754006e+01	-3.514972e+02
2.600000e-07	-7.191792e-09	-3.027639e-09	-3.746840e+01	-3.507867e+02
2.700000e-07	-7.177408e-09	-3.028109e-09	-3.739346e+01	-3.500508e+02
2.800000e-07	-7.162445e-09	-2.979543e-09	-3.731551e+01	-3.492897e+02
2.900000e-07	-7.146774e-09	-2.982185e-09	-3.723386e+01	-3.485032e+02
3.000000e-07	-7.130291e-09	-3.017286e-09	-3.714798e+01	-3.476916e+02
3.100000e-07	-7.113134e-09	-2.972278e-09	-3.705860e+01	-3.468547e+02
3.200000e-07	-7.095500e-09	-2.944401e-09	-3.696672e+01	-3.459929e+02
3.300000e-07	-7.077509e-09	-2.977304e-09	-3.687300e+01	-3.451059e+02
3.400000e-07	-7.059165e-09	-2.966200e-09	-3.677743e+01	-3.441940e+02
3.500000e-07	-7.040350e-09	-2.920554e-09	-3.667940e+01	-3.432573e+02
3.600000e-07	-7.020958e-09	-2.940382e-09	-3.657837e+01	-3.422957e+02
3.700000e-07	-7.001048e-09	-2.957311e-09	-3.647464e+01	-3.413093e+02
3.800000e-07	-6.980779e-09	-2.905401e-09	-3.636904e+01	-3.402982e+02
3.900000e-07	-6.960198e-09	-2.887703e-09	-3.626182e+01	-3.392626e+02
4.000000e-07	-6.939216e-09	-2.912226e-09	-3.615250e+01	-3.382024e+02
4.100000e-07	-6.917739e-09	-2.892559e-09	-3.604061e+01	-3.371177e+02
4.200000e-07	-6.895774e-09	-2.857376e-09	-3.592617e+01	-3.360086e+02
4.300000e-07	-6.873341e-09	-2.869194e-09	-3.580930e+01	-3.348753e+02
4.400000e-07	-6.850452e-09	-2.866237e-09	-3.569005e+01	-3.337177e+02
4.500000e-07	-6.827090e-09	-2.841484e-09	-3.556834e+01	-3.325360e+02
4.600000e-07	-6.803227e-09	-2.834355e-09	-3.544401e+01	-3.313302e+02
4.700000e-07	-6.778979e-09	-2.829448e-09	-3.531768e+01	-3.301004e+02
4.800000e-07	-6.754419e-09	-2.800134e-09	-3.518973e+01	-3.288468e+02
4.900000e-07	-6.729448e-09	-2.791722e-09	-3.505963e+01	-3.275694e+02
5.000000e-07	-6.703918e-09	-2.791610e-09	-3.492662e+01	-3.262683e+02
5.100000e-07	-6.677699e-09	-2.777289e-09	-3.479003e+01	-3.249436e+02
5.200000e-07	-6.650723e-09	-2.758446e-09	-3.464948e+01	-3.235954e+02
5.300000e-07	-6.623065e-09	-2.752406e-09	-3.450539e+01	-3.222237e+02
5.400000e-07	-6.594921e-09	-2.739346e-09	-3.435876e+01	-3.208288e+02
5.500000e-07	-6.566431e-09	-2.726088e-09	-3.421033e+01	-3.194107e+02
5.600000e-07	-6.537595e-09	-2.709986e-09	-3.406010e+01	-3.179694e+02
5.700000e-07	-6.508353e-09	-2.694221e-09	-3.390775e+01	-3.165052e+02
5.800000e-07	-6.478662e-09	-2.682523e-09	-3.375307e+01	-3.150180e+02
5.900000e-07	-6.448533e-09	-2.672359e-09	-3.359610e+01	-3.135081e+02
6.000000e-07	-6.418022e-09	-2.655729e-09	-3.343714e+01	-3.119755e+02
6.100000e-07	-6.387123e-09	-2.641102e-09	-3.327616e+01	-3.104203e+02
6.200000e-07	-6.355746e-09	-2.623597e-09	-3.311269e+01	-3.088427e+02
6.300000e-07	-6.323911e-09	-2.607225e-09	-3.294683e+01	-3.072427e+02
6.400000e-07	-6.291735e-09	-2.599434e-09	-3.277920e+01	-3.056205e+02
6.500000e-07	-6.259276e-09	-2.589894e-09	-3.261009e+01	-3.039762e+02
6.600000e-07	-6.226495e-09	-2.572237e-09	-3.243930e+01	-3.023099e+02
6.700000e-07	-6.193241e-09	-2.555828e-09	-3.226605e+01	-3.006217e+02
6.800000e-07	-6.159302e-09	-2.542259e-09	-3.208924e+01	-2.989118e+02
6.900000e-07	-6.124622e-09	-2.525552e-09	-3.190855e+01	-2.971803e+02
7.000000e-07	-6.089273e-09	-2.511064e-09	-3.172439e+01	-2.954272e+02
7.100000e-07	-6.053390e-09	-2.495095e-09	-3.153744e+01	-2.936528e+02
7.200000e-07	-6.017163e-09	-2.478008e-09	-3.134871e+01	-2.918572e+02
7.300000e-07	-5.980673e-09	-2.464877e-09	-3.115860e+01	-2.900404e+02
7.400000e-07	-5.943891e-09	-2.454039e-09	-3.096696e+01	-2.882026e+02
7.500000e-07	-5.906769e-09	-2.435146e-09	-3.077356e+01	-2.863440e+02
7.600000e-07	-5.869233e-09	-2.416024e-09	-3.057800e+01	-2.844647e+02
7.700000e-07	-5.831241e-09	-2.398779e-09	-3.038007e+01	-2.825648e+02
7.800000e-07	-5.792821e-09	-2.384500e-09	-3.017991e+01	-2.806444e+02
7.900000e-07	-5.753978e-09	-2.369003e-09	-2.997754e+01	-2.787038e+02
8.000000e-07	-5.714725e-09	-2.350979e-09	-2.977303e+01	-2.767430e+02
8.100000e-07	-5.675074e-09	-2.328833e-09	-2.956646e+01	-2.747621e+02
8.200000e-07	-5.635051e-09	-2.312018e-09	-2.935794e+01	-2.727614e+02
8.300000e-07	-5.594742e-09	-2.298139e-09	-2.914794e+01	-2.707409e+02
8.400000e-07	-5.554188e-09	-2.283224e-09	-2.893666e+01	-2.687009e+02
8.500000e-07	-5.513326e-09	-2.263363e-09	-2.872377e+01	-2.666414e+02
8.600000e-07	-5.472029e-09	-2.242864e-09	-2.850862e+01	-2.645626e+02
8.700000e-07	-5.430215e-09	-2.222513e-09	-2.829077e+01	-2.624647e+02
8.800000e-07	-5.387859e-09	-2.203083e-09	-2.807010e+01	-2.603478e+02
8.900000e-07	-5.344921e-09	-2.182300e-09	-2.784640e+01	-2.582120e+02
9.000000e-07	-5.301435e-09	-2.163088e-09	-2.761984e+01	-2.560576e+02
9.100000e-07	-5.257510e-09	-2.145635e-09	-2.739100e+01	-2.538846e+02
9.200000e-07	-5.213239e-09	-2.130534e-09	-2.716035e+01	-2.516933e+02
9.300000e-07	-5.168680e-09	-2.115600e-09	-2.692820e+01	-2.494837e+02
9.400000e-07	-5.123839e-09	-2.098917e-09	-2.669459e+01	-2.472561e+02
9.500000e-07	-5.078658e-09	-2.078211e-09	-2.645920e+01	-2.450106e+02
9.600000e-07	-5.033130e-09	-2.052451e-09	-2.622200e+01	-2.427474e+02
9.700000e-07	-4.987237e-09	-2.025880e-09	-2.598290e+01	-2.404666e+02
9.800000e-07	-4.940980e-09	-2.001521e-09	-2.574191e+01	-2.381684e+02
9.900000e-07	-4.894400e-09	-1.979746e-09	-2.549923e+01	-2.358530e+02
1.000000e-06	-4.847477e-09	-1.960155e-09	-2.525477e+01	-2.335205e+02
1.010000e-06	-4.800216e-09	-1.943492e-09	-2.500855e+01	-2.311711e+02
1.020000e-06	-4.752656e-09	-1.927526e-09	-2.476077e+01	-2.288049e+02
1.030000e-06	-4.704812e-09	-1.909010e-09	-2.451150e+01	-2.264222e+02
1.040000e-06	-4.656678e-09	-1.884238e-09	-2.426073e+01	-2.240232e+02
1.050000e-06	-4.608235e-09	-1.856646e-09	-2.400835e+01	-2.216079e+02
1.060000e-06	-4.559474e-09	-1.830277e-09	-2.375431e+01	-2.191765e+02
1.070000e-06	-4.510369e-09	-1.809377e-09	-2.349848e+01	-2.167293e+02
1.080000e-06	-4.460814e-09	-1.791813e-09	-2.324030e+01	-2.142665e+02
1.090000e-06	-4.410737e-09	-1.774565e-09	-2.297940e+01	-2.117881e+02
1.100000e-06	-4.360131e-09	-1.753563e-09	-2.271575e+01	-2.092943e+02
1.110000e-06	-4.309035e-09	-1.729932e-09	-2.244955e+01	-2.067855e+02
1.120000e-06	-4.257513e-09	-1.704040e-09	-2.218113e+01	-2.042616e+02
1.130000e-06	-4.205608e-09	-1.678859e-09	-2.191071e+01	-2.017230e+02
1.140000e-06	-4.153353e-09	-1.653257e-09	-2.163846e+01	-1.991698e+02
1.150000e-06	-4.100798e-09	-1.627772e-09	-2.136466e+01	-1.966021e+02
1.160000e-06	-4.047966e-09	-1.604217e-09	-2.108941e+01	-1.940202e+02
1.170000e-06	-3.994825e-09	-1.582785e-09	-2.081255e+01	-1.914243e+02
1.180000e-06	-3.941360e-09	-1.560543e-09	-2.053400e+01	-1.888145e+02
1.190000e-06	-3.887584e-09	-1.535816e-09	-2.025384e+01	-1.861911e+02
1.200000e-06	-3.833522e-09	-1.508720e-09	-1.997218e+01	-1.835541e+02
1.210000e-06	-3.779213e-09	-1.483158e-09	-1.968924e+01	-1.809039e+02
1.220000e-06	-3.724651e-09	-1.460065e-09	-1.940497e+01	-1.782406e+02
1.230000e-06	-3.669824e-09	-1.438187e-09	-1.911933e+01	-1.755644e+02
1.240000e-06	-3.614747e-09	-1.414666e-09	-1.883239e+01	-1.728754e+02
1.250000e-06	-3.559418e-09	-1.389268e-09	-1.854413e+01	-1.701740e+02
1.260000e-06	-3.503845e-09	-1.363682e-09	-1.825460e+01	-1.674602e+02
1.270000e-06	-3.448033e-09	-1.338949e-09	-1.796383e+01	-1.647343e+02
1.280000e-06	-3.392007e-09	-1.314911e-09	-1.767193e+01	-1.619964e+02
1.290000e-06	-3.335810e-09	-1.290387e-09	-1.737915e+01	-1.592468e+02
1.300000e-06	-3.279470e-09	-1.266337e-09	-1.708563e+01	-1.564857e+02
1.310000e-06	-3.223003e-09	-1.244005e-09	-1.679144e+01	-1.537133e+02
1.320000e-06	-3.166411e-09	-1.222842e-09	-1.649660e+01	-1.509297e+02
1.330000e-06	-3.109661e-09	-1.199523e-09	-1.620094e+01	-1.481352e+02
1.340000e-06	-3.052713e-09	-1.171775e-09	-1.590425e+01	-1.453299e+02
1.350000e-06	-2.995536e-09	-1.142614e-09	-1.560637e+01	-1.425142e+02
1.360000e-06	-2.938099e-09	-1.117286e-09	-1.530712e+01	-1.396881e+02
1.370000e-06	-2.880362e-09	-1.094216e-09	-1.500632e+01	-1.368519e+02
1.380000e-06	-2.822279e-09	-1.072035e-09	-1.470372e+01	-1.340057e+02
1.390000e-06	-2.763853e-09	-1.048584e-09	-1.439932e+01	-1.311499e+02
1.400000e-06	-2.705136e-09	-1.024754e-09	-1.409342e+01	-1.282845e+02
1.410000e-06	-2.646159e-09	-1.000722e-09	-1.378615e+01	-1.254099e+02
1.420000e-06	-2.586903e-09	-9.762135e-10	-1.347744e+01	-1.225262e+02
1.430000e-06	-2.527378e-09	-9.486097e-10	-1.316732e+01	-1.196335e+02
1.440000e-06	-2.467632e-09	-9.186140e-10	-1.285605e+01	-1.167323e+02
1.450000e-06	-2.407700e-09	-8.889593e-10	-1.254381e+01	-1.138225e+02
1.460000e-06	-2.347607e-09	-8.620073e-10	-1.223073e+01	-1.109045e+02
1.470000e-06	-2.287381e-09	-8.372377e-10	-1.191696e+01	-1.079785e+02
1.480000e-06	-2.227031e-09	-8.123651e-10	-1.160254e+01	-1.050446e+02
1.490000e-06	-2.166573e-09	-7.865120e-10	-1.128757e+01	-1.021031e+02
1.500000e-06	-2.106028e-09	-7.617501e-10	-1.097213e+01	-9.915421e+01
1.510000e-06	-2.045392e-09	-7.373154e-10	-1.065622e+01	-9.619812e+01
1.520000e-06	-1.984671e-09	-7.106914e-10	-1.033987e+01	-9.323506e+01
1.530000e-06	-1.923864e-09	-6.820479e-10	-1.002308e+01	-9.026523e+01
1.540000e-06	-1.862963e-09	-6.525872e-10	-9.705788e+00	-8.728885e+01
1.550000e-06	-1.801975e-09	-6.237892e-10	-9.388049e+00	-8.430613e+01
1.560000e-06	-1.740877e-09	-5.967471e-10	-9.069734e+00	-8.131729e+01
1.570000e-06	-1.679625e-09	-5.709251e-10	-8.750621e+00	-7.832255e+01
1.580000e-06	-1.618259e-09	-5.473111e-10	-8.430907e+00	-7.532213e+01
1.590000e-06	-1.556814e-09	-5.273700e-10	-8.110786e+00	-7.231623e+01
1.600000e-06	-1.495252e-09	-5.070290e-10	-7.790055e+00	-6.930508e+01
1.610000e-06	-1.433567e-09	-4.819400e-10	-7.468683e+00	-6.628889e+01
1.620000e-06	-1.371773e-09	-4.518798e-10	-7.146745e+00	-6.326789e+01
1.630000e-06	-1.309866e-09	-4.197244e-10	-6.824216e+00	-6.024229e+01
1.640000e-06	-1.247860e-09	-3.905103e-10	-6.501171e+00	-5.721230e+01
1.650000e-06	-1.185769e-09	-3.661017e-10	-6.177685e+00	-5.417815e+01
1.660000e-06	-1.123590e-09	-3.446811e-10	-5.853743e+00	-5.114006e+01
1.670000e-06	-1.061347e-09	-3.229626e-10	-5.529462e+00	-4.809825e+01
1.680000e-06	-9.990547e-10	-2.986202e-10	-5.204926e+00	-4.505293e+01
1.690000e-06	-9.367036e-10	-2.738521e-10	-4.880083e+00	-4.200433e+01
1.700000e-06	-8.743010e-10	-2.476921e-10	-4.554973e+00	-3.895267e+01
1.710000e-06	-8.118450e-10	-2.203201e-10	-4.229585e+00	-3.589816e+01
1.720000e-06	-7.493381e-10	-1.937300e-10	-3.903930e+00	-3.284104e+01
1.730000e-06	-6.867856e-10	-1.693065e-10	-3.578039e+00	-2.978151e+01
1.740000e-06	-6.241712e-10	-1.461890e-10	-3.251825e+00	-2.671980e+01
1.750000e-06	-5.615166e-10	-1.223337e-10	-2.925402e+00	-2.365613e+01
1.760000e-06	-4.988012e-10	-9.646885e-11	-2.598662e+00	-2.059072e+01
1.770000e-06	-4.360307e-10	-6.944770e-11	-2.271635e+00	-1.752380e+01
1.780000e-06	-3.732467e-10	-4.455783e-11	-1.944538e+00	-1.445558e+01
1.790000e-06	-3.104436e-10	-2.287917e-11	-1.617341e+00	-1.138629e+01
1.800000e-06	-2.476137e-10	-1.176947e-12	-1.290004e+00	-8.316146e+00
1.810000e-06	-1.847688e-10	2.429140e-11	-9.625891e-01	-5.245374e+00
1.820000e-06	-1.219398e-10	5.358388e-11	-6.352575e-01	-2.174195e+00
1.830000e-06	-5.912388e-11	8.203135e-11	-3.079938e-01	8.971692e-01
1.840000e-06	3.698873e-12	1.073413e-10	1.930553e-02	3.968498e+00
1.850000e-06	6.652357e-11	1.313041e-10	3.466149e-01	7.039568e+00
1.860000e-06	1.293515e-10	1.561228e-10	6.739412e-01	1.011016e+01
1.870000e-06	1.921751e-10	1.804185e-10	1.001245e+00	1.318005e+01
1.880000e-06	2.549725e-10	2.029714e-10	1.328412e+00	1.624901e+01
1.890000e-06	3.177447e-10	2.250605e-10	1.655448e+00	1.931683e+01
1.900000e-06	3.805074e-10	2.488476e-10	1.982434e+00	2.238328e+01
1.910000e-06	4.432655e-10	2.759145e-10	2.309397e+00	2.544815e+01
1.920000e-06	5.059972e-10	3.036906e-10	2.636222e+00	2.851120e+01
1.930000e-06	5.686867e-10	3.285928e-10	2.962827e+00	3.157222e+01
1.940000e-06	6.313273e-10	3.494713e-10	3.289177e+00	3.463099e+01
1.950000e-06	6.939143e-10	3.696499e-10	3.615248e+00	3.768729e+01
1.960000e-06	7.564501e-10	3.931657e-10	3.941053e+00	4.074089e+01
1.970000e-06	8.189180e-10	4.195347e-10	4.266503e+00	4.379158e+01
1.980000e-06	8.813095e-10	4.459441e-10	4.591556e+00	4.683913e+01
1.990000e-06	9.436376e-10	4.708021e-10	4.916278e+00	4.988333e+01
2.000000e-06	1.005904e-09	4.939312e-10	5.240676e+00	5.292395e+01
2.010000e-06	1.068113e-09	5.170411e-10	5.564783e+00	5.596077e+01
2.020000e-06	1.130270e-09	5.401374e-10	5.888612e+00	5.899358e+01
2.030000e-06	1.192343e-09	5.622035e-10	6.212006e+00	6.202216e+01
2.040000e-06	1.254320e-09	5.853237e-10	6.534900e+00	6.504629e+01
2.050000e-06	1.316207e-09	6.114984e-10	6.857320e+00	6.806574e+01
2.060000e-06	1.377977e-09	6.399420e-10	7.179135e+00	7.108031e+01
2.070000e-06	1.439639e-09	6.659622e-10	7.500386e+00	7.408976e+01
2.080000e-06	1.501196e-09	6.869266e-10	7.821095e+00	7.709390e+01
2.090000e-06	1.562645e-09	7.056460e-10	8.141235e+00	8.009249e+01
2.100000e-06	1.623977e-09	7.265899e-10	8.460767e+00	8.308533e+01
2.110000e-06	1.685165e-09	7.509844e-10	8.779548e+00	8.607219e+01
2.120000e-06	1.746211e-09	7.759546e-10	9.097594e+00	8.905286e+01
2.130000e-06	1.807133e-09	7.996607e-10	9.414986e+00	9.202712e+01
2.140000e-06	1.867952e-09	8.239689e-10	9.731850e+00	9.499477e+01
2.150000e-06	1.928710e-09	8.504779e-10	1.004839e+01	9.795558e+01
2.160000e-06	1.989396e-09	8.776864e-10	1.036456e+01	1.009093e+02
2.170000e-06	2.049989e-09	9.025364e-10	1.068024e+01	1.038558e+02
2.180000e-06	2.110494e-09	9.244658e-10	1.099547e+01	1.067949e+02
2.190000e-06	2.170912e-09	9.472310e-10	1.131024e+01	1.097262e+02
2.200000e-06	2.231252e-09	9.711579e-10	1.162460e+01	1.126496e+02
2.210000e-06	2.291499e-09	9.947437e-10	1.193848e+01	1.155650e+02
2.220000e-06	2.351614e-09	1.016657e-09	1.225167e+01	1.184720e+02
2.230000e-06	2.411557e-09	1.038696e-09	1.256397e+01	1.213705e+02
2.240000e-06	2.471288e-09	1.064236e-09	1.287516e+01	1.242602e+02
2.250000e-06	2.530776e-09	1.092456e-09	1.318508e+01	1.271410e+02
2.260000e-06	2.590008e-09	1.116658e-09	1.349368e+01	1.300126e+02
2.270000e-06	2.648964e-09	1.135802e-09	1.380083e+01	1.328749e+02
2.280000e-06	2.707606e-09	1.156221e-09	1.410635e+01	1.357276e+02
2.290000e-06	2.765938e-09	1.181449e-09	1.441025e+01	1.385705e+02
2.300000e-06	2.823967e-09	1.208729e-09	1.471258e+01	1.414034e+02
2.310000e-06	2.881678e-09	1.233520e-09	1.501324e+01	1.442262e+02
2.320000e-06	2.939068e-09	1.256246e-09	1.531224e+01	1.470385e+02
2.330000e-06	2.996197e-09	1.279608e-09	1.560987e+01	1.498403e+02
2.340000e-06	3.053113e-09	1.305037e-09	1.590639e+01	1.526312e+02
2.350000e-06	3.109828e-09	1.329574e-09	1.620187e+01	1.554112e+02
2.360000e-06	3.166376e-09	1.349885e-09	1.649648e+01	1.581800e+02
2.370000e-06	3.222782e-09	1.369376e-09	1.679035e+01	1.609373e+02
2.380000e-06	3.279057e-09	1.393138e-09	1.708354e+01	1.636831e+02
2.390000e-06	3.335159e-09	1.419518e-09	1.737582e+01	1.664171e+02
2.400000e-06	3.391069e-09	1.442182e-09	1.766711e+01	1.691390e+02
2.410000e-06	3.446756e-09	1.459485e-09	1.795723e+01	1.718488e+02
2.420000e-06	3.502185e-09	1.477152e-09	1.824601e+01	1.745462e+02
2.430000e-06	3.557376e-09	1.500566e-09	1.853355e+01	1.772310e+02
2.440000e-06	3.612335e-09	1.527170e-09	1.881988e+01	1.799031e+02
2.450000e-06	3.667056e-09	1.550920e-09	1.910497e+01	1.825621e+02
2.460000e-06	3.721545e-09	1.571219e-09	1.938885e+01	1.852080e+02
2.470000e-06	3.775799e-09	1.592072e-09	1.967151e+01	1.878406e+02
2.480000e-06	3.829784e-09	1.616426e-09	1.995276e+01	1.904596e+02
2.490000e-06	3.883479e-09	1.640018e-09	2.023251e+01	1.930649e+02
2.500000e-06	3.936880e-09	1.658893e-09	2.051072e+01	1.956562e+02
2.510000e-06	3.989964e-09	1.675222e-09	2.078728e+01	1.982335e+02
2.520000e-06	4.042739e-09	1.695905e-09	2.106224e+01	2.007965e+02
2.530000e-06	4.095221e-09	1.721984e-09	2.133566e+01	2.033449e+02
2.540000e-06	4.147395e-09	1.747443e-09	2.160748e+01	2.058787e+02
2.550000e-06	4.199223e-09	1.768212e-09	2.187750e+01	2.083977e+02
2.560000e-06	4.250639e-09	1.786459e-09	2.214537e+01	2.109017e+02
2.570000e-06	4.301587e-09	1.806592e-09	2.241080e+01	2.133904e+02
2.580000e-06	4.352028e-09	1.828147e-09	2.267359e+01	2.158637e+02
2.590000e-06	4.401976e-09	1.847704e-09	2.293381e+01	2.183215e+02
2.600000e-06	4.451464e-09	1.864155e-09	2.319164e+01	2.207636e+02
2.610000e-06	4.500549e-09	1.881268e-09	2.344737e+01	2.231897e+02
2.620000e-06	4.549321e-09	1.902924e-09	2.370146e+01	2.255997e+02
2.630000e-06	4.597847e-09	1.926496e-09	2.395428e+01	2.279934e+02
2.640000e-06	4.646149e-09	1.944865e-09	2.420592e+01	2.303707e+02
2.650000e-06	4.694184e-09	1.959729e-09	2.445618e+01	2.327314e+02
2.660000e-06	4.741904e-09	1.977578e-09	2.470480e+01	2.350753e+02
2.670000e-06	4.789284e-09	1.998699e-09	2.495164e+01	2.374023e+02
2.680000e-06	4.836312e-09	2.019647e-09	2.519665e+01	2.397121e+02
2.690000e-06	4.882990e-09	2.037671e-09	2.543984e+01	2.420046e+02
2.700000e-06	4.929357e-09	2.053609e-09	2.568140e+01	2.442797e+02
2.710000e-06	4.975440e-09	2.071272e-09	2.592149e+01	2.465371e+02
2.720000e-06	5.021197e-09	2.092043e-09	2.615988e+01	2.487768e+02
2.730000e-06	5.066596e-09	2.112959e-09	2.639641e+01	2.509985e+02
2.740000e-06	5.111651e-09	2.130722e-09	2.663114e+01	2.532022e+02
2.750000e-06	5.156410e-09	2.147262e-09	2.686433e+01	2.553875e+02
2.760000e-06	5.200954e-09	2.166713e-09	2.709640e+01	2.575544e+02
2.770000e-06	5.245297e-09	2.187600e-09	2.732742e+01	2.597028e+02
2.780000e-06	5.289353e-09	2.206078e-09	2.755694e+01	2.618324e+02
2.790000e-06	5.332980e-09	2.221651e-09	2.778424e+01	2.639431e+02
2.800000e-06	5.376033e-09	2.237422e-09	2.800853e+01	2.660348e+02
2.810000e-06	5.418437e-09	2.255478e-09	2.822946e+01	2.681073e+02
2.820000e-06	5.460209e-09	2.274883e-09	2.844708e+01	2.701605e+02
2.830000e-06	5.501447e-09	2.292099e-09	2.866193e+01	2.721941e+02
2.840000e-06	5.542295e-09	2.306185e-09	2.887474e+01	2.742082e+02
2.850000e-06	5.582874e-09	2.321647e-09	2.908615e+01	2.762024e+02
2.860000e-06	5.623202e-09	2.340540e-09	2.929625e+01	2.781767e+02
2.870000e-06	5.663245e-09	2.361064e-09	2.950488e+01	2.801310e+02
2.880000e-06	5.702918e-09	2.379170e-09	2.971157e+01	2.820650e+02
2.890000e-06	5.742173e-09	2.393911e-09	2.991608e+01	2.839787e+02
2.900000e-06	5.781026e-09	2.408722e-09	3.011850e+01	2.858719e+02
2.910000e-06	5.819460e-09	2.424106e-09	3.031874e+01	2.877445e+02
2.920000e-06	5.857482e-09	2.438198e-09	3.051683e+01	2.895963e+02
2.930000e-06	5.895085e-09	2.451480e-09	3.071274e+01	2.914272e+02
2.940000e-06	5.932282e-09	2.466200e-09	3.090653e+01	2.932371e+02
2.950000e-06	5.969142e-09	2.484144e-09	3.109856e+01	2.950259e+02
2.960000e-06	6.005718e-09	2.504353e-09	3.128912e+01	2.967933e+02
2.970000e-06	6.042029e-09	2.523327e-09	3.147830e+01	2.985393e+02
2.980000e-06	6.078031e-09	2.539184e-09	3.166586e+01	3.002638e+02
2.990000e-06	6.113578e-09	2.552058e-09	3.185105e+01	3.019667e+02
3.000000e-06	6.148488e-09	2.564364e-09	3.203294e+01	3.036477e+02
3.010000e-06	6.182690e-09	2.577426e-09	3.221112e+01	3.053068e+02
3.020000e-06	6.216229e-09	2.589863e-09	3.238585e+01	3.069439e+02
3.030000e-06	6.249230e-09	2.602021e-09	3.255779e+01	3.085589e+02
3.040000e-06	6.281846e-09	2.614509e-09	3.272771e+01	3.101516e+02
3.050000e-06	6.314170e-09	2.629177e-09	3.289611e+01	3.117219e+02
3.060000e-06	6.346167e-09	2.645041e-09	3.306282e+01	3.132697e+02
3.070000e-06	6.377729e-09	2.658845e-09	3.322725e+01	3.147949e+02
3.080000e-06	6.408827e-09	2.671832e-09	3.338927e+01	3.162974e+02
3.090000e-06	6.439470e-09	2.684161e-09	3.354891e+01	3.177771e+02
3.100000e-06	6.469677e-09	2.698668e-09	3.370629e+01	3.192338e+02
3.110000e-06	6.499452e-09	2.714075e-09	3.386141e+01	3.206675e+02
3.120000e-06	6.528789e-09	2.726607e-09	3.401425e+01	3.220781e+02
3.130000e-06	6.557742e-09	2.734259e-09	3.416510e+01	3.234654e+02
3.140000e-06	6.586390e-09	2.739489e-09	3.431435e+01	3.248294e+02
3.150000e-06	6.614759e-09	2.748096e-09	3.446215e+01	3.261700e+02
3.160000e-06	6.642769e-09	2.761192e-09	3.460808e+01	3.274870e+02
3.170000e-06	6.670257e-09	2.776200e-09	3.475128e+01	3.287803e+02
3.180000e-06	6.697019e-09	2.790410e-09	3.489071e+01	3.300500e+02
3.190000e-06	6.722959e-09	2.802495e-09	3.502585e+01	3.312958e+02
3.200000e-06	6.748203e-09	2.813067e-09	3.515737e+01	3.325178e+02
3.210000e-06	6.772959e-09	2.821733e-09	3.528635e+01	3.337157e+02
3.220000e-06	6.797329e-09	2.828575e-09	3.541332e+01	3.348895e+02
3.230000e-06	6.821292e-09	2.835541e-09	3.553816e+01	3.360392e+02
3.240000e-06	6.844788e-09	2.843911e-09	3.566057e+01	3.371647e+02
3.250000e-06	6.867807e-09	2.854833e-09	3.578050e+01	3.382658e+02
3.260000e-06	6.890383e-09	2.866914e-09	3.589811e+01	3.393424e+02
3.270000e-06	6.912513e-09	2.878257e-09	3.601341e+01	3.403946e+02
3.280000e-06	6.934158e-09	2.888002e-09	3.612617e+01	3.414223e+02
3.290000e-06	6.955329e-09	2.896596e-09	3.623647e+01	3.424253e+02
3.300000e-06	6.976109e-09	2.905182e-09	3.634473e+01	3.434036e+02
3.310000e-06	6.996568e-09	2.913696e-09	3.645133e+01	3.443571e+02
3.320000e-06	7.016686e-09	2.921045e-09	3.655613e+01	3.452857e+02
3.330000e-06	7.036361e-09	2.927651e-09	3.665864e+01	3.461895e+02
3.340000e-06	7.055460e-09	2.934540e-09	3.675814e+01	3.470682e+02
3.350000e-06	7.073965e-09	2.943493e-09	3.685455e+01	3.479219e+02
3.360000e-06	7.091981e-09	2.952797e-09	3.694841e+01	3.487505e+02
3.370000e-06	7.109610e-09	2.961629e-09	3.704026e+01	3.495540e+02
3.380000e-06	7.126854e-09	2.969332e-09	3.713010e+01	3.503322e+02
3.390000e-06	7.143579e-09	2.975604e-09	3.721723e+01	3.510851e+02
3.400000e-06	7.159629e-09	2.981251e-09	3.730085e+01	3.518127e+02
3.410000e-06	7.174994e-09	2.987093e-09	3.738090e+01	3.525149e+02
3.420000e-06	7.189760e-09	2.993580e-09	3.745783e+01	3.531916e+02
3.430000e-06	7.203997e-09	2.999934e-09	3.753200e+01	3.538429e+02
3.440000e-06	7.217727e-09	3.005288e-09	3.760353e+01	3.544686e+02
3.450000e-06	7.230922e-09	3.010249e-09	3.767228e+01	3.550688e+02
3.460000e-06	7.243613e-09	3.015901e-09	3.773840e+01	3.556433e+02
3.470000e-06	7.255813e-09	3.021862e-09	3.780195e+01	3.561921e+02
3.480000e-06	7.267396e-09	3.027498e-09	3.786230e+01	3.567153e+02
3.490000e-06	7.278210e-09	3.032270e-09	3.791864e+01	3.572127e+02
3.500000e-06	7.288190e-09	3.034997e-09	3.797063e+01	3.576843e+02
3.510000e-06	7.297445e-09	3.036143e-09	3.801885e+01	3.581301e+02
3.520000e-06	7.306211e-09	3.038154e-09	3.806452e+01	3.585501e+02
3.530000e-06	7.314633e-09	3.041232e-09	3.810840e+01	3.589442e+02
3.540000e-06	7.322677e-09	3.045080e-09	3.815031e+01	3.593124e+02
3.550000e-06	7.330230e-09	3.049385e-09	3.818966e+01	3.596546e+02
3.560000e-06	7.337265e-09	3.054168e-09	3.822631e+01	3.599709e+02
3.570000e-06	7.343802e-09	3.059185e-09	3.826036e+01	3.602613e+02
3.580000e-06	7.349818e-09	3.062392e-09	3.829171e+01	3.605256e+02
3.590000e-06	7.355300e-09	3.063024e-09	3.832027e+01	3.607639e+02
3.600000e-06	7.360292e-09	3.062788e-09	3.834628e+01	3.609761e+02
3.610000e-06	7.364908e-09	3.063671e-09	3.837032e+01	3.611623e+02
3.620000e-06	7.369181e-09	3.065996e-09	3.839258e+01	3.613225e+02
3.630000e-06	7.372980e-09	3.068869e-09	3.841238e+01	3.614566e+02
3.640000e-06	7.376126e-09	3.072134e-09	3.842877e+01	3.615646e+02
3.650000e-06	7.378519e-09	3.075355e-09	3.844123e+01	3.616464e+02
3.660000e-06	7.380175e-09	3.077167e-09	3.844986e+01	3.617022e+02
3.670000e-06	7.381233e-09	3.076614e-09	3.845537e+01	3.617319e+02
3.680000e-06	7.381858e-09	3.075194e-09	3.845863e+01	3.617355e+02
3.690000e-06	7.382107e-09	3.074333e-09	3.845993e+01	3.617130e+02
3.700000e-06	7.381910e-09	3.075806e-09	3.845890e+01	3.616643e+02
3.710000e-06	7.381193e-09	3.077350e-09	3.845517e+01	3.615896e+02
3.720000e-06	7.379991e-09	3.076081e-09	3.844890e+01	3.614888e+02
3.730000e-06	7.378335e-09	3.072654e-09	3.844027e+01	3.613619e+02
3.740000e-06	7.376188e-09	3.068115e-09	3.842909e+01	3.612089e+02
3.750000e-06	7.373542e-09	3.062095e-09	3.841530e+01	3.610298e+02
3.760000e-06	7.370477e-09	3.050009e-09	3.839933e+01	3.608247e+02
3.770000e-06	7.367034e-09	3.058242e-09	3.838140e+01	3.605935e+02
3.780000e-06	7.363050e-09	3.095010e-09	3.836064e+01	3.603363e+02
3.790000e-06	7.358091e-09	3.076226e-09	3.833480e+01	3.600531e+02
3.800000e-06	7.351993e-09	3.018113e-09	3.830303e+01	3.597440e+02
3.810000e-06	7.345260e-09	3.029991e-09	3.826796e+01	3.594088e+02
3.820000e-06	7.338410e-09	3.073535e-09	3.823227e+01	3.590477e+02
3.830000e-06	7.331342e-09	3.070976e-09	3.819544e+01	3.586607e+02
3.840000e-06	7.323694e-09	2.999410e-09	3.815560e+01	3.582479e+02
3.850000e-06	7.315521e-09	3.009099e-09	3.811302e+01	3.578091e+02
3.860000e-06	7.307155e-09	3.092596e-09	3.806943e+01	3.573446e+02
3.870000e-06	7.298483e-09	3.061876e-09	3.802425e+01	3.568542e+02
3.880000e-06	7.289050e-09	2.978501e-09	3.797510e+01	3.563382e+02
3.890000e-06	7.278912e-09	3.005454e-09	3.792229e+01	3.557963e+02
3.900000e-06	7.268473e-09	3.084073e-09	3.786790e+01	3.552288e+02
3.910000e-06	7.257663e-09	3.020201e-09	3.781158e+01	3.546357e+02
3.920000e-06	7.246129e-09	2.941622e-09	3.775149e+01	3.540170e+02
3.930000e-06	7.233868e-09	3.010195e-09	3.768761e+01	3.533727e+02
3.940000e-06	7.221050e-09	3.070476e-09	3.762083e+01	3.527030e+02
3.950000e-06	7.207473e-09	2.971440e-09	3.755009e+01	3.520077e+02
3.960000e-06	7.192973e-09	2.920004e-09	3.747455e+01	3.512871e+02
3.970000e-06	7.177852e-09	2.996700e-09	3.739577e+01	3.505411e+02
3.980000e-06	7.162369e-09	2.997138e-09	3.731511e+01	3.497698e+02
3.990000e-06	7.146446e-09	2.898150e-09	3.723215e+01	3.489733e+02
4.000000e-06	7.130047e-09	2.915348e-09	3.714671e+01	3.481516e+02
4.010000e-06	7.113258e-09	2.978798e-09	3.705924e+01	3.473048e+02
4.020000e-06	7.095979e-09	2.921456e-09	3.696922e+01	3.464329e+02
4.030000e-06	7.078134e-09	2.881002e-09	3.687625e+01	3.455360e+02
4.040000e-06	7.059844e-09	2.945651e-09	3.678096e+01	3.446142e+02
4.050000e-06	7.041186e-09	2.939380e-09	3.668376e+01	3.436675e+02
4.060000e-06	7.022119e-09	2.854666e-09	3.658442e+01	3.426960e+02
4.070000e-06	7.002676e-09	2.877591e-09	3.648312e+01	3.416997e+02
4.080000e-06	6.982844e-09	2.923665e-09	3.637980e+01	3.406788e+02
4.090000e-06	6.962375e-09	2.871963e-09	3.627316e+01	3.396333e+02
4.100000e-06	6.941055e-09	2.839260e-09	3.616208e+01	3.385634e+02
4.110000e-06	6.918968e-09	2.878626e-09	3.604701e+01	3.374689e+02
4.120000e-06	6.896305e-09	2.858327e-09	3.592894e+01	3.363502e+02
4.130000e-06	6.873197e-09	2.820334e-09	3.580855e+01	3.352071e+02
4.140000e-06	6.849736e-09	2.838173e-09	3.568632e+01	3.340399e+02
4.150000e-06	6.825911e-09	2.837855e-09	3.556220e+01	3.328485e+02
4.160000e-06	6.801631e-09	2.795035e-09	3.543570e+01	3.316332e+02
4.170000e-06	6.776852e-09	2.794593e-09	3.530660e+01	3.303939e+02
4.180000e-06	6.751606e-09	2.800117e-09	3.517508e+01	3.291307e+02
4.190000e-06	6.725881e-09	2.776090e-09	3.504105e+01	3.278438e+02
4.200000e-06	6.699667e-09	2.760514e-09	3.490448e+01	3.265333e+02
4.210000e-06	6.673015e-09	2.761839e-09	3.476562e+01	3.251992e+02
4.220000e-06	6.645965e-09	2.754172e-09	3.462470e+01	3.238416e+02
4.230000e-06	6.618563e-09	2.746584e-09	3.448193e+01	3.224607e+02
4.240000e-06	6.590812e-09	2.734924e-09	3.433736e+01	3.210564e+02
4.250000e-06	6.562599e-09	2.721192e-09	3.419037e+01	3.196291e+02
4.260000e-06	6.533783e-09	2.709926e-09	3.404024e+01	3.181786e+02
4.270000e-06	6.504270e-09	2.692000e-09	3.388648e+01	3.167052e+02
4.280000e-06	6.474043e-09	2.677116e-09	3.372900e+01	3.152089e+02
4.290000e-06	6.443232e-09	2.672156e-09	3.356848e+01	3.136899e+02
4.300000e-06	6.412010e-09	2.655526e-09	3.340581e+01	3.121483e+02
4.310000e-06	6.380451e-09	2.640502e-09	3.324140e+01	3.105841e+02
4.320000e-06	6.348548e-09	2.644107e-09	3.307518e+01	3.089975e+02
4.330000e-06	6.316234e-09	2.630866e-09	3.290683e+01	3.073887e+02
4.340000e-06	6.283450e-09	2.604059e-09	3.273603e+01	3.057576e+02
4.350000e-06	6.250251e-09	2.593520e-09	3.256307e+01	3.041045e+02
4.360000e-06	6.216675e-09	2.582363e-09	3.238814e+01	3.024294e+02
4.370000e-06	6.182676e-09	2.560832e-09	3.221101e+01	3.007325e+02
4.380000e-06	6.148193e-09	2.553607e-09	3.203136e+01	2.990140e+02
4.390000e-06	6.113264e-09	2.545466e-09	3.184938e+01	2.972738e+02
4.400000e-06	6.078013e-09	2.531505e-09	3.166573e+01	2.955122e+02
4.410000e-06	6.042524e-09	2.522705e-09	3.148083e+01	2.937293e+02
4.420000e-06	6.006767e-09	2.509270e-09	3.129454e+01	2.919251e+02
4.430000e-06	5.970618e-09	2.486020e-09	3.110621e+01	2.901000e+02
4.440000e-06	5.933887e-09	2.469972e-09	3.091484e+01	2.882538e+02
4.450000e-06	5.896419e-09	2.458337e-09	3.071964e+01	2.863869e+02
4.460000e-06	5.858272e-09	2.448804e-09	3.052090e+01	2.844993e+02
4.470000e-06	5.819576e-09	2.439274e-09	3.031930e+01	2.825912e+02
4.480000e-06	5.780463e-09	2.424382e-09	3.011552e+01	2.806627e+02
4.490000e-06	5.741051e-09	2.404653e-09	2.991019e+01	2.787140e+02
4.500000e-06	5.701361e-09	2.389357e-09	2.970341e+01	2.767452e+02
4.510000e-06	5.661333e-09	2.371660e-09	2.949487e+01	2.747563e+02
4.520000e-06	5.620893e-09	2.351754e-09	2.928418e+01	2.727477e+02
4.530000e-06	5.580037e-09	2.333089e-09	2.907133e+01	2.707194e+02
4.540000e-06	5.538822e-09	2.317036e-09	2.885660e+01	2.686715e+02
4.550000e-06	5.497258e-09	2.303335e-09	2.864005e+01	2.666043e+02
4.560000e-06	5.455324e-09	2.290156e-09	2.842159e+01	2.645178e+02
4.570000e-06	5.413035e-09	2.272972e-09	2.820126e+01	2.624123e+02
4.580000e-06	5.370384e-09	2.253108e-09	2.797906e+01	2.602878e+02
4.590000e-06	5.327399e-09	2.233074e-09	2.775511e+01	2.581445e+02
4.600000e-06	5.284138e-09	2.215485e-09	2.752973e+01	2.559826e+02
4.610000e-06	5.240631e-09	2.200164e-09	2.730306e+01	2.538023e+02
4.620000e-06	5.196863e-09	2.180434e-09	2.707503e+01	2.516036e+02
4.630000e-06	5.152762e-09	2.158011e-09	2.684527e+01	2.493868e+02
4.640000e-06	5.108250e-09	2.141237e-09	2.661337e+01	2.471520e+02
4.650000e-06	5.063309e-09	2.130579e-09	2.637923e+01	2.448994e+02
4.660000e-06	5.017956e-09	2.115236e-09	2.614295e+01	2.426291e+02
4.670000e-06	4.972220e-09	2.090980e-09	2.590466e+01	2.403413e+02
4.680000e-06	4.926201e-09	2.063707e-09	2.566491e+01	2.380362e+02
4.690000e-06	4.879922e-09	2.043130e-09	2.542381e+01	2.357139e+02
4.700000e-06	4.833363e-09	2.027001e-09	2.518124e+01	2.333746e+02
4.710000e-06	4.786515e-09	2.010142e-09	2.493716e+01	2.310184e+02
4.720000e-06	4.739305e-09	1.989619e-09	2.469121e+01	2.286456e+02
4.730000e-06	4.691679e-09	1.968083e-09	2.444308e+01	2.262563e+02
4.740000e-06	4.643589e-09	1.948863e-09	2.419253e+01	2.238507e+02
4.750000e-06	4.595043e-09	1.931840e-09	2.393961e+01	2.214290e+02
4.760000e-06	4.546110e-09	1.911732e-09	2.368468e+01	2.189913e+02
4.770000e-06	4.496823e-09	1.887977e-09	2.342790e+01	2.165377e+02
4.780000e-06	4.447210e-09	1.865254e-09	2.316942e+01	2.140686e+02
4.790000e-06	4.397274e-09	1.848665e-09	2.290926e+01	2.115840e+02
4.800000e-06	4.346996e-09	1.832450e-09	2.264732e+01	2.090842e+02
4.810000e-06	4.296385e-09	1.810381e-09	2.238364e+01	2.065693e+02
4.820000e-06	4.245458e-09	1.784234e-09	2.211832e+01	2.040395e+02
4.830000e-06	4.194231e-09	1.761728e-09	2.185143e+01	2.014950e+02
4.840000e-06	4.142720e-09	1.743794e-09	2.158306e+01	1.989359e+02
4.850000e-06	4.090912e-09	1.725087e-09	2.131315e+01	1.963625e+02
4.860000e-06	4.038764e-09	1.701521e-09	2.104147e+01	1.937749e+02
4.870000e-06	3.986218e-09	1.675525e-09	2.076771e+01	1.911734e+02
4.880000e-06	3.933209e-09	1.652781e-09	2.049153e+01	1.885581e+02
4.890000e-06	3.879695e-09	1.635473e-09	2.021273e+01	1.859292e+02
4.900000e-06	3.825692e-09	1.619710e-09	1.993139e+01	1.832869e+02
4.910000e-06	3.771268e-09	1.599443e-09	1.964784e+01	1.806314e+02
4.920000e-06	3.716491e-09	1.575172e-09	1.936246e+01	1.779628e+02
4.930000e-06	3.661441e-09	1.552146e-09	1.907566e+01	1.752814e+02
4.940000e-06	3.606199e-09	1.532630e-09	1.878785e+01	1.725874e+02
4.950000e-06	3.550803e-09	1.512660e-09	1.849924e+01	1.698809e+02
4.960000e-06	3.495252e-09	1.489676e-09	1.820983e+01	1.671622e+02
4.970000e-06	3.439541e-09	1.466502e-09	1.791958e+01	1.644315e+02
4.980000e-06	3.383644e-09	1.446600e-09	1.762836e+01	1.616889e+02
4.990000e-06	3.327537e-09	1.427387e-09	1.733605e+01	1.589346e+02
5.000000e-06	3.271202e-09	1.405220e-09	1.704255e+01	1.561689e+02
5.010000e-06	3.214634e-09	1.379997e-09	1.674784e+01	1.533919e+02
5.020000e-06	3.157826e-09	1.355443e-09	1.645188e+01	1.506039e+02
5.030000e-06	3.100778e-09	1.334075e-09	1.615466e+01	1.478050e+02
5.040000e-06	3.043511e-09	1.314767e-09	1.585631e+01	1.449955e+02
5.050000e-06	2.986051e-09	1.293351e-09	1.555695e+01	1.421755e+02
5.060000e-06	2.928370e-09	1.269725e-09	1.525644e+01	1.393453e+02
5.070000e-06	2.870468e-09	1.246519e-09	1.495478e+01	1.365050e+02
5.080000e-06	2.812380e-09	1.226242e-09	1.465214e+01	1.336549e+02
5.090000e-06	2.754094e-09	1.208135e-09	1.434848e+01	1.307952e+02
5.100000e-06	2.695631e-09	1.189015e-09	1.404389e+01	1.279260e+02
5.110000e-06	2.636979e-09	1.166437e-09	1.373833e+01	1.250477e+02
5.120000e-06	2.578132e-09	1.142026e-09	1.343174e+01	1.221603e+02
5.130000e-06	2.519124e-09	1.116899e-09	1.312431e+01	1.192641e+02
5.140000e-06	2.459977e-09	1.090353e-09	1.281616e+01	1.163594e+02
5.150000e-06	2.400713e-09	1.062667e-09	1.250741e+01	1.134462e+02
5.160000e-06	2.341341e-09	1.036350e-09	1.219808e+01	1.105249e+02
5.170000e-06	2.281871e-09	1.013898e-09	1.188825e+01	1.075957e+02
5.180000e-06	2.222305e-09	9.942680e-10	1.157792e+01	1.046587e+02
5.190000e-06	2.162631e-09	9.726844e-10	1.126703e+01	1.017141e+02
5.200000e-06	2.102832e-09	9.473346e-10	1.095548e+01	9.876225e+01
5.210000e-06	2.042911e-09	9.183978e-10	1.064330e+01	9.580328e+01
5.220000e-06	1.982856e-09	8.895949e-10	1.033041e+01	9.283741e+01
5.230000e-06	1.922670e-09	8.638610e-10	1.001685e+01	8.986486e+01
5.240000e-06	1.862352e-09	8.411736e-10	9.702605e+00	8.688585e+01
5.250000e-06	1.801848e-09	8.190065e-10	9.387384e+00	8.390058e+01
5.260000e-06	1.741141e-09	7.955795e-10	9.071106e+00	8.090928e+01
5.270000e-06	1.680256e-09	7.711963e-10	8.753904e+00	7.791217e+01
5.280000e-06	1.619192e-09	7.456205e-10	8.435770e+00	7.490945e+01
5.290000e-06	1.557938e-09	7.183474e-10	8.116643e+00	7.190135e+01
5.300000e-06	1.496469e-09	6.904702e-10	7.796400e+00	6.888808e+01
5.310000e-06	1.434804e-09	6.640735e-10	7.475133e+00	6.586986e+01
5.320000e-06	1.372996e-09	6.392488e-10	7.153118e+00	6.284691e+01
5.330000e-06	1.311025e-09	6.149674e-10	6.830257e+00	5.981944e+01
5.340000e-06	1.248868e-09	5.873455e-10	6.506427e+00	5.678768e+01
5.350000e-06	1.186558e-09	5.573687e-10	6.181798e+00	5.375185e+01
5.360000e-06	1.124149e-09	5.284679e-10	5.856657e+00	5.071216e+01
5.370000e-06	1.061663e-09	5.020536e-10	5.531109e+00	4.766883e+01
5.380000e-06	9.990916e-10	4.767130e-10	5.205120e+00	4.462209e+01
5.390000e-06	9.364472e-10	4.510728e-10	4.878750e+00	4.157215e+01
5.400000e-06	8.737353e-10	4.232334e-10	4.552028e+00	3.851923e+01
5.410000e-06	8.109525e-10	3.954217e-10	4.224937e+00	3.546356e+01
5.420000e-06	7.481092e-10	3.693983e-10	3.897530e+00	3.240535e+01
5.430000e-06	6.852061e-10	3.440889e-10	3.569812e+00	2.934483e+01
5.440000e-06	6.222378e-10	3.186729e-10	3.241754e+00	2.628221e+01
5.450000e-06	5.592337e-10	2.921141e-10	2.913510e+00	2.321773e+01
5.460000e-06	4.961886e-10	2.634820e-10	2.585052e+00	2.015159e+01
5.470000e-06	4.330902e-10	2.340185e-10	2.256316e+00	1.708403e+01
5.480000e-06	3.699700e-10	2.052559e-10	1.927467e+00	1.401526e+01
5.490000e-06	3.068409e-10	1.778506e-10	1.598572e+00	1.094550e+01
5.500000e-06	2.436984e-10	1.509652e-10	1.269606e+00	7.874977e+00
5.510000e-06	1.805610e-10	1.255451e-10	9.406673e-01	4.803915e+00
5.520000e-06	1.174346e-10	1.005226e-10	6.117859e-01	1.732533e+00
5.530000e-06	5.430480e-11	7.330679e-11	2.828865e-01	-1.338948e+00
5.540000e-06	-8.838907e-12	4.318869e-11	-4.608527e-02	-4.410304e+00
5.550000e-06	-7.198619e-11	1.179916e-11	-3.750756e-01	-7.481315e+00
5.560000e-06	-1.351151e-10	-1.839749e-11	-7.039703e-01	-1.055176e+01
5.570000e-06	-1.982530e-10	-4.686309e-11	-1.032911e+00	-1.362141e+01
5.580000e-06	-2.613982e-10	-7.326765e-11	-1.361891e+00	-1.669005e+01
5.590000e-06	-3.245173e-10	-9.916100e-11	-1.690735e+00	-1.975746e+01
5.600000e-06	-3.876076e-10	-1.261088e-10	-2.019428e+00	-2.282342e+01
5.610000e-06	-4.506707e-10	-1.544268e-10	-2.347980e+00	-2.588770e+01
5.620000e-06	-5.137117e-10	-1.831676e-10	-2.676416e+00	-2.895008e+01
5.630000e-06	-5.767283e-10	-2.117660e-10	-3.004726e+00	-3.201034e+01
5.640000e-06	-6.396952e-10	-2.397533e-10	-3.332776e+00	-3.506826e+01
5.650000e-06	-7.026072e-10	-2.661953e-10	-3.660540e+00	-3.812362e+01
5.660000e-06	-7.654456e-10	-2.923694e-10	-3.987921e+00	-4.117620e+01
5.670000e-06	-8.282074e-10	-3.208409e-10	-4.314903e+00	-4.422578e+01
5.680000e-06	-8.909047e-10	-3.511241e-10	-4.641548e+00	-4.727214e+01
5.690000e-06	-9.535236e-10	-3.811073e-10	-4.967786e+00	-5.031505e+01
5.700000e-06	-1.016075e-09	-4.094860e-10	-5.293672e+00	-5.335430e+01
5.710000e-06	-1.078547e-09	-4.376359e-10	-5.619141e+00	-5.638967e+01
5.720000e-06	-1.140935e-09	-4.672145e-10	-5.944178e+00	-5.942094e+01
5.730000e-06	-1.203217e-09	-4.962239e-10	-6.268657e+00	-6.244789e+01
5.740000e-06	-1.265359e-09	-5.222311e-10	-6.592410e+00	-6.547030e+01
5.750000e-06	-1.327360e-09	-5.466342e-10	-6.915429e+00	-6.848795e+01
5.760000e-06	-1.389206e-09	-5.731452e-10	-7.237637e+00	-7.150062e+01
5.770000e-06	-1.450884e-09	-6.030907e-10	-7.558971e+00	-7.450811e+01
5.780000e-06	-1.512360e-09	-6.331267e-10	-7.879258e+00	-7.751018e+01
5.790000e-06	-1.573630e-09	-6.607837e-10	-8.198463e+00	-8.050663e+01
5.800000e-06	-1.634696e-09	-6.868388e-10	-8.516612e+00	-8.349723e+01
5.810000e-06	-1.695560e-09	-7.146520e-10	-8.833707e+00	-8.648178e+01
5.820000e-06	-1.756238e-09	-7.436939e-10	-9.149829e+00	-8.946005e+01
5.830000e-06	-1.816731e-09	-7.720572e-10	-9.464991e+00	-9.243182e+01
5.840000e-06	-1.877040e-09	-7.988915e-10	-9.779195e+00	-9.539690e+01
5.850000e-06	-1.937191e-09	-8.247143e-10	-1.009257e+01	-9.835505e+01
5.860000e-06	-1.997201e-09	-8.520481e-10	-1.040522e+01	-1.013061e+02
5.870000e-06	-2.057059e-09	-8.802141e-10	-1.071707e+01	-1.042497e+02
5.880000e-06	-2.116791e-09	-9.075346e-10	-1.102827e+01	-1.071859e+02
5.890000e-06	-2.176427e-09	-9.333347e-10	-1.133896e+01	-1.101142e+02
5.900000e-06	-2.235975e-09	-9.601499e-10	-1.164920e+01	-1.130346e+02
5.910000e-06	-2.295431e-09	-9.895822e-10	-1.195896e+01	-1.159467e+02
5.920000e-06	-2.354781e-09	-1.018508e-09	-1.226817e+01	-1.188505e+02
5.930000e-06	-2.414021e-09	-1.043787e-09	-1.257680e+01	-1.217457e+02
5.940000e-06	-2.473136e-09	-1.067168e-09	-1.288479e+01	-1.246320e+02
5.950000e-06	-2.532103e-09	-1.092519e-09	-1.319200e+01	-1.275093e+02
5.960000e-06	-2.590913e-09	-1.121614e-09	-1.349839e+01	-1.303773e+02
5.970000e-06	-2.649560e-09	-1.152019e-09	-1.380394e+01	-1.332360e+02
5.980000e-06	-2.708036e-09	-1.180001e-09	-1.410859e+01	-1.360849e+02
5.990000e-06	-2.766308e-09	-1.205922e-09	-1.441218e+01	-1.389240e+02
6.000000e-06	-2.824354e-09	-1.232492e-09	-1.471459e+01	-1.417531e+02
6.010000e-06	-2.882204e-09	-1.259754e-09	-1.501598e+01	-1.445718e+02
6.020000e-06	-2.939866e-09	-1.285006e-09	-1.531639e+01	-1.473801e+02
6.030000e-06	-2.997316e-09	-1.309443e-09	-1.561570e+01	-1.501777e+02
6.040000e-06	-3.054538e-09	-1.335263e-09	-1.591382e+01	-1.529645e+02
6.050000e-06	-3.111526e-09	-1.362132e-09	-1.621073e+01	-1.557401e+02
6.060000e-06	-3.168273e-09	-1.389390e-09	-1.650637e+01	-1.585045e+02
6.070000e-06	-3.224768e-09	-1.415689e-09	-1.680070e+01	-1.612574e+02
6.080000e-06	-3.281021e-09	-1.440404e-09	-1.709377e+01	-1.639987e+02
6.090000e-06	-3.337047e-09	-1.464222e-09	-1.738566e+01	-1.667280e+02
6.100000e-06	-3.392858e-09	-1.489108e-09	-1.767643e+01	-1.694453e+02
6.110000e-06	-3.448492e-09	-1.513969e-09	-1.796627e+01	-1.721503e+02
6.120000e-06	-3.503978e-09	-1.538650e-09	-1.825535e+01	-1.748429e+02
6.130000e-06	-3.559321e-09	-1.563657e-09	-1.854368e+01	-1.775228e+02
6.140000e-06	-3.614509e-09	-1.588537e-09	-1.883121e+01	-1.801898e+02
6.150000e-06	-3.669484e-09	-1.612891e-09	-1.911762e+01	-1.828438e+02
6.160000e-06	-3.724176e-09	-1.635979e-09	-1.940256e+01	-1.854846e+02
6.170000e-06	-3.778522e-09	-1.658289e-09	-1.968569e+01	-1.881119e+02
6.180000e-06	-3.832444e-09	-1.680176e-09	-1.996662e+01	-1.907256e+02
6.190000e-06	-3.885901e-09	-1.704184e-09	-2.024513e+01	-1.933255e+02
6.200000e-06	-3.938870e-09	-1.731090e-09	-2.052108e+01	-1.959114e+02
6.210000e-06	-3.991381e-09	-1.757504e-09	-2.079466e+01	-1.984831e+02
6.220000e-06	-4.043504e-09	-1.780562e-09	-2.106622e+01	-2.010405e+02
6.230000e-06	-4.095282e-09	-1.801358e-09	-2.133597e+01	-2.035833e+02
6.240000e-06	-4.146772e-09	-1.822784e-09	-2.160423e+01	-2.061114e+02
6.250000e-06	-4.197999e-09	-1.846248e-09	-2.187112e+01	-2.086245e+02
6.260000e-06	-4.248946e-09	-1.869952e-09	-2.213655e+01	-2.111226e+02
6.270000e-06	-4.299583e-09	-1.893292e-09	-2.240036e+01	-2.136054e+02
6.280000e-06	-4.349875e-09	-1.916478e-09	-2.266237e+01	-2.160727e+02
6.290000e-06	-4.399845e-09	-1.939391e-09	-2.292271e+01	-2.185244e+02
6.300000e-06	-4.449482e-09	-1.961290e-09	-2.318131e+01	-2.209603e+02
6.310000e-06	-4.498763e-09	-1.982164e-09	-2.343806e+01	-2.233801e+02
6.320000e-06	-4.547656e-09	-2.001657e-09	-2.369279e+01	-2.257838e+02
6.330000e-06	-4.596067e-09	-2.021108e-09	-2.394501e+01	-2.281712e+02
6.340000e-06	-4.643938e-09	-2.043050e-09	-2.419441e+01	-2.305421e+02
6.350000e-06	-4.691298e-09	-2.068019e-09	-2.444115e+01	-2.328962e+02
6.360000e-06	-4.738225e-09	-2.093884e-09	-2.468563e+01	-2.352336e+02
6.370000e-06	-4.784765e-09	-2.117212e-09	-2.492810e+01	-2.375539e+02
6.380000e-06	-4.830986e-09	-2.137237e-09	-2.516890e+01	-2.398570e+02
6.390000e-06	-4.876956e-09	-2.155869e-09	-2.540840e+01	-2.421427e+02
6.400000e-06	-4.922703e-09	-2.175570e-09	-2.564674e+01	-2.444110e+02
6.410000e-06	-4.968218e-09	-2.196040e-09	-2.588387e+01	-2.466615e+02
6.420000e-06	-5.013454e-09	-2.216734e-09	-2.611954e+01	-2.488942e+02
6.430000e-06	-5.058342e-09	-2.237157e-09	-2.635340e+01	-2.511089e+02
6.440000e-06	-5.102856e-09	-2.257270e-09	-2.658532e+01	-2.533054e+02
6.450000e-06	-5.147003e-09	-2.279060e-09	-2.681532e+01	-2.554836e+02
6.460000e-06	-5.190805e-09	-2.301789e-09	-2.704352e+01	-2.576434e+02
6.470000e-06	-5.234349e-09	-2.323145e-09	-2.727038e+01	-2.597844e+02
6.480000e-06	-5.277685e-09	-2.341271e-09	-2.749615e+01	-2.619067e+02
6.490000e-06	-5.320780e-09	-2.358029e-09	-2.772067e+01	-2.640100e+02
6.500000e-06	-5.363560e-09	-2.377602e-09	-2.794355e+01	-2.660943e+02
6.510000e-06	-5.405964e-09	-2.398218e-09	-2.816447e+01	-2.681592e+02
6.520000e-06	-5.447983e-09	-2.415693e-09	-2.838339e+01	-2.702048e+02
6.530000e-06	-5.489646e-09	-2.432155e-09	-2.860044e+01	-2.722308e+02
6.540000e-06	-5.530959e-09	-2.449501e-09	-2.881568e+01	-2.742372e+02
6.550000e-06	-5.571902e-09	-2.469079e-09	-2.902899e+01	-2.762237e+02
6.560000e-06	-5.612444e-09	-2.488908e-09	-2.924021e+01	-2.781902e+02
6.570000e-06	-5.652583e-09	-2.503187e-09	-2.944933e+01	-2.801366e+02
6.580000e-06	-5.692372e-09	-2.514911e-09	-2.965662e+01	-2.820627e+02
6.590000e-06	-5.731875e-09	-2.528975e-09	-2.986243e+01	-2.839684e+02
6.600000e-06	-5.771110e-09	-2.547371e-09	-3.006684e+01	-2.858536e+02
6.610000e-06	-5.810028e-09	-2.566961e-09	-3.026960e+01	-2.877180e+02
6.620000e-06	-5.848497e-09	-2.585688e-09	-3.047001e+01	-2.895617e+02
6.630000e-06	-5.886377e-09	-2.603328e-09	-3.066737e+01	-2.913845e+02
6.640000e-06	-5.923593e-09	-2.619683e-09	-3.086126e+01	-2.931861e+02
6.650000e-06	-5.960158e-09	-2.634528e-09	-3.105176e+01	-2.949666e+02
6.660000e-06	-5.996191e-09	-2.645720e-09	-3.123948e+01	-2.967257e+02
6.670000e-06	-6.031843e-09	-2.653414e-09	-3.142522e+01	-2.984633e+02
6.680000e-06	-6.067219e-09	-2.664559e-09	-3.160953e+01	-3.001794e+02
6.690000e-06	-6.102304e-09	-2.683280e-09	-3.179232e+01	-3.018737e+02
6.700000e-06	-6.137008e-09	-2.706559e-09	-3.197312e+01	-3.035462e+02
6.710000e-06	-6.171271e-09	-2.726778e-09	-3.215163e+01	-3.051967e+02
6.720000e-06	-6.205085e-09	-2.741110e-09	-3.232779e+01	-3.068252e+02
6.730000e-06	-6.238486e-09	-2.752118e-09	-3.250181e+01	-3.084315e+02
6.740000e-06	-6.271465e-09	-2.762678e-09	-3.267363e+01	-3.100154e+02
6.750000e-06	-6.303966e-09	-2.774403e-09	-3.284295e+01	-3.115770e+02
6.760000e-06	-6.336027e-09	-2.785614e-09	-3.300999e+01	-3.131160e+02
6.770000e-06	-6.367723e-09	-2.796518e-09	-3.317512e+01	-3.146323e+02
6.780000e-06	-6.399110e-09	-2.809173e-09	-3.333864e+01	-3.161259e+02
6.790000e-06	-6.430161e-09	-2.824255e-09	-3.350041e+01	-3.175967e+02
6.800000e-06	-6.460729e-09	-2.838992e-09	-3.365967e+01	-3.190444e+02
6.810000e-06	-6.490650e-09	-2.849318e-09	-3.381555e+01	-3.204691e+02
6.820000e-06	-6.519854e-09	-2.856879e-09	-3.396770e+01	-3.218706e+02
6.830000e-06	-6.548356e-09	-2.865781e-09	-3.411619e+01	-3.232488e+02
6.840000e-06	-6.576301e-09	-2.876609e-09	-3.426179e+01	-3.246037e+02
6.850000e-06	-6.603874e-09	-2.888750e-09	-3.440543e+01	-3.259350e+02
6.860000e-06	-6.631139e-09	-2.899663e-09	-3.454749e+01	-3.272428e+02
6.870000e-06	-6.658058e-09	-2.908925e-09	-3.468773e+01	-3.285269e+02
6.880000e-06	-6.684515e-09	-2.918778e-09	-3.482557e+01	-3.297873e+02
6.890000e-06	-6.710468e-09	-2.929323e-09	-3.496078e+01	-3.310238e+02
6.900000e-06	-6.735946e-09	-2.938173e-09	-3.509351e+01	-3.322363e+02
6.910000e-06	-6.760938e-09	-2.944585e-09	-3.522372e+01	-3.334249e+02
6.920000e-06	-6.785430e-09	-2.950632e-09	-3.535132e+01	-3.345893e+02
6.930000e-06	-6.809470e-09	-2.958603e-09	-3.547657e+01	-3.357295e+02
6.940000e-06	-6.833137e-09	-2.968569e-09	-3.559987e+01	-3.368454e+02
6.950000e-06	-6.856512e-09	-2.979299e-09	-3.572165e+01	-3.379370e+02
6.960000e-06	-6.879539e-09	-2.988669e-09	-3.584162e+01	-3.390041e+02
6.970000e-06	-6.902028e-09	-2.996467e-09	-3.595878e+01	-3.400467e+02
6.980000e-06	-6.923810e-09	-3.002873e-09	-3.607227e+01	-3.410647e+02
6.990000e-06	-6.944817e-09	-3.008844e-09	-3.618171e+01	-3.420581e+02
7.000000e-06	-6.965123e-09	-3.016291e-09	-3.628750e+01	-3.430267e+02
7.010000e-06	-6.984915e-09	-3.024580e-09	-3.639061e+01	-3.439705e+02
7.020000e-06	-7.004368e-09	-3.031387e-09	-3.649196e+01	-3.448894e+02
7.030000e-06	-7.023499e-09	-3.038936e-09	-3.659163e+01	-3.457834e+02
7.040000e-06	-7.042191e-09	-3.046191e-09	-3.668901e+01	-3.466524e+02
7.050000e-06	-7.060370e-09	-3.051295e-09	-3.678372e+01	-3.474963e+02
7.060000e-06	-7.078080e-09	-3.054995e-09	-3.687599e+01	-3.483150e+02
7.070000e-06	-7.095349e-09	-3.059066e-09	-3.696596e+01	-3.491086e+02
7.080000e-06	-7.112140e-09	-3.064645e-09	-3.705344e+01	-3.498769e+02
7.090000e-06	-7.128434e-09	-3.071598e-09	-3.713833e+01	-3.506199e+02
7.100000e-06	-7.144292e-09	-3.079403e-09	-3.722095e+01	-3.513376e+02
7.110000e-06	-7.159796e-09	-3.085569e-09	-3.730172e+01	-3.520299e+02
7.120000e-06	-7.174922e-09	-3.089470e-09	-3.738053e+01	-3.526966e+02
7.130000e-06	-7.189462e-09	-3.091216e-09	-3.745628e+01	-3.533379e+02
7.140000e-06	-7.203181e-09	-3.092489e-09	-3.752775e+01	-3.539537e+02
7.150000e-06	-7.216056e-09	-3.095974e-09	-3.759482e+01	-3.545438e+02
7.160000e-06	-7.228231e-09	-3.101698e-09	-3.765826e+01	-3.551083e+02
7.170000e-06	-7.239868e-09	-3.108002e-09	-3.771888e+01	-3.556471e+02
7.180000e-06	-7.251028e-09	-3.112768e-09	-3.777703e+01	-3.561602e+02
7.190000e-06	-7.261678e-09	-3.114005e-09	-3.783251e+01	-3.566475e+02
7.200000e-06	-7.271790e-09	-3.114085e-09	-3.788519e+01	-3.571090e+02
7.210000e-06	-7.281405e-09	-3.113802e-09	-3.793529e+01	-3.575447e+02
7.220000e-06	-7.290565e-09	-3.113623e-09	-3.798301e+01	-3.579546e+02
7.230000e-06	-7.299218e-09	-3.115888e-09	-3.802809e+01	-3.583386e+02
7.240000e-06	-7.307350e-09	-3.122185e-09	-3.807046e+01	-3.586966e+02
7.250000e-06	-7.315061e-09	-3.128664e-09	-3.811063e+01	-3.590287e+02
7.260000e-06	-7.322435e-09	-3.131276e-09	-3.814905e+01	-3.593349e+02
7.270000e-06	-7.329406e-09	-3.130589e-09	-3.818536e+01	-3.596150e+02
7.280000e-06	-7.335776e-09	-3.128690e-09	-3.821855e+01	-3.598691e+02
7.290000e-06	-7.341388e-09	-3.128582e-09	-3.824779e+01	-3.600973e+02
7.300000e-06	-7.346205e-09	-3.131044e-09	-3.827288e+01	-3.602993e+02
7.310000e-06	-7.350349e-09	-3.133471e-09	-3.829447e+01	-3.604754e+02
7.320000e-06	-7.354029e-09	-3.134521e-09	-3.831365e+01	-3.606253e+02
7.330000e-06	-7.357367e-09	-3.134647e-09	-3.833104e+01	-3.607492e+02
7.340000e-06	-7.360327e-09	-3.134591e-09	-3.834646e+01	-3.608470e+02
7.350000e-06	-7.362791e-09	-3.133295e-09	-3.835929e+01	-3.609186e+02
7.360000e-06	-7.364736e-09	-3.129880e-09	-3.836942e+01	-3.609642e+02
7.370000e-06	-7.366240e-09	-3.125920e-09	-3.837726e+01	-3.609837e+02
7.380000e-06	-7.367261e-09	-3.123039e-09	-3.838258e+01	-3.609771e+02
7.390000e-06	-7.367700e-09	-3.122974e-09	-3.838487e+01	-3.609443e+02
