# Temperatura_=_20.0
# Concentracion g/m^3_=_10000.0
# C_Vs_to_Am_M_A/Vsm_=_116720831517.84952
# pendiente_HvsI_1/m_=_3716.3
# ordenada_HvsI_A/m_=_1297.0
# frecuencia_Hz_=_175586.47802329992
# Promedio de 25 ciclos

Tiempo_(s)	Campo_(V.s)	Magnetizacion_(V.s)	Campo_(kA/m)	Magnetizacion_(A/m)
0.000000e+00	-4.305677e-09	-1.836812e-09	-1.984454e+01	-2.193670e+02
1.000000e-08	-4.305492e-09	-1.838003e-09	-1.984369e+01	-2.192695e+02
2.000000e-08	-4.304989e-09	-1.842092e-09	-1.984137e+01	-2.191453e+02
3.000000e-08	-4.304130e-09	-1.845889e-09	-1.983741e+01	-2.189945e+02
4.000000e-08	-4.302734e-09	-1.847072e-09	-1.983098e+01	-2.188169e+02
5.000000e-08	-4.300609e-09	-1.837509e-09	-1.982119e+01	-2.186127e+02
6.000000e-08	-4.297679e-09	-1.811007e-09	-1.980768e+01	-2.183818e+02
7.000000e-08	-4.294013e-09	-1.821178e-09	-1.979078e+01	-2.181244e+02
8.000000e-08	-4.289776e-09	-1.916502e-09	-1.977125e+01	-2.178403e+02
9.000000e-08	-4.285109e-09	-1.928680e-09	-1.974975e+01	-2.175298e+02
1.000000e-07	-4.280091e-09	-1.771773e-09	-1.972662e+01	-2.171927e+02
1.100000e-07	-4.274700e-09	-1.743665e-09	-1.970177e+01	-2.168291e+02
1.200000e-07	-4.268819e-09	-1.893571e-09	-1.967467e+01	-2.164392e+02
1.300000e-07	-4.262404e-09	-1.889069e-09	-1.964510e+01	-2.160229e+02
1.400000e-07	-4.255506e-09	-1.710178e-09	-1.961331e+01	-2.155802e+02
1.500000e-07	-4.248137e-09	-1.780743e-09	-1.957935e+01	-2.151113e+02
1.600000e-07	-4.240266e-09	-1.965001e-09	-1.954307e+01	-2.146162e+02
1.700000e-07	-4.231975e-09	-1.825644e-09	-1.950486e+01	-2.140949e+02
1.800000e-07	-4.223339e-09	-1.684649e-09	-1.946505e+01	-2.135475e+02
1.900000e-07	-4.214186e-09	-1.849363e-09	-1.942287e+01	-2.129742e+02
2.000000e-07	-4.204201e-09	-1.881878e-09	-1.937685e+01	-2.123748e+02
2.100000e-07	-4.193378e-09	-1.695417e-09	-1.932696e+01	-2.117496e+02
2.200000e-07	-4.181925e-09	-1.758119e-09	-1.927418e+01	-2.110986e+02
2.300000e-07	-4.169915e-09	-1.920317e-09	-1.921883e+01	-2.104219e+02
2.400000e-07	-4.157384e-09	-1.813086e-09	-1.916107e+01	-2.097196e+02
2.500000e-07	-4.144347e-09	-1.726380e-09	-1.910098e+01	-2.089917e+02
2.600000e-07	-4.130753e-09	-1.823543e-09	-1.903833e+01	-2.082383e+02
2.700000e-07	-4.116596e-09	-1.781385e-09	-1.897308e+01	-2.074596e+02
2.800000e-07	-4.101864e-09	-1.710686e-09	-1.890518e+01	-2.066555e+02
2.900000e-07	-4.086360e-09	-1.798021e-09	-1.883372e+01	-2.058263e+02
3.000000e-07	-4.070002e-09	-1.803009e-09	-1.875833e+01	-2.049721e+02
3.100000e-07	-4.053023e-09	-1.700349e-09	-1.868008e+01	-2.040928e+02
3.200000e-07	-4.035619e-09	-1.737532e-09	-1.859986e+01	-2.031887e+02
3.300000e-07	-4.017803e-09	-1.785970e-09	-1.851775e+01	-2.022598e+02
3.400000e-07	-3.999606e-09	-1.721031e-09	-1.843388e+01	-2.013063e+02
3.500000e-07	-3.981002e-09	-1.686597e-09	-1.834814e+01	-2.003282e+02
3.600000e-07	-3.961883e-09	-1.699517e-09	-1.826002e+01	-1.993258e+02
3.700000e-07	-3.942254e-09	-1.708121e-09	-1.816955e+01	-1.982990e+02
3.800000e-07	-3.922202e-09	-1.727931e-09	-1.807713e+01	-1.972481e+02
3.900000e-07	-3.901842e-09	-1.696077e-09	-1.798329e+01	-1.961732e+02
4.000000e-07	-3.881210e-09	-1.644372e-09	-1.788820e+01	-1.950743e+02
4.100000e-07	-3.860212e-09	-1.657730e-09	-1.779142e+01	-1.939517e+02
4.200000e-07	-3.838733e-09	-1.662313e-09	-1.769243e+01	-1.928055e+02
4.300000e-07	-3.816762e-09	-1.642339e-09	-1.759117e+01	-1.916357e+02
4.400000e-07	-3.794370e-09	-1.642167e-09	-1.748796e+01	-1.904426e+02
4.500000e-07	-3.771560e-09	-1.616978e-09	-1.738283e+01	-1.892263e+02
4.600000e-07	-3.748281e-09	-1.593108e-09	-1.727554e+01	-1.879870e+02
4.700000e-07	-3.724542e-09	-1.617115e-09	-1.716613e+01	-1.867247e+02
4.800000e-07	-3.700422e-09	-1.602983e-09	-1.705497e+01	-1.854397e+02
4.900000e-07	-3.676010e-09	-1.558374e-09	-1.694245e+01	-1.841321e+02
5.000000e-07	-3.651288e-09	-1.554403e-09	-1.682851e+01	-1.828020e+02
5.100000e-07	-3.626109e-09	-1.560664e-09	-1.671246e+01	-1.814497e+02
5.200000e-07	-3.600304e-09	-1.552082e-09	-1.659353e+01	-1.800753e+02
5.300000e-07	-3.573830e-09	-1.544621e-09	-1.647151e+01	-1.786789e+02
5.400000e-07	-3.546676e-09	-1.514778e-09	-1.634636e+01	-1.772607e+02
5.500000e-07	-3.518921e-09	-1.487148e-09	-1.621844e+01	-1.758210e+02
5.600000e-07	-3.490776e-09	-1.488181e-09	-1.608872e+01	-1.743598e+02
5.700000e-07	-3.462382e-09	-1.487166e-09	-1.595786e+01	-1.728774e+02
5.800000e-07	-3.433740e-09	-1.470343e-09	-1.582585e+01	-1.713739e+02
5.900000e-07	-3.404759e-09	-1.455908e-09	-1.569227e+01	-1.698495e+02
6.000000e-07	-3.375351e-09	-1.439391e-09	-1.555673e+01	-1.683044e+02
6.100000e-07	-3.345508e-09	-1.429927e-09	-1.541919e+01	-1.667388e+02
6.200000e-07	-3.315296e-09	-1.425176e-09	-1.527995e+01	-1.651529e+02
6.300000e-07	-3.284742e-09	-1.403399e-09	-1.513912e+01	-1.635468e+02
6.400000e-07	-3.253798e-09	-1.372452e-09	-1.499651e+01	-1.619209e+02
6.500000e-07	-3.222423e-09	-1.358994e-09	-1.485190e+01	-1.602752e+02
6.600000e-07	-3.190644e-09	-1.358524e-09	-1.470544e+01	-1.586099e+02
6.700000e-07	-3.158564e-09	-1.354508e-09	-1.455758e+01	-1.569254e+02
6.800000e-07	-3.126266e-09	-1.335737e-09	-1.440872e+01	-1.552217e+02
6.900000e-07	-3.093755e-09	-1.307639e-09	-1.425888e+01	-1.534990e+02
7.000000e-07	-3.060941e-09	-1.289874e-09	-1.410764e+01	-1.517577e+02
7.100000e-07	-3.027680e-09	-1.284256e-09	-1.395435e+01	-1.499979e+02
7.200000e-07	-2.993860e-09	-1.274480e-09	-1.379847e+01	-1.482198e+02
7.300000e-07	-2.959430e-09	-1.254513e-09	-1.363979e+01	-1.464236e+02
7.400000e-07	-2.924425e-09	-1.232980e-09	-1.347845e+01	-1.446096e+02
7.500000e-07	-2.888916e-09	-1.218168e-09	-1.331479e+01	-1.427780e+02
7.600000e-07	-2.853000e-09	-1.209866e-09	-1.314926e+01	-1.409289e+02
7.700000e-07	-2.816801e-09	-1.194716e-09	-1.298242e+01	-1.390627e+02
7.800000e-07	-2.780422e-09	-1.170076e-09	-1.281475e+01	-1.371795e+02
7.900000e-07	-2.743857e-09	-1.148557e-09	-1.264623e+01	-1.352796e+02
8.000000e-07	-2.707017e-09	-1.138068e-09	-1.247643e+01	-1.333632e+02
8.100000e-07	-2.669837e-09	-1.128787e-09	-1.230508e+01	-1.314306e+02
8.200000e-07	-2.632319e-09	-1.112674e-09	-1.213216e+01	-1.294819e+02
8.300000e-07	-2.594474e-09	-1.089055e-09	-1.195773e+01	-1.275174e+02
8.400000e-07	-2.556320e-09	-1.067337e-09	-1.178188e+01	-1.255374e+02
8.500000e-07	-2.517891e-09	-1.053305e-09	-1.160477e+01	-1.235421e+02
8.600000e-07	-2.479200e-09	-1.043162e-09	-1.142644e+01	-1.215318e+02
8.700000e-07	-2.440213e-09	-1.027618e-09	-1.124676e+01	-1.195066e+02
8.800000e-07	-2.400923e-09	-1.006111e-09	-1.106567e+01	-1.174668e+02
8.900000e-07	-2.361332e-09	-9.842660e-10	-1.088320e+01	-1.154127e+02
9.000000e-07	-2.321459e-09	-9.692708e-10	-1.069943e+01	-1.133446e+02
9.100000e-07	-2.281366e-09	-9.560765e-10	-1.051464e+01	-1.112626e+02
9.200000e-07	-2.241113e-09	-9.359872e-10	-1.032912e+01	-1.091670e+02
9.300000e-07	-2.200730e-09	-9.106060e-10	-1.014300e+01	-1.070582e+02
9.400000e-07	-2.160194e-09	-8.898385e-10	-9.956167e+00	-1.049363e+02
9.500000e-07	-2.119445e-09	-8.755939e-10	-9.768358e+00	-1.028016e+02
9.600000e-07	-2.078454e-09	-8.619585e-10	-9.579435e+00	-1.006543e+02
9.700000e-07	-2.037178e-09	-8.432035e-10	-9.389195e+00	-9.849479e+01
9.800000e-07	-1.995545e-09	-8.220451e-10	-9.197313e+00	-9.632325e+01
9.900000e-07	-1.953517e-09	-8.039723e-10	-9.003609e+00	-9.413997e+01
1.000000e-06	-1.911039e-09	-7.890965e-10	-8.807830e+00	-9.194520e+01
1.010000e-06	-1.868123e-09	-7.726744e-10	-8.610033e+00	-8.973921e+01
1.020000e-06	-1.824836e-09	-7.513797e-10	-8.410529e+00	-8.752228e+01
1.030000e-06	-1.781220e-09	-7.294663e-10	-8.209506e+00	-8.529466e+01
1.040000e-06	-1.737324e-09	-7.125771e-10	-8.007191e+00	-8.305664e+01
1.050000e-06	-1.693228e-09	-6.999861e-10	-7.803956e+00	-8.080849e+01
1.060000e-06	-1.649004e-09	-6.858823e-10	-7.600133e+00	-7.855048e+01
1.070000e-06	-1.604677e-09	-6.664847e-10	-7.395832e+00	-7.628288e+01
1.080000e-06	-1.560255e-09	-6.448419e-10	-7.191095e+00	-7.400597e+01
1.090000e-06	-1.515731e-09	-6.256685e-10	-6.985884e+00	-7.172002e+01
1.100000e-06	-1.471088e-09	-6.067270e-10	-6.780130e+00	-6.942533e+01
1.110000e-06	-1.426320e-09	-5.859767e-10	-6.573795e+00	-6.712216e+01
1.120000e-06	-1.381396e-09	-5.651478e-10	-6.366744e+00	-6.481079e+01
1.130000e-06	-1.336292e-09	-5.468810e-10	-6.158867e+00	-6.249151e+01
1.140000e-06	-1.291008e-09	-5.302673e-10	-5.950155e+00	-6.016460e+01
1.150000e-06	-1.245551e-09	-5.133643e-10	-5.740646e+00	-5.783034e+01
1.160000e-06	-1.199925e-09	-4.934183e-10	-5.530362e+00	-5.548902e+01
1.170000e-06	-1.154132e-09	-4.710994e-10	-5.319302e+00	-5.314092e+01
1.180000e-06	-1.108188e-09	-4.488594e-10	-5.107551e+00	-5.078632e+01
1.190000e-06	-1.062118e-09	-4.296821e-10	-4.895220e+00	-4.842552e+01
1.200000e-06	-1.015929e-09	-4.114171e-10	-4.682335e+00	-4.605880e+01
1.210000e-06	-9.696193e-10	-3.911211e-10	-4.468898e+00	-4.368645e+01
1.220000e-06	-9.232173e-10	-3.685791e-10	-4.255035e+00	-4.130876e+01
1.230000e-06	-8.767200e-10	-3.463959e-10	-4.040732e+00	-3.892602e+01
1.240000e-06	-8.301380e-10	-3.267661e-10	-3.826039e+00	-3.653851e+01
1.250000e-06	-7.834846e-10	-3.088732e-10	-3.611017e+00	-3.414653e+01
1.260000e-06	-7.367450e-10	-2.898051e-10	-3.395598e+00	-3.175037e+01
1.270000e-06	-6.899178e-10	-2.685639e-10	-3.179775e+00	-2.935032e+01
1.280000e-06	-6.429957e-10	-2.462181e-10	-2.963515e+00	-2.694667e+01
1.290000e-06	-5.959791e-10	-2.246290e-10	-2.746819e+00	-2.453972e+01
1.300000e-06	-5.488968e-10	-2.033852e-10	-2.529820e+00	-2.212976e+01
1.310000e-06	-5.017642e-10	-1.827033e-10	-2.312589e+00	-1.971708e+01
1.320000e-06	-4.545704e-10	-1.638514e-10	-2.095076e+00	-1.730198e+01
1.330000e-06	-4.073113e-10	-1.470398e-10	-1.877263e+00	-1.488474e+01
1.340000e-06	-3.599866e-10	-1.304397e-10	-1.659147e+00	-1.246567e+01
1.350000e-06	-3.126101e-10	-1.110625e-10	-1.440792e+00	-1.004506e+01
1.360000e-06	-2.652058e-10	-8.864581e-11	-1.222309e+00	-7.623198e+00
1.370000e-06	-2.177656e-10	-6.469370e-11	-1.003661e+00	-5.200386e+00
1.380000e-06	-1.702680e-10	-4.192378e-11	-7.847484e-01	-2.776916e+00
1.390000e-06	-1.227465e-10	-2.275716e-11	-5.657252e-01	-3.530833e-01
1.400000e-06	-7.521041e-11	-5.858857e-12	-3.466351e-01	2.070816e+00
1.410000e-06	-2.766047e-11	1.339681e-11	-1.274810e-01	4.494488e+00
1.420000e-06	1.987709e-11	3.698798e-11	9.161603e-02	6.917638e+00
1.430000e-06	6.739665e-11	6.320026e-11	3.106301e-01	9.339969e+00
1.440000e-06	1.149166e-10	8.802279e-11	5.296460e-01	1.176119e+01
1.450000e-06	1.624433e-10	1.100054e-10	7.486929e-01	1.418100e+01
1.460000e-06	2.099412e-10	1.295486e-10	9.676071e-01	1.659911e+01
1.470000e-06	2.573969e-10	1.484981e-10	1.186327e+00	1.901523e+01
1.480000e-06	3.048130e-10	1.675920e-10	1.404864e+00	2.142905e+01
1.490000e-06	3.521932e-10	1.869803e-10	1.623236e+00	2.384029e+01
1.500000e-06	3.995260e-10	2.068119e-10	1.841389e+00	2.624865e+01
1.510000e-06	4.467757e-10	2.273951e-10	2.059159e+00	2.865384e+01
1.520000e-06	4.939439e-10	2.493587e-10	2.276554e+00	3.105557e+01
1.530000e-06	5.410480e-10	2.729412e-10	2.493654e+00	3.345354e+01
1.540000e-06	5.880661e-10	2.958842e-10	2.710356e+00	3.584747e+01
1.550000e-06	6.349821e-10	3.162300e-10	2.926589e+00	3.823706e+01
1.560000e-06	6.818200e-10	3.352219e-10	3.142461e+00	4.062201e+01
1.570000e-06	7.285830e-10	3.547459e-10	3.357988e+00	4.300205e+01
1.580000e-06	7.752520e-10	3.745536e-10	3.573082e+00	4.537687e+01
1.590000e-06	8.218350e-10	3.939644e-10	3.787780e+00	4.774620e+01
1.600000e-06	8.683275e-10	4.135410e-10	4.002060e+00	5.010974e+01
1.610000e-06	9.147199e-10	4.345483e-10	4.215880e+00	5.246720e+01
1.620000e-06	9.610241e-10	4.575431e-10	4.429292e+00	5.481831e+01
1.630000e-06	1.007238e-09	4.809693e-10	4.642289e+00	5.716276e+01
1.640000e-06	1.053362e-09	5.016247e-10	4.854872e+00	5.950028e+01
1.650000e-06	1.099367e-09	5.182146e-10	5.066905e+00	6.183058e+01
1.660000e-06	1.145207e-09	5.340077e-10	5.278179e+00	6.415338e+01
1.670000e-06	1.190886e-09	5.528292e-10	5.488710e+00	6.646840e+01
1.680000e-06	1.236416e-09	5.743424e-10	5.698553e+00	6.877535e+01
1.690000e-06	1.281772e-09	5.950392e-10	5.907594e+00	7.107395e+01
1.700000e-06	1.326927e-09	6.144581e-10	6.115709e+00	7.336393e+01
1.710000e-06	1.371912e-09	6.352006e-10	6.323043e+00	7.564500e+01
1.720000e-06	1.416751e-09	6.575288e-10	6.529703e+00	7.791688e+01
1.730000e-06	1.461449e-09	6.780741e-10	6.735714e+00	8.017931e+01
1.740000e-06	1.506028e-09	6.951544e-10	6.941175e+00	8.243200e+01
1.750000e-06	1.550504e-09	7.116991e-10	7.146162e+00	8.467468e+01
1.760000e-06	1.594904e-09	7.315839e-10	7.350799e+00	8.690708e+01
1.770000e-06	1.639241e-09	7.540276e-10	7.555143e+00	8.912893e+01
1.780000e-06	1.683500e-09	7.754203e-10	7.759130e+00	9.133995e+01
1.790000e-06	1.727637e-09	7.953431e-10	7.962555e+00	9.353988e+01
1.800000e-06	1.771609e-09	8.159138e-10	8.165218e+00	9.572844e+01
1.810000e-06	1.815346e-09	8.366011e-10	8.366797e+00	9.790538e+01
1.820000e-06	1.858752e-09	8.555444e-10	8.566855e+00	1.000704e+02
1.830000e-06	1.901756e-09	8.724715e-10	8.765057e+00	1.022233e+02
1.840000e-06	1.944301e-09	8.888033e-10	8.961140e+00	1.043638e+02
1.850000e-06	1.986384e-09	9.058039e-10	9.155097e+00	1.064916e+02
1.860000e-06	2.028056e-09	9.247722e-10	9.347162e+00	1.086064e+02
1.870000e-06	2.069372e-09	9.458927e-10	9.537586e+00	1.107081e+02
1.880000e-06	2.110375e-09	9.668952e-10	9.726563e+00	1.127963e+02
1.890000e-06	2.151117e-09	9.863858e-10	9.914340e+00	1.148708e+02
1.900000e-06	2.191665e-09	1.004914e-09	1.010122e+01	1.169313e+02
1.910000e-06	2.232070e-09	1.023342e-09	1.028745e+01	1.189777e+02
1.920000e-06	2.272342e-09	1.041558e-09	1.047306e+01	1.210095e+02
1.930000e-06	2.312440e-09	1.058203e-09	1.065787e+01	1.230267e+02
1.940000e-06	2.352307e-09	1.073162e-09	1.084161e+01	1.250289e+02
1.950000e-06	2.391894e-09	1.088860e-09	1.102406e+01	1.270160e+02
1.960000e-06	2.431154e-09	1.106568e-09	1.120501e+01	1.289875e+02
1.970000e-06	2.470073e-09	1.124760e-09	1.138439e+01	1.309435e+02
1.980000e-06	2.508687e-09	1.141164e-09	1.156235e+01	1.328834e+02
1.990000e-06	2.547034e-09	1.155806e-09	1.173909e+01	1.348073e+02
2.000000e-06	2.585121e-09	1.170998e-09	1.191463e+01	1.367148e+02
2.010000e-06	2.622918e-09	1.187560e-09	1.208883e+01	1.386056e+02
2.020000e-06	2.660376e-09	1.204776e-09	1.226148e+01	1.404796e+02
2.030000e-06	2.697503e-09	1.221013e-09	1.243259e+01	1.423365e+02
2.040000e-06	2.734340e-09	1.235185e-09	1.260237e+01	1.441761e+02
2.050000e-06	2.770929e-09	1.249632e-09	1.277101e+01	1.459982e+02
2.060000e-06	2.807334e-09	1.265737e-09	1.293879e+01	1.478026e+02
2.070000e-06	2.843557e-09	1.282188e-09	1.310574e+01	1.495890e+02
2.080000e-06	2.879545e-09	1.298521e-09	1.327161e+01	1.513572e+02
2.090000e-06	2.915188e-09	1.314733e-09	1.343589e+01	1.531070e+02
2.100000e-06	2.950343e-09	1.329923e-09	1.359791e+01	1.548382e+02
2.110000e-06	2.984905e-09	1.344622e-09	1.375720e+01	1.565505e+02
2.120000e-06	3.018837e-09	1.358964e-09	1.391360e+01	1.582439e+02
2.130000e-06	3.052195e-09	1.371075e-09	1.406734e+01	1.599180e+02
2.140000e-06	3.085104e-09	1.381709e-09	1.421902e+01	1.615726e+02
2.150000e-06	3.117710e-09	1.393914e-09	1.436929e+01	1.632076e+02
2.160000e-06	3.150104e-09	1.409234e-09	1.451860e+01	1.648228e+02
2.170000e-06	3.182289e-09	1.426015e-09	1.466693e+01	1.664179e+02
2.180000e-06	3.214172e-09	1.440699e-09	1.481388e+01	1.679928e+02
2.190000e-06	3.245654e-09	1.451871e-09	1.495898e+01	1.695473e+02
2.200000e-06	3.276700e-09	1.461637e-09	1.510207e+01	1.710811e+02
2.210000e-06	3.307339e-09	1.473272e-09	1.524328e+01	1.725942e+02
2.220000e-06	3.337610e-09	1.486709e-09	1.538280e+01	1.740863e+02
2.230000e-06	3.367510e-09	1.498420e-09	1.552060e+01	1.755572e+02
2.240000e-06	3.397014e-09	1.508236e-09	1.565658e+01	1.770068e+02
2.250000e-06	3.426124e-09	1.520409e-09	1.579075e+01	1.784348e+02
2.260000e-06	3.454893e-09	1.535995e-09	1.592334e+01	1.798412e+02
2.270000e-06	3.483394e-09	1.550605e-09	1.605470e+01	1.812256e+02
2.280000e-06	3.511659e-09	1.560374e-09	1.618498e+01	1.825881e+02
2.290000e-06	3.539620e-09	1.567247e-09	1.631384e+01	1.839283e+02
2.300000e-06	3.567086e-09	1.575648e-09	1.644044e+01	1.852462e+02
2.310000e-06	3.593868e-09	1.587084e-09	1.656387e+01	1.865416e+02
2.320000e-06	3.619898e-09	1.599555e-09	1.668384e+01	1.878142e+02
2.330000e-06	3.645253e-09	1.610715e-09	1.680070e+01	1.890641e+02
2.340000e-06	3.670098e-09	1.620957e-09	1.691521e+01	1.902909e+02
2.350000e-06	3.694570e-09	1.631081e-09	1.702800e+01	1.914946e+02
2.360000e-06	3.718706e-09	1.641026e-09	1.713924e+01	1.926751e+02
2.370000e-06	3.742450e-09	1.650608e-09	1.724867e+01	1.938321e+02
2.380000e-06	3.765730e-09	1.659853e-09	1.735597e+01	1.949655e+02
2.390000e-06	3.788551e-09	1.670035e-09	1.746115e+01	1.960752e+02
2.400000e-06	3.810972e-09	1.681140e-09	1.756449e+01	1.971611e+02
2.410000e-06	3.832977e-09	1.689989e-09	1.766590e+01	1.982230e+02
2.420000e-06	3.854513e-09	1.696694e-09	1.776516e+01	1.992608e+02
2.430000e-06	3.875593e-09	1.704966e-09	1.786232e+01	2.002744e+02
2.440000e-06	3.896300e-09	1.715018e-09	1.795776e+01	2.012636e+02
2.450000e-06	3.916727e-09	1.724263e-09	1.805190e+01	2.022283e+02
2.460000e-06	3.936873e-09	1.731988e-09	1.814475e+01	2.031685e+02
2.470000e-06	3.956625e-09	1.738707e-09	1.823579e+01	2.040839e+02
2.480000e-06	3.975860e-09	1.745079e-09	1.832444e+01	2.049745e+02
2.490000e-06	3.994522e-09	1.751597e-09	1.841045e+01	2.058402e+02
2.500000e-06	4.012671e-09	1.757117e-09	1.849410e+01	2.066809e+02
2.510000e-06	4.030404e-09	1.762757e-09	1.857583e+01	2.074964e+02
2.520000e-06	4.047770e-09	1.771572e-09	1.865587e+01	2.082867e+02
2.530000e-06	4.064688e-09	1.782139e-09	1.873384e+01	2.090517e+02
2.540000e-06	4.081008e-09	1.790801e-09	1.880906e+01	2.097913e+02
2.550000e-06	4.096651e-09	1.796846e-09	1.888116e+01	2.105053e+02
2.560000e-06	4.111645e-09	1.802121e-09	1.895026e+01	2.111937e+02
2.570000e-06	4.126101e-09	1.807813e-09	1.901689e+01	2.118565e+02
2.580000e-06	4.140051e-09	1.814195e-09	1.908119e+01	2.124935e+02
2.590000e-06	4.153460e-09	1.820794e-09	1.914299e+01	2.131046e+02
2.600000e-06	4.166351e-09	1.825994e-09	1.920240e+01	2.136899e+02
2.610000e-06	4.178791e-09	1.830242e-09	1.925974e+01	2.142491e+02
2.620000e-06	4.190743e-09	1.835085e-09	1.931482e+01	2.147823e+02
2.630000e-06	4.202045e-09	1.839870e-09	1.936691e+01	2.152894e+02
2.640000e-06	4.212543e-09	1.843194e-09	1.941530e+01	2.157703e+02
2.650000e-06	4.222232e-09	1.844813e-09	1.945995e+01	2.162249e+02
2.660000e-06	4.231278e-09	1.847298e-09	1.950164e+01	2.166533e+02
2.670000e-06	4.239886e-09	1.852242e-09	1.954132e+01	2.170553e+02
2.680000e-06	4.248149e-09	1.856763e-09	1.957940e+01	2.174309e+02
2.690000e-06	4.256003e-09	1.857979e-09	1.961560e+01	2.177801e+02
2.700000e-06	4.263341e-09	1.857340e-09	1.964942e+01	2.181028e+02
2.710000e-06	4.270160e-09	1.859035e-09	1.968085e+01	2.183989e+02
2.720000e-06	4.276482e-09	1.863917e-09	1.970999e+01	2.186685e+02
2.730000e-06	4.282275e-09	1.868936e-09	1.973668e+01	2.189115e+02
2.740000e-06	4.287565e-09	1.872196e-09	1.976107e+01	2.191279e+02
2.750000e-06	4.292422e-09	1.874776e-09	1.978345e+01	2.193177e+02
2.760000e-06	4.296915e-09	1.876984e-09	1.980416e+01	2.194807e+02
2.770000e-06	4.301070e-09	1.878206e-09	1.982331e+01	2.196171e+02
2.780000e-06	4.304767e-09	1.876800e-09	1.984035e+01	2.197268e+02
2.790000e-06	4.307806e-09	1.872994e-09	1.985435e+01	2.198097e+02
2.800000e-06	4.310041e-09	1.870917e-09	1.986466e+01	2.198659e+02
2.810000e-06	4.311503e-09	1.872638e-09	1.987139e+01	2.198954e+02
2.820000e-06	4.312394e-09	1.875607e-09	1.987550e+01	2.198981e+02
2.830000e-06	4.312896e-09	1.877818e-09	1.987782e+01	2.198741e+02
2.840000e-06	4.313044e-09	1.877990e-09	1.987849e+01	2.198234e+02
2.850000e-06	4.312756e-09	1.875521e-09	1.987717e+01	2.197459e+02
2.860000e-06	4.311964e-09	1.872418e-09	1.987352e+01	2.196417e+02
2.870000e-06	4.310689e-09	1.870007e-09	1.986764e+01	2.195107e+02
2.880000e-06	4.308962e-09	1.868595e-09	1.985968e+01	2.193531e+02
2.890000e-06	4.306752e-09	1.874825e-09	1.984950e+01	2.191688e+02
2.900000e-06	4.304036e-09	1.903209e-09	1.983698e+01	2.189579e+02
2.910000e-06	4.300886e-09	1.904766e-09	1.982246e+01	2.187203e+02
2.920000e-06	4.297344e-09	1.795154e-09	1.980614e+01	2.184561e+02
2.930000e-06	4.293246e-09	1.745146e-09	1.978725e+01	2.181654e+02
2.940000e-06	4.288395e-09	1.899750e-09	1.976489e+01	2.178481e+02
2.950000e-06	4.282922e-09	1.948663e-09	1.973966e+01	2.175043e+02
2.960000e-06	4.277086e-09	1.806972e-09	1.971277e+01	2.171341e+02
2.970000e-06	4.270743e-09	1.797880e-09	1.968353e+01	2.167375e+02
2.980000e-06	4.263728e-09	1.963504e-09	1.965120e+01	2.163145e+02
2.990000e-06	4.256234e-09	1.883902e-09	1.961666e+01	2.158652e+02
3.000000e-06	4.248408e-09	1.654841e-09	1.958059e+01	2.153897e+02
3.010000e-06	4.240057e-09	1.796175e-09	1.954211e+01	2.148880e+02
3.020000e-06	4.231083e-09	1.991620e-09	1.950074e+01	2.143601e+02
3.030000e-06	4.221680e-09	1.797660e-09	1.945740e+01	2.138062e+02
3.040000e-06	4.211884e-09	1.687042e-09	1.941226e+01	2.132262e+02
3.050000e-06	4.201507e-09	1.910123e-09	1.936443e+01	2.126203e+02
3.060000e-06	4.190543e-09	1.897048e-09	1.931390e+01	2.119886e+02
3.070000e-06	4.179073e-09	1.659219e-09	1.926103e+01	2.113311e+02
3.080000e-06	4.166975e-09	1.738631e-09	1.920528e+01	2.106479e+02
3.090000e-06	4.154233e-09	1.890151e-09	1.914655e+01	2.099391e+02
3.100000e-06	4.140932e-09	1.766958e-09	1.908524e+01	2.092047e+02
3.110000e-06	4.126928e-09	1.762000e-09	1.902070e+01	2.084449e+02
3.120000e-06	4.112151e-09	1.870543e-09	1.895259e+01	2.076598e+02
3.130000e-06	4.096824e-09	1.755544e-09	1.888195e+01	2.068494e+02
3.140000e-06	4.081108e-09	1.671538e-09	1.880952e+01	2.060138e+02
3.150000e-06	4.064949e-09	1.785639e-09	1.873504e+01	2.051532e+02
3.160000e-06	4.048292e-09	1.773349e-09	1.865827e+01	2.042677e+02
3.170000e-06	4.031193e-09	1.695054e-09	1.857946e+01	2.033573e+02
3.180000e-06	4.013651e-09	1.735415e-09	1.849862e+01	2.024222e+02
3.190000e-06	3.995659e-09	1.734681e-09	1.841569e+01	2.014624e+02
3.200000e-06	3.977191e-09	1.709972e-09	1.833057e+01	2.004782e+02
3.210000e-06	3.958238e-09	1.729240e-09	1.824322e+01	1.994696e+02
3.220000e-06	3.938928e-09	1.676027e-09	1.815422e+01	1.984367e+02
3.230000e-06	3.919349e-09	1.656205e-09	1.806398e+01	1.973797e+02
3.240000e-06	3.899429e-09	1.710474e-09	1.797218e+01	1.962987e+02
3.250000e-06	3.879011e-09	1.678636e-09	1.787807e+01	1.951938e+02
3.260000e-06	3.857887e-09	1.661919e-09	1.778071e+01	1.940652e+02
3.270000e-06	3.835944e-09	1.683968e-09	1.767958e+01	1.929130e+02
3.280000e-06	3.813304e-09	1.618017e-09	1.757523e+01	1.917373e+02
3.290000e-06	3.790171e-09	1.599649e-09	1.746861e+01	1.905383e+02
3.300000e-06	3.766699e-09	1.647943e-09	1.736043e+01	1.893162e+02
3.310000e-06	3.742935e-09	1.607367e-09	1.725091e+01	1.880710e+02
3.320000e-06	3.718780e-09	1.584292e-09	1.713957e+01	1.868030e+02
3.330000e-06	3.694152e-09	1.605140e-09	1.702607e+01	1.855122e+02
3.340000e-06	3.669092e-09	1.576177e-09	1.691057e+01	1.841989e+02
3.350000e-06	3.643635e-09	1.564338e-09	1.679324e+01	1.828632e+02
3.360000e-06	3.617746e-09	1.563988e-09	1.667392e+01	1.815052e+02
3.370000e-06	3.591392e-09	1.525102e-09	1.655245e+01	1.801252e+02
3.380000e-06	3.564592e-09	1.519816e-09	1.642893e+01	1.787233e+02
3.390000e-06	3.537433e-09	1.525914e-09	1.630376e+01	1.772996e+02
3.400000e-06	3.510009e-09	1.509747e-09	1.617737e+01	1.758544e+02
3.410000e-06	3.482327e-09	1.501669e-09	1.604978e+01	1.743878e+02
3.420000e-06	3.454297e-09	1.482935e-09	1.592060e+01	1.729000e+02
3.430000e-06	3.425779e-09	1.455991e-09	1.578915e+01	1.713912e+02
3.440000e-06	3.396633e-09	1.453371e-09	1.565483e+01	1.698615e+02
3.450000e-06	3.366805e-09	1.445856e-09	1.551735e+01	1.683112e+02
3.460000e-06	3.336338e-09	1.425001e-09	1.537693e+01	1.667405e+02
3.470000e-06	3.305368e-09	1.411176e-09	1.523419e+01	1.651494e+02
3.480000e-06	3.274057e-09	1.402539e-09	1.508988e+01	1.635383e+02
3.490000e-06	3.242504e-09	1.388933e-09	1.494445e+01	1.619073e+02
3.500000e-06	3.210682e-09	1.372426e-09	1.479779e+01	1.602566e+02
3.510000e-06	3.178512e-09	1.353714e-09	1.464952e+01	1.585864e+02
3.520000e-06	3.145941e-09	1.336316e-09	1.449940e+01	1.568969e+02
3.530000e-06	3.112978e-09	1.328314e-09	1.434748e+01	1.551884e+02
3.540000e-06	3.079694e-09	1.319917e-09	1.419408e+01	1.534610e+02
3.550000e-06	3.046127e-09	1.302809e-09	1.403937e+01	1.517149e+02
3.560000e-06	3.012216e-09	1.286443e-09	1.388308e+01	1.499504e+02
3.570000e-06	2.977883e-09	1.270418e-09	1.372483e+01	1.481677e+02
3.580000e-06	2.943150e-09	1.254982e-09	1.356476e+01	1.463670e+02
3.590000e-06	2.908092e-09	1.243701e-09	1.340318e+01	1.445484e+02
3.600000e-06	2.872793e-09	1.225745e-09	1.324048e+01	1.427123e+02
3.610000e-06	2.837321e-09	1.207791e-09	1.307700e+01	1.408589e+02
3.620000e-06	2.801678e-09	1.194699e-09	1.291272e+01	1.389883e+02
3.630000e-06	2.765793e-09	1.179535e-09	1.274733e+01	1.371008e+02
3.640000e-06	2.729549e-09	1.162246e-09	1.258028e+01	1.351967e+02
3.650000e-06	2.692802e-09	1.144365e-09	1.241092e+01	1.332761e+02
3.660000e-06	2.655479e-09	1.126984e-09	1.223890e+01	1.313393e+02
3.670000e-06	2.617577e-09	1.113988e-09	1.206421e+01	1.293866e+02
3.680000e-06	2.579136e-09	1.098875e-09	1.188704e+01	1.274181e+02
3.690000e-06	2.540264e-09	1.080663e-09	1.170788e+01	1.254342e+02
3.700000e-06	2.501100e-09	1.058973e-09	1.152738e+01	1.234350e+02
3.710000e-06	2.461738e-09	1.038000e-09	1.134596e+01	1.214208e+02
3.720000e-06	2.422211e-09	1.023071e-09	1.116379e+01	1.193918e+02
3.730000e-06	2.382521e-09	1.010643e-09	1.098086e+01	1.173484e+02
3.740000e-06	2.342617e-09	9.929165e-10	1.079694e+01	1.152907e+02
3.750000e-06	2.302447e-09	9.712999e-10	1.061180e+01	1.132189e+02
3.760000e-06	2.261981e-09	9.513945e-10	1.042530e+01	1.111334e+02
3.770000e-06	2.221215e-09	9.347630e-10	1.023741e+01	1.090344e+02
3.780000e-06	2.180183e-09	9.159265e-10	1.004829e+01	1.069222e+02
3.790000e-06	2.138922e-09	8.937503e-10	9.858126e+00	1.047969e+02
3.800000e-06	2.097458e-09	8.708768e-10	9.667024e+00	1.026590e+02
3.810000e-06	2.055775e-09	8.516757e-10	9.474910e+00	1.005085e+02
3.820000e-06	2.013864e-09	8.357286e-10	9.281746e+00	9.834586e+01
3.830000e-06	1.971705e-09	8.187198e-10	9.087435e+00	9.617126e+01
3.840000e-06	1.929246e-09	7.996047e-10	8.891747e+00	9.398497e+01
3.850000e-06	1.886509e-09	7.792352e-10	8.694777e+00	9.178726e+01
3.860000e-06	1.843536e-09	7.604976e-10	8.496717e+00	8.957841e+01
3.870000e-06	1.800375e-09	7.436551e-10	8.297790e+00	8.735867e+01
3.880000e-06	1.757077e-09	7.252265e-10	8.098233e+00	8.512832e+01
3.890000e-06	1.713662e-09	7.050718e-10	7.898135e+00	8.288763e+01
3.900000e-06	1.670152e-09	6.861562e-10	7.697600e+00	8.063688e+01
3.910000e-06	1.626557e-09	6.683841e-10	7.496676e+00	7.837633e+01
3.920000e-06	1.582853e-09	6.515225e-10	7.295249e+00	7.610627e+01
3.930000e-06	1.539024e-09	6.326188e-10	7.093244e+00	7.382696e+01
3.940000e-06	1.495043e-09	6.098204e-10	6.890535e+00	7.153869e+01
3.950000e-06	1.450862e-09	5.865777e-10	6.686910e+00	6.924174e+01
3.960000e-06	1.406483e-09	5.670464e-10	6.482370e+00	6.693638e+01
3.970000e-06	1.361905e-09	5.507467e-10	6.276915e+00	6.462289e+01
3.980000e-06	1.317114e-09	5.338529e-10	6.070476e+00	6.230156e+01
3.990000e-06	1.272114e-09	5.127408e-10	5.863073e+00	5.997267e+01
4.000000e-06	1.226907e-09	4.903121e-10	5.654716e+00	5.763650e+01
4.010000e-06	1.181526e-09	4.707186e-10	5.445559e+00	5.529334e+01
4.020000e-06	1.136008e-09	4.532112e-10	5.235774e+00	5.294347e+01
4.030000e-06	1.090382e-09	4.337728e-10	5.025486e+00	5.058718e+01
4.040000e-06	1.044644e-09	4.129104e-10	4.814683e+00	4.822475e+01
4.050000e-06	9.987892e-10	3.916568e-10	4.603340e+00	4.585648e+01
4.060000e-06	9.528628e-10	3.712100e-10	4.391669e+00	4.348265e+01
4.070000e-06	9.068704e-10	3.512131e-10	4.179693e+00	4.110354e+01
4.080000e-06	8.607978e-10	3.306049e-10	3.967348e+00	3.871946e+01
4.090000e-06	8.146717e-10	3.103125e-10	3.754756e+00	3.633068e+01
4.100000e-06	7.684842e-10	2.913121e-10	3.541881e+00	3.393751e+01
4.110000e-06	7.222313e-10	2.725613e-10	3.328705e+00	3.154022e+01
4.120000e-06	6.759303e-10	2.537490e-10	3.115308e+00	2.913912e+01
4.130000e-06	6.295679e-10	2.342897e-10	2.901627e+00	2.673449e+01
4.140000e-06	5.831540e-10	2.133745e-10	2.687708e+00	2.432664e+01
4.150000e-06	5.366862e-10	1.925657e-10	2.473542e+00	2.191584e+01
4.160000e-06	4.901680e-10	1.723750e-10	2.259143e+00	1.950240e+01
4.170000e-06	4.436255e-10	1.523775e-10	2.044632e+00	1.708660e+01
4.180000e-06	3.970465e-10	1.321486e-10	1.829953e+00	1.466875e+01
4.190000e-06	3.504156e-10	1.114455e-10	1.615035e+00	1.224914e+01
4.200000e-06	3.037541e-10	9.123073e-11	1.399975e+00	9.828054e+00
4.210000e-06	2.570599e-10	7.152363e-11	1.184765e+00	7.405796e+00
4.220000e-06	2.103253e-10	5.042318e-11	9.693688e-01	4.982659e+00
4.230000e-06	1.635696e-10	2.719618e-11	7.538757e-01	2.558938e+00
4.240000e-06	1.168136e-10	4.512671e-12	5.383807e-01	1.349266e-01
4.250000e-06	7.004231e-11	-1.657033e-11	3.228152e-01	-2.289079e+00
4.260000e-06	2.324837e-11	-3.679984e-11	1.071454e-01	-4.712783e+00
4.270000e-06	-2.354619e-11	-5.551577e-11	-1.085272e-01	-7.135892e+00
4.280000e-06	-7.032019e-11	-7.459173e-11	-3.241051e-01	-9.558110e+00
4.290000e-06	-1.170688e-10	-9.570490e-11	-5.395657e-01	-1.197914e+01
4.300000e-06	-1.638196e-10	-1.177125e-10	-7.550371e-01	-1.439870e+01
4.310000e-06	-2.105377e-10	-1.403882e-10	-9.703571e-01	-1.681647e+01
4.320000e-06	-2.572212e-10	-1.641544e-10	-1.185518e+00	-1.923218e+01
4.330000e-06	-3.038814e-10	-1.871850e-10	-1.400571e+00	-2.164553e+01
4.340000e-06	-3.504829e-10	-2.083165e-10	-1.615354e+00	-2.405622e+01
4.350000e-06	-3.970430e-10	-2.283082e-10	-1.829946e+00	-2.646396e+01
4.360000e-06	-4.435695e-10	-2.470440e-10	-2.044383e+00	-2.886845e+01
4.370000e-06	-4.900372e-10	-2.645823e-10	-2.258549e+00	-3.126941e+01
4.380000e-06	-5.364446e-10	-2.823706e-10	-2.472437e+00	-3.366655e+01
4.390000e-06	-5.827883e-10	-3.016573e-10	-2.686032e+00	-3.605956e+01
4.400000e-06	-6.290784e-10	-3.236605e-10	-2.899379e+00	-3.844816e+01
4.410000e-06	-6.753171e-10	-3.472231e-10	-3.112490e+00	-4.083206e+01
4.420000e-06	-7.214768e-10	-3.718291e-10	-3.325236e+00	-4.321097e+01
4.430000e-06	-7.675615e-10	-3.966041e-10	-3.537638e+00	-4.558459e+01
4.440000e-06	-8.135806e-10	-4.189974e-10	-3.749736e+00	-4.795265e+01
4.450000e-06	-8.595289e-10	-4.371265e-10	-3.961508e+00	-5.031485e+01
4.460000e-06	-9.054177e-10	-4.515262e-10	-4.173007e+00	-5.267090e+01
4.470000e-06	-9.512511e-10	-4.664440e-10	-4.384249e+00	-5.502052e+01
4.480000e-06	-9.969972e-10	-4.856342e-10	-4.595089e+00	-5.736341e+01
4.490000e-06	-1.042658e-09	-5.093419e-10	-4.805535e+00	-5.969931e+01
4.500000e-06	-1.088234e-09	-5.343678e-10	-5.015592e+00	-6.202791e+01
4.510000e-06	-1.133698e-09	-5.575843e-10	-5.225135e+00	-6.434895e+01
4.520000e-06	-1.179040e-09	-5.787497e-10	-5.434110e+00	-6.666213e+01
4.530000e-06	-1.224252e-09	-5.983270e-10	-5.642488e+00	-6.896717e+01
4.540000e-06	-1.269303e-09	-6.161844e-10	-5.850125e+00	-7.126380e+01
4.550000e-06	-1.314171e-09	-6.324009e-10	-6.056920e+00	-7.355173e+01
4.560000e-06	-1.358845e-09	-6.496221e-10	-6.262818e+00	-7.583069e+01
4.570000e-06	-1.403300e-09	-6.710758e-10	-6.467711e+00	-7.810039e+01
4.580000e-06	-1.447550e-09	-6.958085e-10	-6.671653e+00	-8.036057e+01
4.590000e-06	-1.491592e-09	-7.199960e-10	-6.874639e+00	-8.261094e+01
4.600000e-06	-1.535446e-09	-7.412408e-10	-7.076758e+00	-8.485124e+01
4.610000e-06	-1.579166e-09	-7.596373e-10	-7.278263e+00	-8.708119e+01
4.620000e-06	-1.622791e-09	-7.772069e-10	-7.479325e+00	-8.930051e+01
4.630000e-06	-1.666333e-09	-7.955019e-10	-7.680006e+00	-9.150895e+01
4.640000e-06	-1.709796e-09	-8.138026e-10	-7.880326e+00	-9.370622e+01
4.650000e-06	-1.753172e-09	-8.309814e-10	-8.080241e+00	-9.589207e+01
4.660000e-06	-1.796434e-09	-8.481968e-10	-8.279634e+00	-9.806622e+01
4.670000e-06	-1.839544e-09	-8.671157e-10	-8.478325e+00	-1.002284e+02
4.680000e-06	-1.882444e-09	-8.866392e-10	-8.676049e+00	-1.023784e+02
4.690000e-06	-1.925094e-09	-9.049867e-10	-8.872618e+00	-1.045159e+02
4.700000e-06	-1.967465e-09	-9.224749e-10	-9.067903e+00	-1.066406e+02
4.710000e-06	-2.009561e-09	-9.403879e-10	-9.261920e+00	-1.087524e+02
4.720000e-06	-2.051407e-09	-9.585150e-10	-9.454785e+00	-1.108509e+02
4.730000e-06	-2.093029e-09	-9.758268e-10	-9.646617e+00	-1.129358e+02
4.740000e-06	-2.134449e-09	-9.923110e-10	-9.837518e+00	-1.150070e+02
4.750000e-06	-2.175661e-09	-1.008720e-09	-1.002746e+01	-1.170642e+02
4.760000e-06	-2.216645e-09	-1.026035e-09	-1.021635e+01	-1.191071e+02
4.770000e-06	-2.257327e-09	-1.044974e-09	-1.040386e+01	-1.211355e+02
4.780000e-06	-2.297658e-09	-1.064756e-09	-1.058974e+01	-1.231491e+02
4.790000e-06	-2.337677e-09	-1.083963e-09	-1.077418e+01	-1.251478e+02
4.800000e-06	-2.377454e-09	-1.101266e-09	-1.095751e+01	-1.271311e+02
4.810000e-06	-2.417047e-09	-1.116714e-09	-1.113999e+01	-1.290990e+02
4.820000e-06	-2.456497e-09	-1.130780e-09	-1.132182e+01	-1.310511e+02
4.830000e-06	-2.495812e-09	-1.144287e-09	-1.150301e+01	-1.329873e+02
4.840000e-06	-2.534914e-09	-1.158868e-09	-1.168323e+01	-1.349072e+02
4.850000e-06	-2.573692e-09	-1.175237e-09	-1.186196e+01	-1.368107e+02
4.860000e-06	-2.612068e-09	-1.192693e-09	-1.203883e+01	-1.386975e+02
4.870000e-06	-2.649969e-09	-1.209873e-09	-1.221351e+01	-1.405675e+02
4.880000e-06	-2.687331e-09	-1.227276e-09	-1.238571e+01	-1.424203e+02
4.890000e-06	-2.724113e-09	-1.245222e-09	-1.255524e+01	-1.442557e+02
4.900000e-06	-2.760379e-09	-1.261946e-09	-1.272239e+01	-1.460736e+02
4.910000e-06	-2.796262e-09	-1.275941e-09	-1.288777e+01	-1.478736e+02
4.920000e-06	-2.831891e-09	-1.288393e-09	-1.305198e+01	-1.496557e+02
4.930000e-06	-2.867354e-09	-1.301636e-09	-1.321542e+01	-1.514195e+02
4.940000e-06	-2.902637e-09	-1.316646e-09	-1.337804e+01	-1.531648e+02
4.950000e-06	-2.937662e-09	-1.332435e-09	-1.353947e+01	-1.548915e+02
4.960000e-06	-2.972330e-09	-1.347234e-09	-1.369925e+01	-1.565993e+02
4.970000e-06	-3.006591e-09	-1.361073e-09	-1.385716e+01	-1.582880e+02
4.980000e-06	-3.040467e-09	-1.375329e-09	-1.401329e+01	-1.599575e+02
4.990000e-06	-3.073996e-09	-1.389180e-09	-1.416782e+01	-1.616074e+02
5.000000e-06	-3.107195e-09	-1.401487e-09	-1.432083e+01	-1.632377e+02
5.010000e-06	-3.140033e-09	-1.412798e-09	-1.447218e+01	-1.648480e+02
5.020000e-06	-3.172446e-09	-1.423820e-09	-1.462157e+01	-1.664383e+02
5.030000e-06	-3.204458e-09	-1.436123e-09	-1.476911e+01	-1.680083e+02
5.040000e-06	-3.236165e-09	-1.449284e-09	-1.491525e+01	-1.695578e+02
5.050000e-06	-3.267619e-09	-1.461804e-09	-1.506021e+01	-1.710867e+02
5.060000e-06	-3.298791e-09	-1.473551e-09	-1.520389e+01	-1.725947e+02
5.070000e-06	-3.329544e-09	-1.484763e-09	-1.534562e+01	-1.740817e+02
5.080000e-06	-3.359738e-09	-1.496409e-09	-1.548478e+01	-1.755475e+02
5.090000e-06	-3.389289e-09	-1.508769e-09	-1.562098e+01	-1.769918e+02
5.100000e-06	-3.418165e-09	-1.520716e-09	-1.575407e+01	-1.784147e+02
5.110000e-06	-3.446440e-09	-1.531905e-09	-1.588439e+01	-1.798158e+02
5.120000e-06	-3.474288e-09	-1.542663e-09	-1.601274e+01	-1.811949e+02
5.130000e-06	-3.501863e-09	-1.553340e-09	-1.613983e+01	-1.825520e+02
5.140000e-06	-3.529204e-09	-1.563568e-09	-1.626584e+01	-1.838869e+02
5.150000e-06	-3.556230e-09	-1.573221e-09	-1.639040e+01	-1.851993e+02
5.160000e-06	-3.582818e-09	-1.582877e-09	-1.651294e+01	-1.864892e+02
5.170000e-06	-3.608934e-09	-1.593210e-09	-1.663331e+01	-1.877564e+02
5.180000e-06	-3.634616e-09	-1.604473e-09	-1.675168e+01	-1.890007e+02
5.190000e-06	-3.659883e-09	-1.615590e-09	-1.686813e+01	-1.902220e+02
5.200000e-06	-3.684683e-09	-1.625837e-09	-1.698243e+01	-1.914201e+02
5.210000e-06	-3.709003e-09	-1.634872e-09	-1.709452e+01	-1.925948e+02
5.220000e-06	-3.732916e-09	-1.643142e-09	-1.720473e+01	-1.937462e+02
5.230000e-06	-3.756542e-09	-1.651813e-09	-1.731362e+01	-1.948739e+02
5.240000e-06	-3.779929e-09	-1.660529e-09	-1.742141e+01	-1.959778e+02
5.250000e-06	-3.802950e-09	-1.668514e-09	-1.752751e+01	-1.970579e+02
5.260000e-06	-3.825439e-09	-1.676355e-09	-1.763116e+01	-1.981140e+02
5.270000e-06	-3.847230e-09	-1.685243e-09	-1.773160e+01	-1.991459e+02
5.280000e-06	-3.868256e-09	-1.694931e-09	-1.782851e+01	-2.001536e+02
5.290000e-06	-3.888617e-09	-1.703836e-09	-1.792235e+01	-2.011369e+02
5.300000e-06	-3.908489e-09	-1.711035e-09	-1.801394e+01	-2.020957e+02
5.310000e-06	-3.928053e-09	-1.716548e-09	-1.810410e+01	-2.030299e+02
5.320000e-06	-3.947320e-09	-1.721105e-09	-1.819290e+01	-2.039394e+02
5.330000e-06	-3.966181e-09	-1.725475e-09	-1.827983e+01	-2.048240e+02
5.340000e-06	-3.984577e-09	-1.730328e-09	-1.836462e+01	-2.056836e+02
5.350000e-06	-4.002507e-09	-1.736765e-09	-1.844726e+01	-2.065182e+02
5.360000e-06	-4.019999e-09	-1.745113e-09	-1.852788e+01	-2.073276e+02
5.370000e-06	-4.037047e-09	-1.754269e-09	-1.860645e+01	-2.081118e+02
5.380000e-06	-4.053594e-09	-1.762434e-09	-1.868271e+01	-2.088706e+02
5.390000e-06	-4.069668e-09	-1.767781e-09	-1.875680e+01	-2.096040e+02
5.400000e-06	-4.085378e-09	-1.771183e-09	-1.882920e+01	-2.103118e+02
5.410000e-06	-4.100756e-09	-1.775155e-09	-1.890008e+01	-2.109941e+02
5.420000e-06	-4.115651e-09	-1.780087e-09	-1.896873e+01	-2.116506e+02
5.430000e-06	-4.129808e-09	-1.786255e-09	-1.903398e+01	-2.122813e+02
5.440000e-06	-4.143101e-09	-1.792541e-09	-1.909524e+01	-2.128862e+02
5.450000e-06	-4.155618e-09	-1.797143e-09	-1.915293e+01	-2.134651e+02
5.460000e-06	-4.167558e-09	-1.801188e-09	-1.920796e+01	-2.140181e+02
5.470000e-06	-4.179058e-09	-1.805152e-09	-1.926097e+01	-2.145450e+02
5.480000e-06	-4.190092e-09	-1.808691e-09	-1.931182e+01	-2.150457e+02
5.490000e-06	-4.200591e-09	-1.811309e-09	-1.936021e+01	-2.155202e+02
5.500000e-06	-4.210570e-09	-1.812466e-09	-1.940620e+01	-2.159685e+02
5.510000e-06	-4.220082e-09	-1.813882e-09	-1.945004e+01	-2.163905e+02
5.520000e-06	-4.229138e-09	-1.817774e-09	-1.949178e+01	-2.167861e+02
5.530000e-06	-4.237693e-09	-1.823558e-09	-1.953121e+01	-2.171553e+02
5.540000e-06	-4.245758e-09	-1.828190e-09	-1.956838e+01	-2.174981e+02
5.550000e-06	-4.253441e-09	-1.830419e-09	-1.960379e+01	-2.178143e+02
5.560000e-06	-4.260791e-09	-1.831729e-09	-1.963767e+01	-2.181040e+02
5.570000e-06	-4.267699e-09	-1.833708e-09	-1.966950e+01	-2.183672e+02
5.580000e-06	-4.273982e-09	-1.837171e-09	-1.969846e+01	-2.186037e+02
5.590000e-06	-4.279482e-09	-1.840406e-09	-1.972381e+01	-2.188137e+02
5.600000e-06	-4.284199e-09	-1.841551e-09	-1.974555e+01	-2.189969e+02
5.610000e-06	-4.288305e-09	-1.841262e-09	-1.976448e+01	-2.191535e+02
5.620000e-06	-4.291988e-09	-1.841769e-09	-1.978145e+01	-2.192834e+02
5.630000e-06	-4.295333e-09	-1.844230e-09	-1.979687e+01	-2.193866e+02
5.640000e-06	-4.298278e-09	-1.847168e-09	-1.981044e+01	-2.194631e+02
5.650000e-06	-4.300719e-09	-1.847964e-09	-1.982169e+01	-2.195128e+02
5.660000e-06	-4.302651e-09	-1.846288e-09	-1.983059e+01	-2.195358e+02
5.670000e-06	-4.304153e-09	-1.843826e-09	-1.983752e+01	-2.195320e+02
5.680000e-06	-4.305166e-09	-1.841212e-09	-1.984219e+01	-2.195016e+02
5.690000e-06	-4.305603e-09	-1.838559e-09	-1.984420e+01	-2.194443e+02
