# Temperatura_=_20.0
# Concentracion g/m^3_=_10000.0
# C_Vs_to_Am_M_A/Vsm_=_116720831517.84952
# pendiente_HvsI_1/m_=_3716.3
# ordenada_HvsI_A/m_=_1297.0
# frecuencia_Hz_=_175668.27346451484
# Promedio de 25 ciclos

Tiempo_(s)	Campo_(V.s)	Magnetizacion_(V.s)	Campo_(kA/m)	Magnetizacion_(A/m)
0.000000e+00	-1.203601e-08	-5.284657e-09	-5.319252e+01	-6.224084e+02
1.000000e-08	-1.203513e-08	-5.284398e-09	-5.318862e+01	-6.220983e+02
2.000000e-08	-1.203276e-08	-5.281202e-09	-5.317815e+01	-6.217123e+02
3.000000e-08	-1.202883e-08	-5.274530e-09	-5.316080e+01	-6.212504e+02
4.000000e-08	-1.202365e-08	-5.272286e-09	-5.313791e+01	-6.207127e+02
5.000000e-08	-1.201723e-08	-5.272978e-09	-5.310952e+01	-6.200993e+02
6.000000e-08	-1.200948e-08	-5.269988e-09	-5.307528e+01	-6.194103e+02
7.000000e-08	-1.200038e-08	-5.257598e-09	-5.303508e+01	-6.186456e+02
8.000000e-08	-1.198963e-08	-5.245650e-09	-5.298755e+01	-6.178055e+02
9.000000e-08	-1.197702e-08	-5.270736e-09	-5.293184e+01	-6.168900e+02
1.000000e-07	-1.196242e-08	-5.303041e-09	-5.286731e+01	-6.158993e+02
1.100000e-07	-1.194573e-08	-5.298108e-09	-5.279354e+01	-6.148334e+02
1.200000e-07	-1.192746e-08	-5.290555e-09	-5.271281e+01	-6.136924e+02
1.300000e-07	-1.190809e-08	-5.231621e-09	-5.262719e+01	-6.124766e+02
1.400000e-07	-1.188779e-08	-5.149610e-09	-5.253749e+01	-6.111861e+02
1.500000e-07	-1.186646e-08	-5.192200e-09	-5.244323e+01	-6.098210e+02
1.600000e-07	-1.184377e-08	-5.182855e-09	-5.234294e+01	-6.083815e+02
1.700000e-07	-1.181981e-08	-5.144869e-09	-5.223704e+01	-6.068678e+02
1.800000e-07	-1.179437e-08	-5.231743e-09	-5.212462e+01	-6.052800e+02
1.900000e-07	-1.176722e-08	-5.195454e-09	-5.200461e+01	-6.036184e+02
2.000000e-07	-1.173884e-08	-5.150871e-09	-5.187920e+01	-6.018831e+02
2.100000e-07	-1.170930e-08	-5.179360e-09	-5.174864e+01	-6.000744e+02
2.200000e-07	-1.167840e-08	-5.103181e-09	-5.161208e+01	-5.981925e+02
2.300000e-07	-1.164615e-08	-5.068774e-09	-5.146956e+01	-5.962375e+02
2.400000e-07	-1.161236e-08	-5.088937e-09	-5.132023e+01	-5.942099e+02
2.500000e-07	-1.157706e-08	-5.086093e-09	-5.116419e+01	-5.921097e+02
2.600000e-07	-1.154044e-08	-5.102557e-09	-5.100236e+01	-5.899373e+02
2.700000e-07	-1.150251e-08	-5.075049e-09	-5.083472e+01	-5.876929e+02
2.800000e-07	-1.146319e-08	-5.024784e-09	-5.066096e+01	-5.853768e+02
2.900000e-07	-1.142251e-08	-4.981292e-09	-5.048118e+01	-5.829892e+02
3.000000e-07	-1.138041e-08	-4.972479e-09	-5.029512e+01	-5.805306e+02
3.100000e-07	-1.133670e-08	-4.974406e-09	-5.010197e+01	-5.780011e+02
3.200000e-07	-1.129149e-08	-4.948024e-09	-4.990214e+01	-5.754010e+02
3.300000e-07	-1.124492e-08	-4.936125e-09	-4.969632e+01	-5.727308e+02
3.400000e-07	-1.119704e-08	-4.903363e-09	-4.948472e+01	-5.699906e+02
3.500000e-07	-1.114772e-08	-4.877708e-09	-4.926675e+01	-5.671810e+02
3.600000e-07	-1.109657e-08	-4.852901e-09	-4.904069e+01	-5.643021e+02
3.700000e-07	-1.104368e-08	-4.802404e-09	-4.880696e+01	-5.613543e+02
3.800000e-07	-1.098934e-08	-4.779710e-09	-4.856682e+01	-5.583381e+02
3.900000e-07	-1.093373e-08	-4.778860e-09	-4.832106e+01	-5.552537e+02
4.000000e-07	-1.087694e-08	-4.772948e-09	-4.807004e+01	-5.521016e+02
4.100000e-07	-1.081876e-08	-4.739460e-09	-4.781295e+01	-5.488820e+02
4.200000e-07	-1.075915e-08	-4.679889e-09	-4.754949e+01	-5.455956e+02
4.300000e-07	-1.069817e-08	-4.636605e-09	-4.728000e+01	-5.422425e+02
4.400000e-07	-1.063595e-08	-4.611404e-09	-4.700501e+01	-5.388232e+02
4.500000e-07	-1.057254e-08	-4.599808e-09	-4.672477e+01	-5.353383e+02
4.600000e-07	-1.050788e-08	-4.572643e-09	-4.643901e+01	-5.317879e+02
4.700000e-07	-1.044194e-08	-4.539624e-09	-4.614759e+01	-5.281727e+02
4.800000e-07	-1.037460e-08	-4.513265e-09	-4.585001e+01	-5.244930e+02
4.900000e-07	-1.030593e-08	-4.480499e-09	-4.554652e+01	-5.207494e+02
5.000000e-07	-1.023608e-08	-4.440592e-09	-4.523781e+01	-5.169421e+02
5.100000e-07	-1.016511e-08	-4.393443e-09	-4.492416e+01	-5.130718e+02
5.200000e-07	-1.009298e-08	-4.353004e-09	-4.460540e+01	-5.091388e+02
5.300000e-07	-1.001960e-08	-4.329131e-09	-4.428110e+01	-5.051438e+02
5.400000e-07	-9.944930e-09	-4.308620e-09	-4.395108e+01	-5.010870e+02
5.500000e-07	-9.868857e-09	-4.277991e-09	-4.361488e+01	-4.969692e+02
5.600000e-07	-9.791367e-09	-4.231541e-09	-4.327242e+01	-4.927906e+02
5.700000e-07	-9.712494e-09	-4.186354e-09	-4.292385e+01	-4.885519e+02
5.800000e-07	-9.632303e-09	-4.149599e-09	-4.256945e+01	-4.842536e+02
5.900000e-07	-9.550893e-09	-4.119329e-09	-4.220966e+01	-4.798962e+02
6.000000e-07	-9.468324e-09	-4.088101e-09	-4.184475e+01	-4.754802e+02
6.100000e-07	-9.384733e-09	-4.046926e-09	-4.147532e+01	-4.710062e+02
6.200000e-07	-9.300152e-09	-4.004492e-09	-4.110152e+01	-4.664746e+02
6.300000e-07	-9.214575e-09	-3.963922e-09	-4.072331e+01	-4.618862e+02
6.400000e-07	-9.128067e-09	-3.926720e-09	-4.034099e+01	-4.572413e+02
6.500000e-07	-9.040596e-09	-3.886754e-09	-3.995442e+01	-4.525407e+02
6.600000e-07	-8.952022e-09	-3.842552e-09	-3.956297e+01	-4.477848e+02
6.700000e-07	-8.862274e-09	-3.800429e-09	-3.916634e+01	-4.429742e+02
6.800000e-07	-8.771432e-09	-3.765109e-09	-3.876486e+01	-4.381096e+02
6.900000e-07	-8.679481e-09	-3.727947e-09	-3.835849e+01	-4.331915e+02
7.000000e-07	-8.586381e-09	-3.680944e-09	-3.794704e+01	-4.282205e+02
7.100000e-07	-8.492236e-09	-3.625784e-09	-3.753097e+01	-4.231972e+02
7.200000e-07	-8.397118e-09	-3.575493e-09	-3.711060e+01	-4.181222e+02
7.300000e-07	-8.300989e-09	-3.535059e-09	-3.668576e+01	-4.129962e+02
7.400000e-07	-8.203812e-09	-3.500210e-09	-3.625629e+01	-4.078198e+02
7.500000e-07	-8.105605e-09	-3.459234e-09	-3.582227e+01	-4.025936e+02
7.600000e-07	-8.006408e-09	-3.412029e-09	-3.538388e+01	-3.973182e+02
7.700000e-07	-7.906184e-09	-3.364043e-09	-3.494094e+01	-3.919943e+02
7.800000e-07	-7.804929e-09	-3.318675e-09	-3.449345e+01	-3.866226e+02
7.900000e-07	-7.702773e-09	-3.271809e-09	-3.404198e+01	-3.812036e+02
8.000000e-07	-7.599808e-09	-3.220523e-09	-3.358693e+01	-3.757381e+02
8.100000e-07	-7.495943e-09	-3.169627e-09	-3.312790e+01	-3.702267e+02
8.200000e-07	-7.391092e-09	-3.122770e-09	-3.266452e+01	-3.646701e+02
8.300000e-07	-7.285316e-09	-3.079002e-09	-3.219704e+01	-3.590690e+02
8.400000e-07	-7.178693e-09	-3.032917e-09	-3.172583e+01	-3.534240e+02
8.500000e-07	-7.071231e-09	-2.981807e-09	-3.125091e+01	-3.477358e+02
8.600000e-07	-6.962869e-09	-2.929253e-09	-3.077200e+01	-3.420052e+02
8.700000e-07	-6.853604e-09	-2.878826e-09	-3.028911e+01	-3.362328e+02
8.800000e-07	-6.743554e-09	-2.830402e-09	-2.980275e+01	-3.304193e+02
8.900000e-07	-6.632822e-09	-2.778866e-09	-2.931337e+01	-3.245655e+02
9.000000e-07	-6.521371e-09	-2.722685e-09	-2.882082e+01	-3.186720e+02
9.100000e-07	-6.409084e-09	-2.666113e-09	-2.832457e+01	-3.127396e+02
9.200000e-07	-6.295927e-09	-2.612719e-09	-2.782448e+01	-3.067689e+02
9.300000e-07	-6.181937e-09	-2.561970e-09	-2.732071e+01	-3.007608e+02
9.400000e-07	-6.067175e-09	-2.507819e-09	-2.681353e+01	-2.947160e+02
9.500000e-07	-5.951669e-09	-2.451701e-09	-2.630306e+01	-2.886351e+02
9.600000e-07	-5.835365e-09	-2.398715e-09	-2.578906e+01	-2.825189e+02
9.700000e-07	-5.718246e-09	-2.348907e-09	-2.527146e+01	-2.763683e+02
9.800000e-07	-5.600385e-09	-2.298254e-09	-2.475058e+01	-2.701838e+02
9.900000e-07	-5.481876e-09	-2.241449e-09	-2.422683e+01	-2.639664e+02
1.000000e-06	-5.362717e-09	-2.178116e-09	-2.370021e+01	-2.577166e+02
1.010000e-06	-5.242856e-09	-2.115129e-09	-2.317049e+01	-2.514354e+02
1.020000e-06	-5.122309e-09	-2.056914e-09	-2.263774e+01	-2.451234e+02
1.030000e-06	-5.001127e-09	-2.003388e-09	-2.210218e+01	-2.387814e+02
1.040000e-06	-4.879331e-09	-1.951413e-09	-2.156391e+01	-2.324103e+02
1.050000e-06	-4.756931e-09	-1.898012e-09	-2.102297e+01	-2.260107e+02
1.060000e-06	-4.633931e-09	-1.840818e-09	-2.047938e+01	-2.195835e+02
1.070000e-06	-4.510362e-09	-1.783608e-09	-1.993327e+01	-2.131294e+02
1.080000e-06	-4.386254e-09	-1.726145e-09	-1.938478e+01	-2.066493e+02
1.090000e-06	-4.261592e-09	-1.667496e-09	-1.883385e+01	-2.001438e+02
1.100000e-06	-4.136371e-09	-1.608857e-09	-1.828044e+01	-1.936139e+02
1.110000e-06	-4.010616e-09	-1.551161e-09	-1.772467e+01	-1.870603e+02
1.120000e-06	-3.884389e-09	-1.495776e-09	-1.716681e+01	-1.804838e+02
1.130000e-06	-3.757756e-09	-1.439776e-09	-1.660716e+01	-1.738852e+02
1.140000e-06	-3.630724e-09	-1.382686e-09	-1.604575e+01	-1.672653e+02
1.150000e-06	-3.503248e-09	-1.325430e-09	-1.548238e+01	-1.606249e+02
1.160000e-06	-3.375326e-09	-1.268841e-09	-1.491703e+01	-1.539648e+02
1.170000e-06	-3.246982e-09	-1.213076e-09	-1.434982e+01	-1.472859e+02
1.180000e-06	-3.118225e-09	-1.155410e-09	-1.378079e+01	-1.405889e+02
1.190000e-06	-2.989108e-09	-1.095817e-09	-1.321016e+01	-1.338747e+02
1.200000e-06	-2.859678e-09	-1.036027e-09	-1.263815e+01	-1.271441e+02
1.210000e-06	-2.729947e-09	-9.768198e-10	-1.206481e+01	-1.203979e+02
1.220000e-06	-2.599912e-09	-9.189900e-10	-1.149013e+01	-1.136369e+02
1.230000e-06	-2.469578e-09	-8.605877e-10	-1.091413e+01	-1.068619e+02
1.240000e-06	-2.338971e-09	-8.020170e-10	-1.033691e+01	-1.000738e+02
1.250000e-06	-2.208104e-09	-7.463081e-10	-9.758553e+00	-9.327346e+01
1.260000e-06	-2.076979e-09	-6.911641e-10	-9.179051e+00	-8.646162e+01
1.270000e-06	-1.945618e-09	-6.345931e-10	-8.598510e+00	-7.963913e+01
1.280000e-06	-1.814047e-09	-5.764906e-10	-8.017040e+00	-7.280684e+01
1.290000e-06	-1.682281e-09	-5.177769e-10	-7.434705e+00	-6.596557e+01
1.300000e-06	-1.550328e-09	-4.595019e-10	-6.851547e+00	-5.911616e+01
1.310000e-06	-1.418196e-09	-4.011086e-10	-6.267597e+00	-5.225944e+01
1.320000e-06	-1.285889e-09	-3.419239e-10	-5.682874e+00	-4.539624e+01
1.330000e-06	-1.153418e-09	-2.825428e-10	-5.097422e+00	-3.852741e+01
1.340000e-06	-1.020800e-09	-2.255048e-10	-4.511323e+00	-3.165378e+01
1.350000e-06	-8.880514e-10	-1.687052e-10	-3.924649e+00	-2.477619e+01
1.360000e-06	-7.551821e-10	-1.111848e-10	-3.337440e+00	-1.789547e+01
1.370000e-06	-6.222002e-10	-5.236399e-11	-2.749733e+00	-1.101247e+01
1.380000e-06	-4.891346e-10	9.271487e-12	-2.161656e+00	-4.128013e+00
1.390000e-06	-3.560063e-10	7.031289e-11	-1.573302e+00	2.757048e+00
1.400000e-06	-2.228175e-10	1.299134e-10	-9.846805e-01	9.641880e+00
1.410000e-06	-8.958229e-11	1.894978e-10	-3.958542e-01	1.652564e+01
1.420000e-06	4.367278e-11	2.492988e-10	1.930602e-01	2.340750e+01
1.430000e-06	1.769331e-10	3.084488e-10	7.819977e-01	3.028661e+01
1.440000e-06	3.101725e-10	3.652453e-10	1.370843e+00	3.716213e+01
1.450000e-06	4.433660e-10	4.217528e-10	1.959485e+00	4.403324e+01
1.460000e-06	5.765172e-10	4.799094e-10	2.547940e+00	5.089908e+01
1.470000e-06	7.096145e-10	5.391020e-10	3.136157e+00	5.775883e+01
1.480000e-06	8.426135e-10	5.971627e-10	3.723940e+00	6.461165e+01
1.490000e-06	9.754863e-10	6.531482e-10	4.311164e+00	7.145671e+01
1.500000e-06	1.108236e-09	7.098400e-10	4.897847e+00	7.829316e+01
1.510000e-06	1.240852e-09	7.692784e-10	5.483936e+00	8.512018e+01
1.520000e-06	1.373290e-09	8.297278e-10	6.069236e+00	9.193694e+01
1.530000e-06	1.505547e-09	8.886026e-10	6.653739e+00	9.874260e+01
1.540000e-06	1.637623e-09	9.458322e-10	7.237444e+00	1.055363e+02
1.550000e-06	1.769490e-09	1.003255e-09	7.820220e+00	1.123173e+02
1.560000e-06	1.901131e-09	1.061649e-09	8.402000e+00	1.190847e+02
1.570000e-06	2.032524e-09	1.120985e-09	8.982687e+00	1.258377e+02
1.580000e-06	2.163656e-09	1.179493e-09	9.562215e+00	1.325755e+02
1.590000e-06	2.294517e-09	1.236174e-09	1.014055e+01	1.392972e+02
1.600000e-06	2.425080e-09	1.293933e-09	1.071757e+01	1.460021e+02
1.610000e-06	2.555326e-09	1.352566e-09	1.129318e+01	1.526893e+02
1.620000e-06	2.685260e-09	1.409241e-09	1.186742e+01	1.593580e+02
1.630000e-06	2.814862e-09	1.464339e-09	1.244019e+01	1.660074e+02
1.640000e-06	2.944138e-09	1.519898e-09	1.301152e+01	1.726366e+02
1.650000e-06	3.073079e-09	1.577377e-09	1.358136e+01	1.792450e+02
1.660000e-06	3.201625e-09	1.636061e-09	1.414946e+01	1.858316e+02
1.670000e-06	3.329747e-09	1.693855e-09	1.471569e+01	1.923956e+02
1.680000e-06	3.457428e-09	1.749165e-09	1.527997e+01	1.989364e+02
1.690000e-06	3.584672e-09	1.803775e-09	1.584232e+01	2.054530e+02
1.700000e-06	3.711525e-09	1.859802e-09	1.640294e+01	2.119446e+02
1.710000e-06	3.837996e-09	1.916386e-09	1.696188e+01	2.184106e+02
1.720000e-06	3.964066e-09	1.972230e-09	1.751904e+01	2.248501e+02
1.730000e-06	4.089718e-09	2.026360e-09	1.807435e+01	2.312622e+02
1.740000e-06	4.214882e-09	2.080931e-09	1.862751e+01	2.376463e+02
1.750000e-06	4.339509e-09	2.136918e-09	1.917829e+01	2.440016e+02
1.760000e-06	4.463614e-09	2.192404e-09	1.972676e+01	2.503272e+02
1.770000e-06	4.587211e-09	2.245613e-09	2.027300e+01	2.566224e+02
1.780000e-06	4.710273e-09	2.296716e-09	2.081686e+01	2.628865e+02
1.790000e-06	4.832758e-09	2.348603e-09	2.135818e+01	2.691187e+02
1.800000e-06	4.954673e-09	2.402394e-09	2.189697e+01	2.753181e+02
1.810000e-06	5.076023e-09	2.456546e-09	2.243327e+01	2.814842e+02
1.820000e-06	5.196765e-09	2.508221e-09	2.296689e+01	2.876160e+02
1.830000e-06	5.316815e-09	2.557819e-09	2.349744e+01	2.937129e+02
1.840000e-06	5.436173e-09	2.608849e-09	2.402494e+01	2.997741e+02
1.850000e-06	5.554878e-09	2.662787e-09	2.454955e+01	3.057990e+02
1.860000e-06	5.672910e-09	2.716839e-09	2.507118e+01	3.117866e+02
1.870000e-06	5.790191e-09	2.766410e-09	2.558950e+01	3.177364e+02
1.880000e-06	5.906663e-09	2.812859e-09	2.610424e+01	3.236476e+02
1.890000e-06	6.022359e-09	2.860303e-09	2.661555e+01	3.295194e+02
1.900000e-06	6.137294e-09	2.909663e-09	2.712350e+01	3.353512e+02
1.910000e-06	6.251428e-09	2.958686e-09	2.762791e+01	3.411423e+02
1.920000e-06	6.364730e-09	3.005270e-09	2.812864e+01	3.468919e+02
1.930000e-06	6.477181e-09	3.050946e-09	2.862561e+01	3.525994e+02
1.940000e-06	6.588782e-09	3.097544e-09	2.911882e+01	3.582639e+02
1.950000e-06	6.699601e-09	3.144427e-09	2.960858e+01	3.638850e+02
1.960000e-06	6.809709e-09	3.190715e-09	3.009520e+01	3.694618e+02
1.970000e-06	6.919048e-09	3.234800e-09	3.057842e+01	3.749937e+02
1.980000e-06	7.027519e-09	3.277806e-09	3.105780e+01	3.804801e+02
1.990000e-06	7.135122e-09	3.322817e-09	3.153335e+01	3.859201e+02
2.000000e-06	7.241870e-09	3.368529e-09	3.200511e+01	3.913133e+02
2.010000e-06	7.347723e-09	3.412483e-09	3.247292e+01	3.966589e+02
2.020000e-06	7.452638e-09	3.454470e-09	3.293659e+01	4.019563e+02
2.030000e-06	7.556573e-09	3.496769e-09	3.339593e+01	4.072048e+02
2.040000e-06	7.659586e-09	3.540426e-09	3.385118e+01	4.124038e+02
2.050000e-06	7.761766e-09	3.584700e-09	3.430277e+01	4.175527e+02
2.060000e-06	7.863051e-09	3.625649e-09	3.475039e+01	4.226508e+02
2.070000e-06	7.963337e-09	3.662693e-09	3.519360e+01	4.276975e+02
2.080000e-06	8.062615e-09	3.701342e-09	3.563235e+01	4.326922e+02
2.090000e-06	8.160908e-09	3.742904e-09	3.606675e+01	4.376343e+02
2.100000e-06	8.258177e-09	3.785866e-09	3.649663e+01	4.425232e+02
2.110000e-06	8.354375e-09	3.826651e-09	3.692177e+01	4.473583e+02
2.120000e-06	8.449557e-09	3.865843e-09	3.734242e+01	4.521390e+02
2.130000e-06	8.543826e-09	3.903611e-09	3.775903e+01	4.568647e+02
2.140000e-06	8.637179e-09	3.941261e-09	3.817160e+01	4.615348e+02
2.150000e-06	8.729516e-09	3.978568e-09	3.857968e+01	4.661488e+02
2.160000e-06	8.820783e-09	4.012885e-09	3.898303e+01	4.707062e+02
2.170000e-06	8.910979e-09	4.047373e-09	3.938165e+01	4.752062e+02
2.180000e-06	9.000068e-09	4.083794e-09	3.977537e+01	4.796485e+02
2.190000e-06	9.088020e-09	4.121603e-09	4.016407e+01	4.840325e+02
2.200000e-06	9.174906e-09	4.158592e-09	4.054806e+01	4.883576e+02
2.210000e-06	9.260798e-09	4.192801e-09	4.092766e+01	4.926233e+02
2.220000e-06	9.345670e-09	4.226045e-09	4.130274e+01	4.968291e+02
2.230000e-06	9.429497e-09	4.259133e-09	4.167321e+01	5.009745e+02
2.240000e-06	9.512253e-09	4.292285e-09	4.203895e+01	5.050589e+02
2.250000e-06	9.593845e-09	4.324276e-09	4.239954e+01	5.090819e+02
2.260000e-06	9.674219e-09	4.354665e-09	4.275475e+01	5.130430e+02
2.270000e-06	9.753385e-09	4.386283e-09	4.310462e+01	5.169417e+02
2.280000e-06	9.831356e-09	4.419241e-09	4.344921e+01	5.207775e+02
2.290000e-06	9.908080e-09	4.452388e-09	4.378828e+01	5.245500e+02
2.300000e-06	9.983477e-09	4.482745e-09	4.412150e+01	5.282586e+02
2.310000e-06	1.005752e-08	4.510959e-09	4.444873e+01	5.319030e+02
2.320000e-06	1.013020e-08	4.540020e-09	4.476993e+01	5.354828e+02
2.330000e-06	1.020160e-08	4.571457e-09	4.508549e+01	5.389973e+02
2.340000e-06	1.027183e-08	4.604065e-09	4.539586e+01	5.424464e+02
2.350000e-06	1.034090e-08	4.633312e-09	4.570110e+01	5.458294e+02
2.360000e-06	1.040874e-08	4.659249e-09	4.600093e+01	5.491460e+02
2.370000e-06	1.047528e-08	4.683563e-09	4.629501e+01	5.523959e+02
2.380000e-06	1.054047e-08	4.707266e-09	4.658308e+01	5.555785e+02
2.390000e-06	1.060437e-08	4.731395e-09	4.686549e+01	5.586936e+02
2.400000e-06	1.066711e-08	4.755836e-09	4.714279e+01	5.617406e+02
2.410000e-06	1.072874e-08	4.781467e-09	4.741514e+01	5.647194e+02
2.420000e-06	1.078921e-08	4.807814e-09	4.768237e+01	5.676295e+02
2.430000e-06	1.084839e-08	4.833507e-09	4.794394e+01	5.704705e+02
2.440000e-06	1.090616e-08	4.858572e-09	4.819923e+01	5.732421e+02
2.450000e-06	1.096250e-08	4.882037e-09	4.844821e+01	5.759440e+02
2.460000e-06	1.101754e-08	4.903243e-09	4.869150e+01	5.785758e+02
2.470000e-06	1.107130e-08	4.922952e-09	4.892906e+01	5.811372e+02
2.480000e-06	1.112357e-08	4.941704e-09	4.916007e+01	5.836279e+02
2.490000e-06	1.117422e-08	4.960829e-09	4.938392e+01	5.860477e+02
2.500000e-06	1.122331e-08	4.980730e-09	4.960088e+01	5.883961e+02
2.510000e-06	1.127103e-08	5.001081e-09	4.981177e+01	5.906729e+02
2.520000e-06	1.131748e-08	5.022224e-09	5.001702e+01	5.928779e+02
2.530000e-06	1.136270e-08	5.043176e-09	5.021688e+01	5.950108e+02
2.540000e-06	1.140663e-08	5.061512e-09	5.041104e+01	5.970713e+02
2.550000e-06	1.144907e-08	5.076749e-09	5.059861e+01	5.990591e+02
2.560000e-06	1.149001e-08	5.089968e-09	5.077952e+01	6.009741e+02
2.570000e-06	1.152962e-08	5.102031e-09	5.095457e+01	6.028159e+02
2.580000e-06	1.156795e-08	5.114376e-09	5.112398e+01	6.045844e+02
2.590000e-06	1.160501e-08	5.127901e-09	5.128776e+01	6.062793e+02
2.600000e-06	1.164073e-08	5.143431e-09	5.144562e+01	6.079005e+02
2.610000e-06	1.167490e-08	5.160652e-09	5.159663e+01	6.094478e+02
2.620000e-06	1.170758e-08	5.175219e-09	5.174107e+01	6.109208e+02
2.630000e-06	1.173894e-08	5.185836e-09	5.187966e+01	6.123196e+02
2.640000e-06	1.176897e-08	5.195042e-09	5.201236e+01	6.136438e+02
2.650000e-06	1.179770e-08	5.205149e-09	5.213936e+01	6.148934e+02
2.660000e-06	1.182497e-08	5.214549e-09	5.225987e+01	6.160682e+02
2.670000e-06	1.185058e-08	5.223928e-09	5.237305e+01	6.171681e+02
2.680000e-06	1.187469e-08	5.233040e-09	5.247960e+01	6.181928e+02
2.690000e-06	1.189744e-08	5.241867e-09	5.258014e+01	6.191423e+02
2.700000e-06	1.191890e-08	5.251666e-09	5.267496e+01	6.200165e+02
2.710000e-06	1.193913e-08	5.260080e-09	5.276440e+01	6.208153e+02
2.720000e-06	1.195801e-08	5.268652e-09	5.284782e+01	6.215385e+02
2.730000e-06	1.197537e-08	5.275455e-09	5.292453e+01	6.221861e+02
2.740000e-06	1.199119e-08	5.278894e-09	5.299446e+01	6.227581e+02
2.750000e-06	1.200549e-08	5.279883e-09	5.305766e+01	6.232542e+02
2.760000e-06	1.201830e-08	5.280602e-09	5.311429e+01	6.236745e+02
2.770000e-06	1.202943e-08	5.283917e-09	5.316348e+01	6.240189e+02
2.780000e-06	1.203885e-08	5.289647e-09	5.320508e+01	6.242874e+02
2.790000e-06	1.204683e-08	5.295158e-09	5.324036e+01	6.244800e+02
2.800000e-06	1.205346e-08	5.299004e-09	5.326964e+01	6.245966e+02
2.810000e-06	1.205874e-08	5.300957e-09	5.329300e+01	6.246372e+02
2.820000e-06	1.206273e-08	5.301800e-09	5.331064e+01	6.246017e+02
2.830000e-06	1.206517e-08	5.301597e-09	5.332140e+01	6.244903e+02
2.840000e-06	1.206603e-08	5.300677e-09	5.332520e+01	6.243029e+02
2.850000e-06	1.206555e-08	5.297881e-09	5.332307e+01	6.240396e+02
2.860000e-06	1.206376e-08	5.291587e-09	5.331516e+01	6.237003e+02
2.870000e-06	1.206076e-08	5.286053e-09	5.330191e+01	6.232851e+02
2.880000e-06	1.205648e-08	5.282131e-09	5.328302e+01	6.227941e+02
2.890000e-06	1.205062e-08	5.276943e-09	5.325712e+01	6.222274e+02
2.900000e-06	1.204331e-08	5.271371e-09	5.322480e+01	6.215849e+02
2.910000e-06	1.203482e-08	5.275442e-09	5.318727e+01	6.208668e+02
2.920000e-06	1.202507e-08	5.278705e-09	5.314418e+01	6.200732e+02
2.930000e-06	1.201386e-08	5.229388e-09	5.309463e+01	6.192041e+02
2.940000e-06	1.200067e-08	5.172547e-09	5.303637e+01	6.182596e+02
2.950000e-06	1.198521e-08	5.153480e-09	5.296802e+01	6.172400e+02
2.960000e-06	1.196785e-08	5.153203e-09	5.289129e+01	6.161453e+02
2.970000e-06	1.194926e-08	5.246242e-09	5.280915e+01	6.149756e+02
2.980000e-06	1.193000e-08	5.262549e-09	5.272402e+01	6.137310e+02
2.990000e-06	1.190984e-08	5.188427e-09	5.263490e+01	6.124118e+02
3.000000e-06	1.188799e-08	5.243704e-09	5.253837e+01	6.110181e+02
3.010000e-06	1.186466e-08	5.182423e-09	5.243525e+01	6.095501e+02
3.020000e-06	1.184015e-08	5.103164e-09	5.232692e+01	6.080079e+02
3.030000e-06	1.181405e-08	5.177026e-09	5.221157e+01	6.063917e+02
3.040000e-06	1.178659e-08	5.117679e-09	5.209024e+01	6.047017e+02
3.050000e-06	1.175779e-08	5.108172e-09	5.196294e+01	6.029382e+02
3.060000e-06	1.172726e-08	5.164723e-09	5.182801e+01	6.011013e+02
3.070000e-06	1.169541e-08	5.103161e-09	5.168727e+01	5.991913e+02
3.080000e-06	1.166228e-08	5.119573e-09	5.154083e+01	5.972083e+02
3.090000e-06	1.162772e-08	5.092708e-09	5.138808e+01	5.951528e+02
3.100000e-06	1.159184e-08	5.039765e-09	5.122954e+01	5.930248e+02
3.110000e-06	1.155438e-08	5.067395e-09	5.106398e+01	5.908246e+02
3.120000e-06	1.151537e-08	5.043187e-09	5.089159e+01	5.885526e+02
3.130000e-06	1.147499e-08	5.067137e-09	5.071312e+01	5.862090e+02
3.140000e-06	1.143326e-08	5.053797e-09	5.052867e+01	5.837941e+02
3.150000e-06	1.139037e-08	5.003509e-09	5.033914e+01	5.813081e+02
3.160000e-06	1.134622e-08	4.981094e-09	5.014400e+01	5.787514e+02
3.170000e-06	1.130068e-08	4.935336e-09	4.994276e+01	5.761243e+02
3.180000e-06	1.125362e-08	4.951786e-09	4.973477e+01	5.734271e+02
3.190000e-06	1.120504e-08	4.928626e-09	4.952006e+01	5.706602e+02
3.200000e-06	1.115512e-08	4.903873e-09	4.929946e+01	5.678238e+02
3.210000e-06	1.110368e-08	4.910386e-09	4.907214e+01	5.649184e+02
3.220000e-06	1.105076e-08	4.855789e-09	4.883824e+01	5.619442e+02
3.230000e-06	1.099628e-08	4.819166e-09	4.859748e+01	5.589017e+02
3.240000e-06	1.094031e-08	4.765066e-09	4.835014e+01	5.557911e+02
3.250000e-06	1.088312e-08	4.739423e-09	4.809738e+01	5.526130e+02
3.260000e-06	1.082464e-08	4.750664e-09	4.783894e+01	5.493676e+02
3.270000e-06	1.076495e-08	4.733243e-09	4.757511e+01	5.460554e+02
3.280000e-06	1.070386e-08	4.713139e-09	4.730515e+01	5.426768e+02
3.290000e-06	1.064134e-08	4.659047e-09	4.702882e+01	5.392322e+02
3.300000e-06	1.057753e-08	4.611242e-09	4.674681e+01	5.357219e+02
3.310000e-06	1.051244e-08	4.573826e-09	4.645918e+01	5.321465e+02
3.320000e-06	1.044620e-08	4.544216e-09	4.616640e+01	5.285064e+02
3.330000e-06	1.037864e-08	4.529658e-09	4.586786e+01	5.248020e+02
3.340000e-06	1.030976e-08	4.498496e-09	4.556344e+01	5.210337e+02
3.350000e-06	1.023954e-08	4.475465e-09	4.525310e+01	5.172021e+02
3.360000e-06	1.016801e-08	4.438338e-09	4.493696e+01	5.133075e+02
3.370000e-06	1.009532e-08	4.391601e-09	4.461572e+01	5.093505e+02
3.380000e-06	1.002144e-08	4.351175e-09	4.428923e+01	5.053316e+02
3.390000e-06	9.946300e-09	4.308035e-09	4.395714e+01	5.012512e+02
3.400000e-06	9.869753e-09	4.281856e-09	4.361884e+01	4.971098e+02
3.410000e-06	9.791873e-09	4.250565e-09	4.327466e+01	4.929079e+02
3.420000e-06	9.712749e-09	4.222638e-09	4.292497e+01	4.886461e+02
3.430000e-06	9.632425e-09	4.182747e-09	4.256998e+01	4.843249e+02
3.440000e-06	9.551022e-09	4.135460e-09	4.221022e+01	4.799448e+02
3.450000e-06	9.468535e-09	4.093223e-09	4.184568e+01	4.755063e+02
3.460000e-06	9.384951e-09	4.054955e-09	4.147628e+01	4.710099e+02
3.470000e-06	9.300223e-09	4.026937e-09	4.110183e+01	4.664563e+02
3.480000e-06	9.214300e-09	3.988691e-09	4.072210e+01	4.618459e+02
3.490000e-06	9.127150e-09	3.949459e-09	4.033694e+01	4.571794e+02
3.500000e-06	9.038832e-09	3.906286e-09	3.994662e+01	4.524572e+02
3.510000e-06	8.949528e-09	3.860087e-09	3.955195e+01	4.476801e+02
3.520000e-06	8.859252e-09	3.813108e-09	3.915298e+01	4.428485e+02
3.530000e-06	8.767930e-09	3.765570e-09	3.874938e+01	4.379630e+02
3.540000e-06	8.675520e-09	3.727936e-09	3.834098e+01	4.330243e+02
3.550000e-06	8.582027e-09	3.695307e-09	3.792780e+01	4.280330e+02
3.560000e-06	8.487476e-09	3.660129e-09	3.750993e+01	4.229895e+02
3.570000e-06	8.391826e-09	3.615547e-09	3.708721e+01	4.178947e+02
3.580000e-06	8.295164e-09	3.563455e-09	3.666002e+01	4.127490e+02
3.590000e-06	8.197609e-09	3.514055e-09	3.622888e+01	4.075531e+02
3.600000e-06	8.099143e-09	3.468365e-09	3.579371e+01	4.023077e+02
3.610000e-06	7.999700e-09	3.426997e-09	3.535423e+01	3.970134e+02
3.620000e-06	7.899262e-09	3.385848e-09	3.491035e+01	3.916708e+02
3.630000e-06	7.797850e-09	3.342653e-09	3.446216e+01	3.862806e+02
3.640000e-06	7.695466e-09	3.297289e-09	3.400968e+01	3.808434e+02
3.650000e-06	7.592072e-09	3.247529e-09	3.355274e+01	3.753599e+02
3.660000e-06	7.487724e-09	3.198328e-09	3.309157e+01	3.698308e+02
3.670000e-06	7.382538e-09	3.148916e-09	3.262671e+01	3.642567e+02
3.680000e-06	7.276592e-09	3.102507e-09	3.215849e+01	3.586384e+02
3.690000e-06	7.169850e-09	3.058279e-09	3.168675e+01	3.529764e+02
3.700000e-06	7.062289e-09	3.012167e-09	3.121138e+01	3.472715e+02
3.710000e-06	6.953910e-09	2.963401e-09	3.073241e+01	3.415245e+02
3.720000e-06	6.844719e-09	2.909776e-09	3.024984e+01	3.357359e+02
3.730000e-06	6.734726e-09	2.856179e-09	2.976374e+01	3.299065e+02
3.740000e-06	6.623892e-09	2.806377e-09	2.927391e+01	3.240370e+02
3.750000e-06	6.512224e-09	2.759974e-09	2.878040e+01	3.181281e+02
3.760000e-06	6.399710e-09	2.713155e-09	2.828315e+01	3.121806e+02
3.770000e-06	6.286395e-09	2.663282e-09	2.778236e+01	3.061952e+02
3.780000e-06	6.172244e-09	2.610546e-09	2.727788e+01	3.001725e+02
3.790000e-06	6.057215e-09	2.556298e-09	2.676951e+01	2.941133e+02
3.800000e-06	5.941371e-09	2.502228e-09	2.625755e+01	2.880185e+02
3.810000e-06	5.824745e-09	2.448563e-09	2.574213e+01	2.818886e+02
3.820000e-06	5.707348e-09	2.396189e-09	2.522330e+01	2.757245e+02
3.830000e-06	5.589209e-09	2.347504e-09	2.470119e+01	2.695269e+02
3.840000e-06	5.470345e-09	2.298375e-09	2.417587e+01	2.632965e+02
3.850000e-06	5.350750e-09	2.245258e-09	2.364733e+01	2.570342e+02
3.860000e-06	5.230451e-09	2.187241e-09	2.311567e+01	2.507406e+02
3.870000e-06	5.109530e-09	2.127077e-09	2.258127e+01	2.444166e+02
3.880000e-06	4.988064e-09	2.069943e-09	2.204445e+01	2.380629e+02
3.890000e-06	4.866053e-09	2.017089e-09	2.150523e+01	2.316803e+02
3.900000e-06	4.743438e-09	1.965287e-09	2.096334e+01	2.252696e+02
3.910000e-06	4.620196e-09	1.910924e-09	2.041868e+01	2.188315e+02
3.920000e-06	4.496375e-09	1.855443e-09	1.987146e+01	2.123669e+02
3.930000e-06	4.372017e-09	1.799318e-09	1.932186e+01	2.058765e+02
3.940000e-06	4.247117e-09	1.741958e-09	1.876987e+01	1.993611e+02
3.950000e-06	4.121698e-09	1.683812e-09	1.821559e+01	1.928215e+02
3.960000e-06	3.995809e-09	1.626739e-09	1.765923e+01	1.862585e+02
3.970000e-06	3.869453e-09	1.571305e-09	1.710081e+01	1.796729e+02
3.980000e-06	3.742629e-09	1.516025e-09	1.654031e+01	1.730655e+02
3.990000e-06	3.615359e-09	1.459366e-09	1.597785e+01	1.664372e+02
4.000000e-06	3.487656e-09	1.399462e-09	1.541347e+01	1.597886e+02
4.010000e-06	3.359516e-09	1.340732e-09	1.484716e+01	1.531207e+02
4.020000e-06	3.230965e-09	1.284656e-09	1.427904e+01	1.464342e+02
4.030000e-06	3.102037e-09	1.229956e-09	1.370925e+01	1.397300e+02
4.040000e-06	2.972780e-09	1.173445e-09	1.313800e+01	1.330088e+02
4.050000e-06	2.843229e-09	1.114702e-09	1.256546e+01	1.262716e+02
4.060000e-06	2.713391e-09	1.054814e-09	1.199164e+01	1.195190e+02
4.070000e-06	2.583267e-09	9.935149e-10	1.141656e+01	1.127520e+02
4.080000e-06	2.452842e-09	9.327471e-10	1.084016e+01	1.059713e+02
4.090000e-06	2.322112e-09	8.748756e-10	1.026240e+01	9.917784e+01
4.100000e-06	2.191094e-09	8.214021e-10	9.683375e+00	9.237238e+01
4.110000e-06	2.059798e-09	7.703676e-10	9.103118e+00	8.555576e+01
4.120000e-06	1.928266e-09	7.161244e-10	8.521818e+00	7.872880e+01
4.130000e-06	1.796530e-09	6.569039e-10	7.939621e+00	7.189236e+01
4.140000e-06	1.664597e-09	5.952124e-10	7.356547e+00	6.504724e+01
4.150000e-06	1.532480e-09	5.327876e-10	6.772664e+00	5.819430e+01
4.160000e-06	1.400194e-09	4.714454e-10	6.188034e+00	5.133436e+01
4.170000e-06	1.267755e-09	4.110313e-10	5.602729e+00	4.446826e+01
4.180000e-06	1.135171e-09	3.533560e-10	5.016781e+00	3.759684e+01
4.190000e-06	1.002449e-09	2.986989e-10	4.430220e+00	3.072094e+01
4.200000e-06	8.696199e-10	2.455286e-10	3.843190e+00	2.384138e+01
4.210000e-06	7.366940e-10	1.893781e-10	3.255731e+00	1.695901e+01
4.220000e-06	6.036678e-10	1.288543e-10	2.667828e+00	1.007468e+01
4.230000e-06	4.705647e-10	6.627500e-11	2.079586e+00	3.189206e+00
4.240000e-06	3.374028e-10	4.957728e-12	1.491083e+00	-3.696560e+00
4.250000e-06	2.041981e-10	-5.393101e-11	9.023919e-01	-1.058178e+01
4.260000e-06	7.096692e-11	-1.116080e-10	3.135836e-01	-1.746562e+01
4.270000e-06	-6.227642e-11	-1.686345e-10	-2.752786e-01	-2.434723e+01
4.280000e-06	-1.955070e-10	-2.252978e-10	-8.640843e-01	-3.122579e+01
4.290000e-06	-3.287046e-10	-2.815674e-10	-1.452744e+00	-3.810045e+01
4.300000e-06	-4.618533e-10	-3.385822e-10	-2.041188e+00	-4.497037e+01
4.310000e-06	-5.949366e-10	-3.973754e-10	-2.629343e+00	-5.183472e+01
4.320000e-06	-7.279422e-10	-4.575302e-10	-3.217154e+00	-5.869266e+01
4.330000e-06	-8.608520e-10	-5.187530e-10	-3.804542e+00	-6.554336e+01
4.340000e-06	-9.936461e-10	-5.775815e-10	-4.391419e+00	-7.238598e+01
4.350000e-06	-1.126320e-09	-6.340580e-10	-4.977764e+00	-7.921968e+01
4.360000e-06	-1.258857e-09	-6.911119e-10	-5.563504e+00	-8.604365e+01
4.370000e-06	-1.391230e-09	-7.488359e-10	-6.148522e+00	-9.285703e+01
4.380000e-06	-1.523441e-09	-8.048327e-10	-6.732819e+00	-9.965901e+01
4.390000e-06	-1.655473e-09	-8.609845e-10	-7.316325e+00	-1.064488e+02
4.400000e-06	-1.787304e-09	-9.189834e-10	-7.898946e+00	-1.132254e+02
4.410000e-06	-1.918908e-09	-9.783039e-10	-8.480560e+00	-1.199882e+02
4.420000e-06	-2.050246e-09	-1.038464e-09	-9.061004e+00	-1.267363e+02
4.430000e-06	-2.181297e-09	-1.098942e-09	-9.640174e+00	-1.334689e+02
4.440000e-06	-2.312039e-09	-1.159269e-09	-1.021798e+01	-1.401851e+02
4.450000e-06	-2.442470e-09	-1.218237e-09	-1.079442e+01	-1.468841e+02
4.460000e-06	-2.572600e-09	-1.275738e-09	-1.136952e+01	-1.535651e+02
4.470000e-06	-2.702420e-09	-1.332602e-09	-1.194325e+01	-1.602274e+02
4.480000e-06	-2.831926e-09	-1.389128e-09	-1.251560e+01	-1.668700e+02
4.490000e-06	-2.961131e-09	-1.446424e-09	-1.308662e+01	-1.734922e+02
4.500000e-06	-3.090024e-09	-1.505814e-09	-1.365626e+01	-1.800931e+02
4.510000e-06	-3.218570e-09	-1.566516e-09	-1.422436e+01	-1.866721e+02
4.520000e-06	-3.346732e-09	-1.626759e-09	-1.479076e+01	-1.932282e+02
4.530000e-06	-3.474461e-09	-1.685377e-09	-1.535526e+01	-1.997607e+02
4.540000e-06	-3.601737e-09	-1.743648e-09	-1.591774e+01	-2.062687e+02
4.550000e-06	-3.728579e-09	-1.800090e-09	-1.647832e+01	-2.127515e+02
4.560000e-06	-3.855002e-09	-1.856764e-09	-1.703703e+01	-2.192083e+02
4.570000e-06	-3.980981e-09	-1.914704e-09	-1.759380e+01	-2.256383e+02
4.580000e-06	-4.106486e-09	-1.973166e-09	-1.814846e+01	-2.320407e+02
4.590000e-06	-4.231496e-09	-2.032594e-09	-1.870093e+01	-2.384148e+02
4.600000e-06	-4.355999e-09	-2.091776e-09	-1.925116e+01	-2.447597e+02
4.610000e-06	-4.479977e-09	-2.148501e-09	-1.979908e+01	-2.510747e+02
4.620000e-06	-4.603388e-09	-2.202523e-09	-2.034448e+01	-2.573591e+02
4.630000e-06	-4.726195e-09	-2.255401e-09	-2.088723e+01	-2.636120e+02
4.640000e-06	-4.848403e-09	-2.310124e-09	-2.142732e+01	-2.698326e+02
4.650000e-06	-4.970034e-09	-2.367926e-09	-2.196486e+01	-2.760204e+02
4.660000e-06	-5.091101e-09	-2.428414e-09	-2.249991e+01	-2.821743e+02
4.670000e-06	-5.211560e-09	-2.487024e-09	-2.303227e+01	-2.882939e+02
4.680000e-06	-5.331339e-09	-2.542839e-09	-2.356163e+01	-2.943782e+02
4.690000e-06	-5.450418e-09	-2.597744e-09	-2.408789e+01	-3.004265e+02
4.700000e-06	-5.568807e-09	-2.651467e-09	-2.461110e+01	-3.064382e+02
4.710000e-06	-5.686483e-09	-2.704120e-09	-2.513117e+01	-3.124124e+02
4.720000e-06	-5.803414e-09	-2.757447e-09	-2.564794e+01	-3.183485e+02
4.730000e-06	-5.919600e-09	-2.813068e-09	-2.616141e+01	-3.242457e+02
4.740000e-06	-6.034958e-09	-2.869895e-09	-2.667123e+01	-3.301033e+02
4.750000e-06	-6.149386e-09	-2.925869e-09	-2.717694e+01	-3.359206e+02
4.760000e-06	-6.262894e-09	-2.978134e-09	-2.767858e+01	-3.416969e+02
4.770000e-06	-6.375546e-09	-3.028627e-09	-2.817644e+01	-3.474315e+02
4.780000e-06	-6.487376e-09	-3.080821e-09	-2.867066e+01	-3.531236e+02
4.790000e-06	-6.598353e-09	-3.135055e-09	-2.916112e+01	-3.587727e+02
4.800000e-06	-6.708440e-09	-3.188792e-09	-2.964764e+01	-3.643779e+02
4.810000e-06	-6.817678e-09	-3.238352e-09	-3.013041e+01	-3.699387e+02
4.820000e-06	-6.926118e-09	-3.283921e-09	-3.060966e+01	-3.754543e+02
4.830000e-06	-7.033796e-09	-3.330929e-09	-3.108554e+01	-3.809240e+02
4.840000e-06	-7.140725e-09	-3.381739e-09	-3.155810e+01	-3.863473e+02
4.850000e-06	-7.246876e-09	-3.433775e-09	-3.202724e+01	-3.917234e+02
4.860000e-06	-7.352249e-09	-3.484039e-09	-3.249293e+01	-3.970517e+02
4.870000e-06	-7.456797e-09	-3.532308e-09	-3.295497e+01	-4.023315e+02
4.880000e-06	-7.560403e-09	-3.578983e-09	-3.341285e+01	-4.075622e+02
4.890000e-06	-7.663037e-09	-3.625685e-09	-3.386644e+01	-4.127432e+02
4.900000e-06	-7.764729e-09	-3.672558e-09	-3.431586e+01	-4.178738e+02
4.910000e-06	-7.865479e-09	-3.717900e-09	-3.476112e+01	-4.229534e+02
4.920000e-06	-7.965246e-09	-3.762131e-09	-3.520203e+01	-4.279813e+02
4.930000e-06	-8.064011e-09	-3.808607e-09	-3.563852e+01	-4.329571e+02
4.940000e-06	-8.161842e-09	-3.855546e-09	-3.607088e+01	-4.378800e+02
4.950000e-06	-8.258805e-09	-3.900185e-09	-3.649940e+01	-4.427495e+02
4.960000e-06	-8.354896e-09	-3.941683e-09	-3.692407e+01	-4.475649e+02
4.970000e-06	-8.450036e-09	-3.981102e-09	-3.734454e+01	-4.523257e+02
4.980000e-06	-8.544139e-09	-4.021352e-09	-3.776042e+01	-4.570313e+02
4.990000e-06	-8.637195e-09	-4.061688e-09	-3.817168e+01	-4.616812e+02
5.000000e-06	-8.729168e-09	-4.101535e-09	-3.857815e+01	-4.662747e+02
5.010000e-06	-8.820033e-09	-4.140291e-09	-3.897972e+01	-4.708113e+02
5.020000e-06	-8.909834e-09	-4.179365e-09	-3.937659e+01	-4.752905e+02
5.030000e-06	-8.998622e-09	-4.219256e-09	-3.976898e+01	-4.797117e+02
5.040000e-06	-9.086372e-09	-4.258895e-09	-4.015679e+01	-4.840743e+02
5.050000e-06	-9.173027e-09	-4.295438e-09	-4.053976e+01	-4.883779e+02
5.060000e-06	-9.258585e-09	-4.326837e-09	-4.091788e+01	-4.926219e+02
5.070000e-06	-9.342998e-09	-4.357216e-09	-4.129093e+01	-4.968058e+02
5.080000e-06	-9.426229e-09	-4.390100e-09	-4.165877e+01	-5.009291e+02
5.090000e-06	-9.508350e-09	-4.425063e-09	-4.202170e+01	-5.049912e+02
5.100000e-06	-9.589427e-09	-4.459971e-09	-4.238001e+01	-5.089917e+02
5.110000e-06	-9.669430e-09	-4.493119e-09	-4.273359e+01	-5.129302e+02
5.120000e-06	-9.748261e-09	-4.524440e-09	-4.308197e+01	-5.168060e+02
5.130000e-06	-9.825814e-09	-4.554461e-09	-4.342471e+01	-5.206188e+02
5.140000e-06	-9.901985e-09	-4.583402e-09	-4.376135e+01	-5.243681e+02
5.150000e-06	-9.976761e-09	-4.610401e-09	-4.409181e+01	-5.280535e+02
5.160000e-06	-1.005027e-08	-4.636191e-09	-4.441668e+01	-5.316743e+02
5.170000e-06	-1.012262e-08	-4.663750e-09	-4.473644e+01	-5.352304e+02
5.180000e-06	-1.019378e-08	-4.693175e-09	-4.505091e+01	-5.387211e+02
5.190000e-06	-1.026364e-08	-4.722130e-09	-4.535966e+01	-5.421461e+02
5.200000e-06	-1.033216e-08	-4.749098e-09	-4.566246e+01	-5.455050e+02
5.210000e-06	-1.039937e-08	-4.774283e-09	-4.595952e+01	-5.487973e+02
5.220000e-06	-1.046541e-08	-4.798518e-09	-4.625137e+01	-5.520227e+02
5.230000e-06	-1.053032e-08	-4.822100e-09	-4.653823e+01	-5.551807e+02
5.240000e-06	-1.059408e-08	-4.845515e-09	-4.682002e+01	-5.582710e+02
5.250000e-06	-1.065656e-08	-4.868526e-09	-4.709616e+01	-5.612932e+02
5.260000e-06	-1.071765e-08	-4.890975e-09	-4.736612e+01	-5.642470e+02
5.270000e-06	-1.077737e-08	-4.912930e-09	-4.763006e+01	-5.671319e+02
5.280000e-06	-1.083584e-08	-4.933926e-09	-4.788845e+01	-5.699476e+02
5.290000e-06	-1.089309e-08	-4.953712e-09	-4.814149e+01	-5.726938e+02
5.300000e-06	-1.094911e-08	-4.972629e-09	-4.838908e+01	-5.753701e+02
5.310000e-06	-1.100378e-08	-4.991553e-09	-4.863068e+01	-5.779763e+02
5.320000e-06	-1.105693e-08	-5.010923e-09	-4.886555e+01	-5.805119e+02
5.330000e-06	-1.110850e-08	-5.030325e-09	-4.909348e+01	-5.829767e+02
5.340000e-06	-1.115857e-08	-5.050183e-09	-4.931476e+01	-5.853705e+02
5.350000e-06	-1.120705e-08	-5.068925e-09	-4.952902e+01	-5.876928e+02
5.360000e-06	-1.125390e-08	-5.085383e-09	-4.973606e+01	-5.899434e+02
5.370000e-06	-1.129937e-08	-5.100335e-09	-4.993702e+01	-5.921221e+02
5.380000e-06	-1.134372e-08	-5.113384e-09	-5.013299e+01	-5.942285e+02
5.390000e-06	-1.138698e-08	-5.125494e-09	-5.032417e+01	-5.962625e+02
5.400000e-06	-1.142906e-08	-5.138285e-09	-5.051017e+01	-5.982237e+02
5.410000e-06	-1.146988e-08	-5.152856e-09	-5.069056e+01	-6.001119e+02
5.420000e-06	-1.150946e-08	-5.169142e-09	-5.086547e+01	-6.019270e+02
5.430000e-06	-1.154766e-08	-5.184670e-09	-5.103432e+01	-6.036686e+02
5.440000e-06	-1.158430e-08	-5.197377e-09	-5.119624e+01	-6.053366e+02
5.450000e-06	-1.161950e-08	-5.207336e-09	-5.135178e+01	-6.069308e+02
5.460000e-06	-1.165337e-08	-5.215150e-09	-5.150147e+01	-6.084509e+02
5.470000e-06	-1.168588e-08	-5.221393e-09	-5.164517e+01	-6.098968e+02
5.480000e-06	-1.171704e-08	-5.228900e-09	-5.178288e+01	-6.112684e+02
5.490000e-06	-1.174666e-08	-5.239709e-09	-5.191377e+01	-6.125653e+02
5.500000e-06	-1.177470e-08	-5.252019e-09	-5.203770e+01	-6.137876e+02
5.510000e-06	-1.180139e-08	-5.263434e-09	-5.215564e+01	-6.149350e+02
5.520000e-06	-1.182671e-08	-5.271047e-09	-5.226755e+01	-6.160074e+02
5.530000e-06	-1.185069e-08	-5.274201e-09	-5.237352e+01	-6.170046e+02
5.540000e-06	-1.187332e-08	-5.275110e-09	-5.247352e+01	-6.179266e+02
5.550000e-06	-1.189435e-08	-5.276457e-09	-5.256649e+01	-6.187732e+02
5.560000e-06	-1.191387e-08	-5.279504e-09	-5.265274e+01	-6.195443e+02
5.570000e-06	-1.193208e-08	-5.283794e-09	-5.273325e+01	-6.202399e+02
5.580000e-06	-1.194898e-08	-5.288292e-09	-5.280794e+01	-6.208599e+02
5.590000e-06	-1.196455e-08	-5.292464e-09	-5.287672e+01	-6.214041e+02
5.600000e-06	-1.197850e-08	-5.296417e-09	-5.293839e+01	-6.218725e+02
5.610000e-06	-1.199067e-08	-5.298923e-09	-5.299217e+01	-6.222650e+02
5.620000e-06	-1.200129e-08	-5.299713e-09	-5.303908e+01	-6.225817e+02
5.630000e-06	-1.201051e-08	-5.298710e-09	-5.307982e+01	-6.228224e+02
5.640000e-06	-1.201841e-08	-5.294945e-09	-5.311475e+01	-6.229871e+02
5.650000e-06	-1.202492e-08	-5.290765e-09	-5.314352e+01	-6.230759e+02
5.660000e-06	-1.202981e-08	-5.288016e-09	-5.316512e+01	-6.230887e+02
5.670000e-06	-1.203320e-08	-5.286541e-09	-5.318014e+01	-6.230255e+02
5.680000e-06	-1.203532e-08	-5.286301e-09	-5.318950e+01	-6.228863e+02
5.690000e-06	-1.203610e-08	-5.285622e-09	-5.319294e+01	-6.226711e+02
