# Temperatura_=_20.0
# Concentracion g/m^3_=_10000.0
# C_Vs_to_Am_M_A/Vsm_=_116720831517.84952
# pendiente_HvsI_1/m_=_3716.3
# ordenada_HvsI_A/m_=_1297.0
# frecuencia_Hz_=_239368.53373117864
# Promedio de 25 ciclos

Tiempo_(s)	Campo_(V.s)	Magnetizacion_(V.s)	Campo_(kA/m)	Magnetizacion_(A/m)
0.000000e+00	-4.497670e-09	-1.961411e-09	-2.356638e+01	-2.276400e+02
1.000000e-08	-4.497139e-09	-1.959508e-09	-2.356360e+01	-2.274905e+02
2.000000e-08	-4.495602e-09	-1.956660e-09	-2.355555e+01	-2.272894e+02
3.000000e-08	-4.492811e-09	-1.952697e-09	-2.354092e+01	-2.270368e+02
4.000000e-08	-4.488974e-09	-1.948825e-09	-2.352082e+01	-2.267329e+02
5.000000e-08	-4.484326e-09	-1.945728e-09	-2.349647e+01	-2.263776e+02
6.000000e-08	-4.478788e-09	-1.943149e-09	-2.346745e+01	-2.259711e+02
7.000000e-08	-4.472200e-09	-1.940229e-09	-2.343293e+01	-2.255135e+02
8.000000e-08	-4.464485e-09	-1.935136e-09	-2.339250e+01	-2.250047e+02
9.000000e-08	-4.455559e-09	-1.929880e-09	-2.334574e+01	-2.244451e+02
1.000000e-07	-4.445443e-09	-1.926075e-09	-2.329273e+01	-2.238347e+02
1.100000e-07	-4.434355e-09	-1.916234e-09	-2.323463e+01	-2.231735e+02
1.200000e-07	-4.422283e-09	-1.908906e-09	-2.317139e+01	-2.224619e+02
1.300000e-07	-4.409095e-09	-1.901463e-09	-2.310228e+01	-2.216999e+02
1.400000e-07	-4.395000e-09	-1.899183e-09	-2.302843e+01	-2.208877e+02
1.500000e-07	-4.379906e-09	-1.893568e-09	-2.294934e+01	-2.200255e+02
1.600000e-07	-4.363352e-09	-1.876544e-09	-2.286260e+01	-2.191135e+02
1.700000e-07	-4.345616e-09	-1.871129e-09	-2.276968e+01	-2.181519e+02
1.800000e-07	-4.327268e-09	-1.864870e-09	-2.267354e+01	-2.171409e+02
1.900000e-07	-4.308134e-09	-1.858401e-09	-2.257328e+01	-2.160808e+02
2.000000e-07	-4.287961e-09	-1.843396e-09	-2.246758e+01	-2.149717e+02
2.100000e-07	-4.266966e-09	-1.832700e-09	-2.235757e+01	-2.138140e+02
2.200000e-07	-4.245179e-09	-1.827964e-09	-2.224342e+01	-2.126079e+02
2.300000e-07	-4.222330e-09	-1.814783e-09	-2.212369e+01	-2.113536e+02
2.400000e-07	-4.198540e-09	-1.802465e-09	-2.199904e+01	-2.100515e+02
2.500000e-07	-4.174046e-09	-1.787977e-09	-2.187070e+01	-2.087019e+02
2.600000e-07	-4.148473e-09	-1.772239e-09	-2.173671e+01	-2.073050e+02
2.700000e-07	-4.121536e-09	-1.761479e-09	-2.159557e+01	-2.058611e+02
2.800000e-07	-4.093620e-09	-1.755048e-09	-2.144930e+01	-2.043707e+02
2.900000e-07	-4.064897e-09	-1.741568e-09	-2.129880e+01	-2.028340e+02
3.000000e-07	-4.035278e-09	-1.721642e-09	-2.114360e+01	-2.012514e+02
3.100000e-07	-4.004943e-09	-1.705332e-09	-2.098466e+01	-1.996232e+02
3.200000e-07	-3.973881e-09	-1.697308e-09	-2.082190e+01	-1.979498e+02
3.300000e-07	-3.941971e-09	-1.678272e-09	-2.065471e+01	-1.962317e+02
3.400000e-07	-3.909363e-09	-1.659077e-09	-2.048385e+01	-1.944691e+02
3.500000e-07	-3.875927e-09	-1.647598e-09	-2.030866e+01	-1.926624e+02
3.600000e-07	-3.841268e-09	-1.635480e-09	-2.012705e+01	-1.908122e+02
3.700000e-07	-3.805484e-09	-1.620324e-09	-1.993955e+01	-1.889187e+02
3.800000e-07	-3.768952e-09	-1.603735e-09	-1.974814e+01	-1.869825e+02
3.900000e-07	-3.731686e-09	-1.582981e-09	-1.955288e+01	-1.850039e+02
4.000000e-07	-3.693569e-09	-1.558055e-09	-1.935316e+01	-1.829835e+02
4.100000e-07	-3.654593e-09	-1.546009e-09	-1.914893e+01	-1.809216e+02
4.200000e-07	-3.614849e-09	-1.531332e-09	-1.894069e+01	-1.788188e+02
4.300000e-07	-3.574513e-09	-1.509812e-09	-1.872934e+01	-1.766755e+02
4.400000e-07	-3.533514e-09	-1.492366e-09	-1.851452e+01	-1.744921e+02
4.500000e-07	-3.491500e-09	-1.478721e-09	-1.829438e+01	-1.722693e+02
4.600000e-07	-3.448349e-09	-1.457686e-09	-1.806828e+01	-1.700075e+02
4.700000e-07	-3.404350e-09	-1.435556e-09	-1.783774e+01	-1.677072e+02
4.800000e-07	-3.359734e-09	-1.415883e-09	-1.760397e+01	-1.653689e+02
4.900000e-07	-3.314442e-09	-1.392753e-09	-1.736665e+01	-1.629931e+02
5.000000e-07	-3.268381e-09	-1.374947e-09	-1.712531e+01	-1.605805e+02
5.100000e-07	-3.221548e-09	-1.357552e-09	-1.687992e+01	-1.581315e+02
5.200000e-07	-3.174028e-09	-1.335719e-09	-1.663092e+01	-1.556467e+02
5.300000e-07	-3.125928e-09	-1.310631e-09	-1.637890e+01	-1.531266e+02
5.400000e-07	-3.077161e-09	-1.289493e-09	-1.612338e+01	-1.505719e+02
5.500000e-07	-3.027458e-09	-1.267934e-09	-1.586295e+01	-1.479831e+02
5.600000e-07	-2.976691e-09	-1.245229e-09	-1.559695e+01	-1.453607e+02
5.700000e-07	-2.925014e-09	-1.222662e-09	-1.532617e+01	-1.427055e+02
5.800000e-07	-2.872576e-09	-1.199560e-09	-1.505142e+01	-1.400179e+02
5.900000e-07	-2.819394e-09	-1.178089e-09	-1.477276e+01	-1.372986e+02
6.000000e-07	-2.765566e-09	-1.154158e-09	-1.449071e+01	-1.345483e+02
6.100000e-07	-2.711191e-09	-1.129373e-09	-1.420581e+01	-1.317674e+02
6.200000e-07	-2.656233e-09	-1.104581e-09	-1.391784e+01	-1.289567e+02
6.300000e-07	-2.600679e-09	-1.080230e-09	-1.362676e+01	-1.261169e+02
6.400000e-07	-2.544637e-09	-1.054210e-09	-1.333312e+01	-1.232484e+02
6.500000e-07	-2.488203e-09	-1.028804e-09	-1.303742e+01	-1.203520e+02
6.600000e-07	-2.431279e-09	-1.003213e-09	-1.273915e+01	-1.174284e+02
6.700000e-07	-2.373656e-09	-9.768641e-10	-1.243723e+01	-1.144782e+02
6.800000e-07	-2.315165e-09	-9.508544e-10	-1.213075e+01	-1.115020e+02
6.900000e-07	-2.255859e-09	-9.237487e-10	-1.182001e+01	-1.085006e+02
7.000000e-07	-2.196020e-09	-8.969132e-10	-1.150647e+01	-1.054746e+02
7.100000e-07	-2.135867e-09	-8.700414e-10	-1.119129e+01	-1.024248e+02
7.200000e-07	-2.075419e-09	-8.431475e-10	-1.087456e+01	-9.935167e+01
7.300000e-07	-2.014547e-09	-8.146957e-10	-1.055561e+01	-9.625608e+01
7.400000e-07	-1.953182e-09	-7.872626e-10	-1.023408e+01	-9.313867e+01
7.500000e-07	-1.891395e-09	-7.603838e-10	-9.910336e+00	-9.000017e+01
7.600000e-07	-1.829270e-09	-7.326277e-10	-9.584819e+00	-8.684127e+01
7.700000e-07	-1.766808e-09	-7.039882e-10	-9.257539e+00	-8.366269e+01
7.800000e-07	-1.703931e-09	-6.758025e-10	-8.928083e+00	-8.046516e+01
7.900000e-07	-1.640603e-09	-6.493064e-10	-8.596262e+00	-7.724938e+01
8.000000e-07	-1.576905e-09	-6.211788e-10	-8.262508e+00	-7.401610e+01
8.100000e-07	-1.512964e-09	-5.912224e-10	-7.927475e+00	-7.076604e+01
8.200000e-07	-1.448826e-09	-5.610386e-10	-7.591411e+00	-6.749994e+01
8.300000e-07	-1.384469e-09	-5.328367e-10	-7.254202e+00	-6.421854e+01
8.400000e-07	-1.319895e-09	-5.057316e-10	-6.915852e+00	-6.092257e+01
8.500000e-07	-1.255116e-09	-4.778064e-10	-6.576435e+00	-5.761280e+01
8.600000e-07	-1.190149e-09	-4.470226e-10	-6.236024e+00	-5.428995e+01
8.700000e-07	-1.124887e-09	-4.152168e-10	-5.894071e+00	-5.095479e+01
8.800000e-07	-1.059149e-09	-3.861440e-10	-5.549629e+00	-4.760807e+01
8.900000e-07	-9.929971e-10	-3.593013e-10	-5.203012e+00	-4.425055e+01
9.000000e-07	-9.265581e-10	-3.317583e-10	-4.854893e+00	-4.088298e+01
9.100000e-07	-8.598074e-10	-3.002994e-10	-4.505141e+00	-3.750613e+01
9.200000e-07	-7.927396e-10	-2.676392e-10	-4.153727e+00	-3.412077e+01
9.300000e-07	-7.253801e-10	-2.377049e-10	-3.800784e+00	-3.072765e+01
9.400000e-07	-6.577898e-10	-2.101570e-10	-3.446632e+00	-2.732755e+01
9.500000e-07	-5.900682e-10	-1.804252e-10	-3.091792e+00	-2.392123e+01
9.600000e-07	-5.222633e-10	-1.481167e-10	-2.736516e+00	-2.050947e+01
9.700000e-07	-4.543668e-10	-1.172642e-10	-2.380760e+00	-1.709304e+01
9.800000e-07	-3.863857e-10	-8.940177e-11	-2.024560e+00	-1.367270e+01
9.900000e-07	-3.183642e-10	-6.189343e-11	-1.668148e+00	-1.024924e+01
1.000000e-06	-2.503214e-10	-3.184680e-11	-1.311625e+00	-6.823433e+00
1.010000e-06	-1.822609e-10	-9.135949e-13	-9.550095e-01	-3.396046e+00
1.020000e-06	-1.141743e-10	2.937080e-11	-5.982568e-01	3.214306e-02
1.030000e-06	-4.606557e-11	5.861525e-11	-2.413881e-01	3.460358e+00
1.040000e-06	2.203704e-11	8.841547e-11	1.154485e-01	6.887822e+00
1.050000e-06	9.012217e-11	1.187889e-10	4.721934e-01	1.031376e+01
1.060000e-06	1.581930e-10	1.483535e-10	8.288634e-01	1.373740e+01
1.070000e-06	2.262509e-10	1.762442e-10	1.185466e+00	1.715796e+01
1.080000e-06	2.942866e-10	2.026655e-10	1.541951e+00	2.057468e+01
1.090000e-06	3.622781e-10	2.301129e-10	1.898206e+00	2.398677e+01
1.100000e-06	4.302160e-10	2.602070e-10	2.254179e+00	2.739348e+01
1.110000e-06	4.980897e-10	2.920804e-10	2.609816e+00	3.079401e+01
1.120000e-06	5.658637e-10	3.218965e-10	2.964931e+00	3.418762e+01
1.130000e-06	6.335188e-10	3.488551e-10	3.319423e+00	3.757352e+01
1.140000e-06	7.010227e-10	3.758719e-10	3.673122e+00	4.095095e+01
1.150000e-06	7.683183e-10	4.046284e-10	4.025729e+00	4.431916e+01
1.160000e-06	8.353516e-10	4.334716e-10	4.376963e+00	4.767737e+01
1.170000e-06	9.020831e-10	4.603475e-10	4.726615e+00	5.102483e+01
1.180000e-06	9.684706e-10	4.863384e-10	5.074465e+00	5.436077e+01
1.190000e-06	1.034447e-09	5.148414e-10	5.420160e+00	5.768446e+01
1.200000e-06	1.100001e-09	5.456869e-10	5.763645e+00	6.099512e+01
1.210000e-06	1.165182e-09	5.754478e-10	6.105169e+00	6.429202e+01
1.220000e-06	1.230025e-09	6.022088e-10	6.444926e+00	6.757441e+01
1.230000e-06	1.294583e-09	6.265356e-10	6.783192e+00	7.084155e+01
1.240000e-06	1.358916e-09	6.518894e-10	7.120278e+00	7.409269e+01
1.250000e-06	1.423071e-09	6.795851e-10	7.456428e+00	7.732711e+01
1.260000e-06	1.487044e-09	7.081303e-10	7.791627e+00	8.054406e+01
1.270000e-06	1.550768e-09	7.356755e-10	8.125523e+00	8.374283e+01
1.280000e-06	1.614165e-09	7.621898e-10	8.457702e+00	8.692268e+01
1.290000e-06	1.677176e-09	7.898484e-10	8.787859e+00	9.008290e+01
1.300000e-06	1.739812e-09	8.180825e-10	9.116052e+00	9.322278e+01
1.310000e-06	1.802133e-09	8.446093e-10	9.442598e+00	9.634160e+01
1.320000e-06	1.864141e-09	8.685566e-10	9.767496e+00	9.943866e+01
1.330000e-06	1.925747e-09	8.914212e-10	1.009030e+01	1.025133e+02
1.340000e-06	1.986873e-09	9.158086e-10	1.041058e+01	1.055647e+02
1.350000e-06	2.047556e-09	9.424427e-10	1.072854e+01	1.085923e+02
1.360000e-06	2.107921e-09	9.695864e-10	1.104483e+01	1.115953e+02
1.370000e-06	2.168038e-09	9.947412e-10	1.135982e+01	1.145732e+02
1.380000e-06	2.227825e-09	1.017856e-09	1.167309e+01	1.175252e+02
1.390000e-06	2.287027e-09	1.041158e-09	1.198329e+01	1.204506e+02
1.400000e-06	2.345394e-09	1.064681e-09	1.228911e+01	1.233487e+02
1.410000e-06	2.402877e-09	1.086867e-09	1.259031e+01	1.262191e+02
1.420000e-06	2.459650e-09	1.108208e-09	1.288778e+01	1.290609e+02
1.430000e-06	2.515961e-09	1.130594e-09	1.318283e+01	1.318735e+02
1.440000e-06	2.571905e-09	1.155110e-09	1.347596e+01	1.346563e+02
1.450000e-06	2.627375e-09	1.180336e-09	1.376660e+01	1.374087e+02
1.460000e-06	2.682253e-09	1.203499e-09	1.405415e+01	1.401301e+02
1.470000e-06	2.736550e-09	1.223561e-09	1.433865e+01	1.428198e+02
1.480000e-06	2.790288e-09	1.242649e-09	1.462022e+01	1.454772e+02
1.490000e-06	2.843392e-09	1.263140e-09	1.489847e+01	1.481017e+02
1.500000e-06	2.895804e-09	1.285041e-09	1.517309e+01	1.506928e+02
1.510000e-06	2.947467e-09	1.307277e-09	1.544379e+01	1.532498e+02
1.520000e-06	2.998200e-09	1.329390e-09	1.570961e+01	1.557721e+02
1.530000e-06	3.047868e-09	1.351315e-09	1.596986e+01	1.582593e+02
1.540000e-06	3.096639e-09	1.372616e-09	1.622540e+01	1.607107e+02
1.550000e-06	3.144790e-09	1.392509e-09	1.647770e+01	1.631258e+02
1.560000e-06	3.192361e-09	1.410557e-09	1.672696e+01	1.655040e+02
1.570000e-06	3.239262e-09	1.427968e-09	1.697270e+01	1.678447e+02
1.580000e-06	3.285470e-09	1.446418e-09	1.721482e+01	1.701476e+02
1.590000e-06	3.330927e-09	1.465430e-09	1.745300e+01	1.724120e+02
1.600000e-06	3.375683e-09	1.483602e-09	1.768751e+01	1.746374e+02
1.610000e-06	3.419934e-09	1.500975e-09	1.791937e+01	1.768234e+02
1.620000e-06	3.463629e-09	1.518581e-09	1.814832e+01	1.789693e+02
1.630000e-06	3.506415e-09	1.536632e-09	1.837251e+01	1.810749e+02
1.640000e-06	3.548063e-09	1.554363e-09	1.859073e+01	1.831395e+02
1.650000e-06	3.588757e-09	1.570561e-09	1.880395e+01	1.851627e+02
1.660000e-06	3.628754e-09	1.586084e-09	1.901352e+01	1.871440e+02
1.670000e-06	3.668049e-09	1.602433e-09	1.921942e+01	1.890830e+02
1.680000e-06	3.706585e-09	1.618810e-09	1.942133e+01	1.909793e+02
1.690000e-06	3.744315e-09	1.634470e-09	1.961903e+01	1.928325e+02
1.700000e-06	3.781237e-09	1.648856e-09	1.981249e+01	1.946420e+02
1.710000e-06	3.817514e-09	1.662150e-09	2.000257e+01	1.964075e+02
1.720000e-06	3.853100e-09	1.675363e-09	2.018903e+01	1.981287e+02
1.730000e-06	3.887654e-09	1.688724e-09	2.037008e+01	1.998050e+02
1.740000e-06	3.921042e-09	1.701846e-09	2.054502e+01	2.014362e+02
1.750000e-06	3.953497e-09	1.713968e-09	2.071508e+01	2.030219e+02
1.760000e-06	3.985197e-09	1.725690e-09	2.088118e+01	2.045616e+02
1.770000e-06	4.016100e-09	1.738230e-09	2.104310e+01	2.060551e+02
1.780000e-06	4.046170e-09	1.750985e-09	2.120065e+01	2.075020e+02
1.790000e-06	4.075383e-09	1.762763e-09	2.135372e+01	2.089021e+02
1.800000e-06	4.103846e-09	1.773324e-09	2.150286e+01	2.102548e+02
1.810000e-06	4.131585e-09	1.783707e-09	2.164820e+01	2.115601e+02
1.820000e-06	4.158251e-09	1.795213e-09	2.178793e+01	2.128175e+02
1.830000e-06	4.183644e-09	1.807420e-09	2.192098e+01	2.140268e+02
1.840000e-06	4.207980e-09	1.818343e-09	2.204849e+01	2.151878e+02
1.850000e-06	4.231418e-09	1.826805e-09	2.217130e+01	2.163001e+02
1.860000e-06	4.253949e-09	1.833888e-09	2.228935e+01	2.173635e+02
1.870000e-06	4.275572e-09	1.842326e-09	2.240265e+01	2.183777e+02
1.880000e-06	4.296367e-09	1.851913e-09	2.251161e+01	2.193426e+02
1.890000e-06	4.316431e-09	1.860044e-09	2.261674e+01	2.202579e+02
1.900000e-06	4.335617e-09	1.866217e-09	2.271727e+01	2.211234e+02
1.910000e-06	4.353730e-09	1.871427e-09	2.281218e+01	2.219389e+02
1.920000e-06	4.370851e-09	1.877731e-09	2.290189e+01	2.227042e+02
1.930000e-06	4.386986e-09	1.885629e-09	2.298643e+01	2.234192e+02
1.940000e-06	4.402023e-09	1.892433e-09	2.306522e+01	2.240836e+02
1.950000e-06	4.416008e-09	1.896978e-09	2.313849e+01	2.246975e+02
1.960000e-06	4.429011e-09	1.901123e-09	2.320662e+01	2.252605e+02
1.970000e-06	4.441011e-09	1.905857e-09	2.326951e+01	2.257726e+02
1.980000e-06	4.451800e-09	1.911009e-09	2.332604e+01	2.262336e+02
1.990000e-06	4.461271e-09	1.915565e-09	2.337566e+01	2.266435e+02
2.000000e-06	4.469683e-09	1.919547e-09	2.341974e+01	2.270021e+02
2.010000e-06	4.477205e-09	1.923501e-09	2.345915e+01	2.273095e+02
2.020000e-06	4.483784e-09	1.926919e-09	2.349362e+01	2.275654e+02
2.030000e-06	4.489388e-09	1.929519e-09	2.352298e+01	2.277699e+02
2.040000e-06	4.494119e-09	1.931226e-09	2.354777e+01	2.279229e+02
2.050000e-06	4.498054e-09	1.932146e-09	2.356840e+01	2.280244e+02
2.060000e-06	4.500931e-09	1.932748e-09	2.358347e+01	2.280743e+02
2.070000e-06	4.502525e-09	1.933198e-09	2.359182e+01	2.280727e+02
2.080000e-06	4.503059e-09	1.933202e-09	2.359462e+01	2.280195e+02
2.090000e-06	4.502719e-09	1.932809e-09	2.359284e+01	2.279147e+02
2.100000e-06	4.501477e-09	1.931659e-09	2.358633e+01	2.277584e+02
2.110000e-06	4.499321e-09	1.929327e-09	2.357503e+01	2.275507e+02
2.120000e-06	4.496310e-09	1.926274e-09	2.355926e+01	2.272915e+02
2.130000e-06	4.492547e-09	1.922951e-09	2.353954e+01	2.269808e+02
2.140000e-06	4.487865e-09	1.919243e-09	2.351501e+01	2.266189e+02
2.150000e-06	4.481962e-09	1.915555e-09	2.348408e+01	2.262058e+02
2.160000e-06	4.474868e-09	1.912821e-09	2.344691e+01	2.257415e+02
2.170000e-06	4.466575e-09	1.909156e-09	2.340346e+01	2.252261e+02
2.180000e-06	4.456867e-09	1.906545e-09	2.335259e+01	2.246599e+02
2.190000e-06	4.446173e-09	1.907573e-09	2.329656e+01	2.240429e+02
2.200000e-06	4.435200e-09	1.897515e-09	2.323906e+01	2.233752e+02
2.210000e-06	4.423463e-09	1.892452e-09	2.317756e+01	2.226570e+02
2.220000e-06	4.409960e-09	1.881500e-09	2.310681e+01	2.218884e+02
2.230000e-06	4.394978e-09	1.873019e-09	2.302832e+01	2.210697e+02
2.240000e-06	4.379366e-09	1.870852e-09	2.294651e+01	2.202011e+02
2.250000e-06	4.362922e-09	1.868077e-09	2.286035e+01	2.192826e+02
2.260000e-06	4.345212e-09	1.861670e-09	2.276756e+01	2.183146e+02
2.270000e-06	4.326725e-09	1.841880e-09	2.267069e+01	2.172972e+02
2.280000e-06	4.307717e-09	1.839013e-09	2.257109e+01	2.162307e+02
2.290000e-06	4.287558e-09	1.835144e-09	2.246547e+01	2.151153e+02
2.300000e-06	4.266125e-09	1.818787e-09	2.235316e+01	2.139513e+02
2.310000e-06	4.243838e-09	1.802490e-09	2.223639e+01	2.127389e+02
2.320000e-06	4.220519e-09	1.796832e-09	2.211421e+01	2.114784e+02
2.330000e-06	4.196057e-09	1.794320e-09	2.198603e+01	2.101701e+02
2.340000e-06	4.170892e-09	1.783141e-09	2.185417e+01	2.088143e+02
2.350000e-06	4.144980e-09	1.770790e-09	2.171841e+01	2.074112e+02
2.360000e-06	4.118061e-09	1.756644e-09	2.157736e+01	2.059613e+02
2.370000e-06	4.090421e-09	1.735072e-09	2.143253e+01	2.044649e+02
2.380000e-06	4.062039e-09	1.728829e-09	2.128382e+01	2.029222e+02
2.390000e-06	4.032313e-09	1.724091e-09	2.112806e+01	2.013336e+02
2.400000e-06	4.001295e-09	1.703468e-09	2.096554e+01	1.996995e+02
2.410000e-06	3.969495e-09	1.687739e-09	2.079892e+01	1.980203e+02
2.420000e-06	3.936904e-09	1.682852e-09	2.062815e+01	1.962963e+02
2.430000e-06	3.903453e-09	1.671856e-09	2.045288e+01	1.945279e+02
2.440000e-06	3.869211e-09	1.650075e-09	2.027347e+01	1.927156e+02
2.450000e-06	3.834198e-09	1.634787e-09	2.009001e+01	1.908597e+02
2.460000e-06	3.798517e-09	1.616833e-09	1.990305e+01	1.889606e+02
2.470000e-06	3.761997e-09	1.600381e-09	1.971170e+01	1.870189e+02
2.480000e-06	3.724286e-09	1.594165e-09	1.951410e+01	1.850348e+02
2.490000e-06	3.685475e-09	1.577716e-09	1.931075e+01	1.830090e+02
2.500000e-06	3.645881e-09	1.549199e-09	1.910329e+01	1.809417e+02
2.510000e-06	3.605564e-09	1.530185e-09	1.889204e+01	1.788336e+02
2.520000e-06	3.564529e-09	1.516345e-09	1.867703e+01	1.766850e+02
2.530000e-06	3.522772e-09	1.496825e-09	1.845823e+01	1.744965e+02
2.540000e-06	3.480226e-09	1.481655e-09	1.823531e+01	1.722686e+02
2.550000e-06	3.437021e-09	1.461504e-09	1.800893e+01	1.700017e+02
2.560000e-06	3.393272e-09	1.436609e-09	1.777969e+01	1.676963e+02
2.570000e-06	3.348824e-09	1.420250e-09	1.754680e+01	1.653531e+02
2.580000e-06	3.303534e-09	1.402230e-09	1.730950e+01	1.629725e+02
2.590000e-06	3.257451e-09	1.376941e-09	1.706804e+01	1.605551e+02
2.600000e-06	3.210721e-09	1.354639e-09	1.682318e+01	1.581014e+02
2.610000e-06	3.163308e-09	1.335879e-09	1.657476e+01	1.556119e+02
2.620000e-06	3.115038e-09	1.317758e-09	1.632184e+01	1.530873e+02
2.630000e-06	3.065967e-09	1.301725e-09	1.606472e+01	1.505281e+02
2.640000e-06	3.016236e-09	1.279245e-09	1.580415e+01	1.479348e+02
2.650000e-06	2.965831e-09	1.253765e-09	1.554004e+01	1.453081e+02
2.660000e-06	2.914744e-09	1.230902e-09	1.527236e+01	1.426486e+02
2.670000e-06	2.863016e-09	1.208908e-09	1.500132e+01	1.399568e+02
2.680000e-06	2.810557e-09	1.187171e-09	1.472645e+01	1.372334e+02
2.690000e-06	2.757107e-09	1.163927e-09	1.444639e+01	1.344790e+02
2.700000e-06	2.702615e-09	1.139303e-09	1.416087e+01	1.316942e+02
2.710000e-06	2.647415e-09	1.116679e-09	1.387164e+01	1.288797e+02
2.720000e-06	2.591791e-09	1.096571e-09	1.358019e+01	1.260360e+02
2.730000e-06	2.535716e-09	1.072552e-09	1.328638e+01	1.231638e+02
2.740000e-06	2.479068e-09	1.045692e-09	1.298955e+01	1.202638e+02
2.750000e-06	2.421869e-09	1.019780e-09	1.268985e+01	1.173366e+02
2.760000e-06	2.364183e-09	9.966788e-10	1.238759e+01	1.143829e+02
2.770000e-06	2.305968e-09	9.747537e-10	1.208256e+01	1.114034e+02
2.780000e-06	2.247193e-09	9.506010e-10	1.177461e+01	1.083987e+02
2.790000e-06	2.187980e-09	9.236767e-10	1.146434e+01	1.053695e+02
2.800000e-06	2.128476e-09	8.965681e-10	1.115256e+01	1.023165e+02
2.810000e-06	2.068680e-09	8.724734e-10	1.083925e+01	9.924039e+01
2.820000e-06	2.008462e-09	8.487020e-10	1.052373e+01	9.614186e+01
2.830000e-06	1.947642e-09	8.237504e-10	1.020505e+01	9.302160e+01
2.840000e-06	1.886130e-09	7.981807e-10	9.882747e+00	8.988033e+01
2.850000e-06	1.823951e-09	7.727865e-10	9.556952e+00	8.671876e+01
2.860000e-06	1.761190e-09	7.474020e-10	9.228100e+00	8.353760e+01
2.870000e-06	1.698005e-09	7.210171e-10	8.897030e+00	8.033758e+01
2.880000e-06	1.634551e-09	6.940012e-10	8.564552e+00	7.711941e+01
2.890000e-06	1.570898e-09	6.675693e-10	8.231033e+00	7.388382e+01
2.900000e-06	1.507013e-09	6.423542e-10	7.896297e+00	7.063155e+01
2.910000e-06	1.442825e-09	6.174315e-10	7.559969e+00	6.736334e+01
2.920000e-06	1.378300e-09	5.911177e-10	7.221879e+00	6.407991e+01
2.930000e-06	1.313444e-09	5.624118e-10	6.882052e+00	6.078202e+01
2.940000e-06	1.248276e-09	5.329996e-10	6.540594e+00	5.747041e+01
2.950000e-06	1.182839e-09	5.044945e-10	6.197727e+00	5.414583e+01
2.960000e-06	1.117150e-09	4.767117e-10	5.853533e+00	5.080903e+01
2.970000e-06	1.051216e-09	4.478674e-10	5.508063e+00	4.746077e+01
2.980000e-06	9.850698e-10	4.173120e-10	5.161476e+00	4.410180e+01
2.990000e-06	9.187121e-10	3.876012e-10	4.813782e+00	4.073288e+01
3.000000e-06	8.521574e-10	3.599194e-10	4.465057e+00	3.735478e+01
3.010000e-06	7.854191e-10	3.319976e-10	4.115369e+00	3.396826e+01
3.020000e-06	7.184949e-10	3.006667e-10	3.764707e+00	3.057408e+01
3.030000e-06	6.514148e-10	2.669365e-10	3.413228e+00	2.717302e+01
3.040000e-06	5.842144e-10	2.349899e-10	3.061119e+00	2.376584e+01
3.050000e-06	5.169056e-10	2.070110e-10	2.708442e+00	2.035331e+01
3.060000e-06	4.495310e-10	1.803870e-10	2.355421e+00	1.693622e+01
3.070000e-06	3.821110e-10	1.495183e-10	2.002161e+00	1.351531e+01
3.080000e-06	3.146529e-10	1.144884e-10	1.648702e+00	1.009139e+01
3.090000e-06	2.471679e-10	8.043502e-11	1.295101e+00	6.665205e+00
3.100000e-06	1.796534e-10	5.018800e-11	9.413462e-01	3.237546e+00
3.110000e-06	1.121150e-10	2.221607e-11	5.874662e-01	-1.908149e-01
3.120000e-06	4.456047e-11	-6.046651e-12	2.335016e-01	-3.619103e+00
3.130000e-06	-2.299412e-11	-3.482711e-11	-1.204633e-01	-7.046543e+00
3.140000e-06	-9.053518e-11	-6.309360e-11	-4.743573e-01	-1.047236e+01
3.150000e-06	-1.580628e-10	-9.204895e-11	-8.281811e-01	-1.389578e+01
3.160000e-06	-2.255887e-10	-1.238786e-10	-1.181996e+00	-1.731602e+01
3.170000e-06	-2.930987e-10	-1.586370e-10	-1.535726e+00	-2.073231e+01
3.180000e-06	-3.605656e-10	-1.928907e-10	-1.889232e+00	-2.414389e+01
3.190000e-06	-4.279860e-10	-2.224954e-10	-2.242494e+00	-2.754998e+01
3.200000e-06	-4.953501e-10	-2.482842e-10	-2.595461e+00	-3.094980e+01
3.210000e-06	-5.626306e-10	-2.745598e-10	-2.947990e+00	-3.434259e+01
3.220000e-06	-6.298107e-10	-3.036203e-10	-3.299992e+00	-3.772758e+01
3.230000e-06	-6.968574e-10	-3.343188e-10	-3.651296e+00	-4.110401e+01
3.240000e-06	-7.637315e-10	-3.654595e-10	-4.001695e+00	-4.447111e+01
3.250000e-06	-8.304127e-10	-3.970838e-10	-4.351084e+00	-4.782812e+01
3.260000e-06	-8.968804e-10	-4.290465e-10	-4.699354e+00	-5.117428e+01
3.270000e-06	-9.631032e-10	-4.601717e-10	-5.046341e+00	-5.450884e+01
3.280000e-06	-1.029080e-09	-4.884264e-10	-5.392038e+00	-5.783103e+01
3.290000e-06	-1.094835e-09	-5.149001e-10	-5.736573e+00	-6.114011e+01
3.300000e-06	-1.160385e-09	-5.425694e-10	-6.080035e+00	-6.443533e+01
3.310000e-06	-1.225729e-09	-5.722401e-10	-6.422419e+00	-6.771595e+01
3.320000e-06	-1.290805e-09	-6.022567e-10	-6.763398e+00	-7.098122e+01
3.330000e-06	-1.355548e-09	-6.304848e-10	-7.102632e+00	-7.423040e+01
3.340000e-06	-1.419953e-09	-6.577711e-10	-7.440092e+00	-7.746275e+01
3.350000e-06	-1.484036e-09	-6.864090e-10	-7.775868e+00	-8.067756e+01
3.360000e-06	-1.547851e-09	-7.161509e-10	-8.110234e+00	-8.387408e+01
3.370000e-06	-1.611447e-09	-7.446014e-10	-8.443458e+00	-8.705160e+01
3.380000e-06	-1.674816e-09	-7.714378e-10	-8.775493e+00	-9.020940e+01
3.390000e-06	-1.737906e-09	-7.979234e-10	-9.106064e+00	-9.334676e+01
3.400000e-06	-1.800605e-09	-8.251220e-10	-9.434588e+00	-9.646298e+01
3.410000e-06	-1.862757e-09	-8.528659e-10	-9.760246e+00	-9.955735e+01
3.420000e-06	-1.924248e-09	-8.798496e-10	-1.008244e+01	-1.026292e+02
3.430000e-06	-1.985063e-09	-9.068796e-10	-1.040109e+01	-1.056777e+02
3.440000e-06	-2.045282e-09	-9.355588e-10	-1.071662e+01	-1.087024e+02
3.450000e-06	-2.105071e-09	-9.652316e-10	-1.102989e+01	-1.117024e+02
3.460000e-06	-2.164564e-09	-9.928763e-10	-1.134162e+01	-1.146771e+02
3.470000e-06	-2.223728e-09	-1.016587e-09	-1.165162e+01	-1.176258e+02
3.480000e-06	-2.282449e-09	-1.038515e-09	-1.195930e+01	-1.205479e+02
3.490000e-06	-2.340652e-09	-1.062662e-09	-1.226427e+01	-1.234427e+02
3.500000e-06	-2.398331e-09	-1.089919e-09	-1.256649e+01	-1.263096e+02
3.510000e-06	-2.455477e-09	-1.117584e-09	-1.286592e+01	-1.291478e+02
3.520000e-06	-2.512031e-09	-1.143453e-09	-1.316224e+01	-1.319568e+02
3.530000e-06	-2.568025e-09	-1.168699e-09	-1.345563e+01	-1.347359e+02
3.540000e-06	-2.623584e-09	-1.194464e-09	-1.374674e+01	-1.374846e+02
3.550000e-06	-2.678683e-09	-1.219159e-09	-1.403545e+01	-1.402020e+02
3.560000e-06	-2.733092e-09	-1.241276e-09	-1.432053e+01	-1.428878e+02
3.570000e-06	-2.786584e-09	-1.261106e-09	-1.460081e+01	-1.455412e+02
3.580000e-06	-2.839160e-09	-1.281222e-09	-1.487629e+01	-1.481616e+02
3.590000e-06	-2.890983e-09	-1.304415e-09	-1.514783e+01	-1.507485e+02
3.600000e-06	-2.942137e-09	-1.330055e-09	-1.541586e+01	-1.533012e+02
3.610000e-06	-2.992616e-09	-1.355190e-09	-1.568036e+01	-1.558193e+02
3.620000e-06	-3.042407e-09	-1.377931e-09	-1.594124e+01	-1.583020e+02
3.630000e-06	-3.091404e-09	-1.399286e-09	-1.619798e+01	-1.607490e+02
3.640000e-06	-3.139421e-09	-1.420168e-09	-1.644957e+01	-1.631595e+02
3.650000e-06	-3.186453e-09	-1.439848e-09	-1.669600e+01	-1.655331e+02
3.660000e-06	-3.232755e-09	-1.458498e-09	-1.693861e+01	-1.678692e+02
3.670000e-06	-3.278487e-09	-1.477192e-09	-1.717823e+01	-1.701673e+02
3.680000e-06	-3.323571e-09	-1.497349e-09	-1.741446e+01	-1.724269e+02
3.690000e-06	-3.367950e-09	-1.519101e-09	-1.764699e+01	-1.746474e+02
3.700000e-06	-3.411733e-09	-1.540651e-09	-1.787640e+01	-1.768285e+02
3.710000e-06	-3.454975e-09	-1.560759e-09	-1.810297e+01	-1.789694e+02
3.720000e-06	-3.497554e-09	-1.579323e-09	-1.832607e+01	-1.810699e+02
3.730000e-06	-3.539402e-09	-1.597051e-09	-1.854535e+01	-1.831294e+02
3.740000e-06	-3.580492e-09	-1.614239e-09	-1.876065e+01	-1.851474e+02
3.750000e-06	-3.620820e-09	-1.630842e-09	-1.897195e+01	-1.871235e+02
3.760000e-06	-3.660499e-09	-1.647310e-09	-1.917986e+01	-1.890573e+02
3.770000e-06	-3.699485e-09	-1.663341e-09	-1.938413e+01	-1.909482e+02
3.780000e-06	-3.737481e-09	-1.679195e-09	-1.958322e+01	-1.927959e+02
3.790000e-06	-3.774354e-09	-1.695202e-09	-1.977642e+01	-1.946000e+02
3.800000e-06	-3.810329e-09	-1.710559e-09	-1.996492e+01	-1.963601e+02
3.810000e-06	-3.845595e-09	-1.724393e-09	-2.014970e+01	-1.980756e+02
3.820000e-06	-3.880091e-09	-1.737628e-09	-2.033045e+01	-1.997464e+02
3.830000e-06	-3.913750e-09	-1.750819e-09	-2.050681e+01	-2.013719e+02
3.840000e-06	-3.946557e-09	-1.763230e-09	-2.067872e+01	-2.029519e+02
3.850000e-06	-3.978580e-09	-1.774504e-09	-2.084651e+01	-2.044859e+02
3.860000e-06	-4.009863e-09	-1.784837e-09	-2.101042e+01	-2.059736e+02
3.870000e-06	-4.040160e-09	-1.796315e-09	-2.116917e+01	-2.074147e+02
3.880000e-06	-4.069241e-09	-1.808996e-09	-2.132154e+01	-2.088088e+02
3.890000e-06	-4.097290e-09	-1.821256e-09	-2.146851e+01	-2.101557e+02
3.900000e-06	-4.124538e-09	-1.832341e-09	-2.161128e+01	-2.114550e+02
3.910000e-06	-4.150950e-09	-1.842650e-09	-2.174967e+01	-2.127065e+02
3.920000e-06	-4.176425e-09	-1.852630e-09	-2.188315e+01	-2.139098e+02
3.930000e-06	-4.200970e-09	-1.861093e-09	-2.201176e+01	-2.150647e+02
3.940000e-06	-4.224736e-09	-1.867612e-09	-2.213629e+01	-2.161709e+02
3.950000e-06	-4.247702e-09	-1.873480e-09	-2.225662e+01	-2.172281e+02
3.960000e-06	-4.269526e-09	-1.881644e-09	-2.237098e+01	-2.182362e+02
3.970000e-06	-4.290126e-09	-1.892448e-09	-2.247891e+01	-2.191950e+02
3.980000e-06	-4.309800e-09	-1.903336e-09	-2.258200e+01	-2.201040e+02
3.990000e-06	-4.328659e-09	-1.912818e-09	-2.268081e+01	-2.209633e+02
4.000000e-06	-4.346627e-09	-1.919746e-09	-2.277496e+01	-2.217726e+02
4.010000e-06	-4.363670e-09	-1.924655e-09	-2.286426e+01	-2.225316e+02
4.020000e-06	-4.379839e-09	-1.928873e-09	-2.294898e+01	-2.232403e+02
4.030000e-06	-4.395165e-09	-1.932977e-09	-2.302929e+01	-2.238985e+02
4.040000e-06	-4.409396e-09	-1.937649e-09	-2.310385e+01	-2.245059e+02
4.050000e-06	-4.422286e-09	-1.943121e-09	-2.317139e+01	-2.250626e+02
4.060000e-06	-4.433952e-09	-1.949208e-09	-2.323252e+01	-2.255683e+02
4.070000e-06	-4.444589e-09	-1.954655e-09	-2.328825e+01	-2.260230e+02
4.080000e-06	-4.454246e-09	-1.957738e-09	-2.333885e+01	-2.264265e+02
4.090000e-06	-4.462956e-09	-1.958492e-09	-2.338449e+01	-2.267788e+02
4.100000e-06	-4.470832e-09	-1.958480e-09	-2.342576e+01	-2.270797e+02
4.110000e-06	-4.477836e-09	-1.958670e-09	-2.346246e+01	-2.273292e+02
4.120000e-06	-4.483661e-09	-1.959797e-09	-2.349298e+01	-2.275273e+02
4.130000e-06	-4.488265e-09	-1.961999e-09	-2.351710e+01	-2.276739e+02
4.140000e-06	-4.491919e-09	-1.964057e-09	-2.353625e+01	-2.277689e+02
4.150000e-06	-4.494716e-09	-1.964930e-09	-2.355090e+01	-2.278124e+02
4.160000e-06	-4.496601e-09	-1.964618e-09	-2.356078e+01	-2.278043e+02
4.170000e-06	-4.497526e-09	-1.963194e-09	-2.356563e+01	-2.277447e+02
