# Temperatura_=_20.0
# Concentracion g/m^3_=_10000.0
# C_Vs_to_Am_M_A/Vsm_=_116720831517.84952
# pendiente_HvsI_1/m_=_3716.3
# ordenada_HvsI_A/m_=_1297.0
# frecuencia_Hz_=_213075.46763391362
# Promedio de 27 ciclos

Tiempo_(s)	Campo_(V.s)	Magnetizacion_(V.s)	Campo_(kA/m)	Magnetizacion_(A/m)
0.000000e+00	-1.070433e-08	-4.592856e-09	-5.315782e+01	-5.324838e+02
1.000000e-08	-1.070221e-08	-4.589058e-09	-5.314730e+01	-5.322421e+02
2.000000e-08	-1.069818e-08	-4.585451e-09	-5.312727e+01	-5.319049e+02
3.000000e-08	-1.069245e-08	-4.582036e-09	-5.309882e+01	-5.314723e+02
4.000000e-08	-1.068510e-08	-4.576989e-09	-5.306232e+01	-5.309442e+02
5.000000e-08	-1.067604e-08	-4.567700e-09	-5.301734e+01	-5.303208e+02
6.000000e-08	-1.066496e-08	-4.556520e-09	-5.296234e+01	-5.296022e+02
7.000000e-08	-1.065185e-08	-4.537924e-09	-5.289719e+01	-5.287886e+02
8.000000e-08	-1.063662e-08	-4.532816e-09	-5.282161e+01	-5.278800e+02
9.000000e-08	-1.061907e-08	-4.565713e-09	-5.273445e+01	-5.268766e+02
1.000000e-07	-1.059938e-08	-4.564904e-09	-5.263667e+01	-5.257787e+02
1.100000e-07	-1.057780e-08	-4.537820e-09	-5.252950e+01	-5.245863e+02
1.200000e-07	-1.055449e-08	-4.510415e-09	-5.241373e+01	-5.232998e+02
1.300000e-07	-1.052970e-08	-4.426000e-09	-5.229060e+01	-5.219194e+02
1.400000e-07	-1.050333e-08	-4.459583e-09	-5.215968e+01	-5.204452e+02
1.500000e-07	-1.047512e-08	-4.493315e-09	-5.201956e+01	-5.188776e+02
1.600000e-07	-1.044522e-08	-4.390483e-09	-5.187107e+01	-5.172169e+02
1.700000e-07	-1.041373e-08	-4.462338e-09	-5.171471e+01	-5.154633e+02
1.800000e-07	-1.038019e-08	-4.484402e-09	-5.154815e+01	-5.136172e+02
1.900000e-07	-1.034472e-08	-4.348015e-09	-5.137201e+01	-5.116789e+02
2.000000e-07	-1.030783e-08	-4.395355e-09	-5.118884e+01	-5.096487e+02
2.100000e-07	-1.026926e-08	-4.379752e-09	-5.099727e+01	-5.075270e+02
2.200000e-07	-1.022882e-08	-4.288838e-09	-5.079645e+01	-5.053142e+02
2.300000e-07	-1.018640e-08	-4.334510e-09	-5.058582e+01	-5.030106e+02
2.400000e-07	-1.014193e-08	-4.318169e-09	-5.036499e+01	-5.006168e+02
2.500000e-07	-1.009570e-08	-4.299453e-09	-5.013540e+01	-4.981331e+02
2.600000e-07	-1.004763e-08	-4.289820e-09	-4.989668e+01	-4.955600e+02
2.700000e-07	-9.997379e-09	-4.224322e-09	-4.964713e+01	-4.928978e+02
2.800000e-07	-9.944895e-09	-4.185095e-09	-4.938649e+01	-4.901472e+02
2.900000e-07	-9.890441e-09	-4.169350e-09	-4.911607e+01	-4.873086e+02
3.000000e-07	-9.834248e-09	-4.176912e-09	-4.883702e+01	-4.843825e+02
3.100000e-07	-9.776170e-09	-4.157461e-09	-4.854860e+01	-4.813695e+02
3.200000e-07	-9.716149e-09	-4.123973e-09	-4.825054e+01	-4.782700e+02
3.300000e-07	-9.654413e-09	-4.088176e-09	-4.794396e+01	-4.750846e+02
3.400000e-07	-9.591087e-09	-4.037073e-09	-4.762948e+01	-4.718139e+02
3.500000e-07	-9.526073e-09	-4.024624e-09	-4.730662e+01	-4.684585e+02
3.600000e-07	-9.459139e-09	-3.987535e-09	-4.697423e+01	-4.650190e+02
3.700000e-07	-9.390358e-09	-3.948960e-09	-4.663266e+01	-4.614960e+02
3.800000e-07	-9.319932e-09	-3.949635e-09	-4.628292e+01	-4.578902e+02
3.900000e-07	-9.247948e-09	-3.921427e-09	-4.592545e+01	-4.542021e+02
4.000000e-07	-9.174349e-09	-3.885964e-09	-4.555996e+01	-4.504325e+02
4.100000e-07	-9.098902e-09	-3.828625e-09	-4.518529e+01	-4.465819e+02
4.200000e-07	-9.021596e-09	-3.770685e-09	-4.480139e+01	-4.426512e+02
4.300000e-07	-8.942437e-09	-3.745700e-09	-4.440829e+01	-4.386410e+02
4.400000e-07	-8.861433e-09	-3.730735e-09	-4.400602e+01	-4.345521e+02
4.500000e-07	-8.778862e-09	-3.711054e-09	-4.359597e+01	-4.303851e+02
4.600000e-07	-8.694954e-09	-3.663985e-09	-4.317928e+01	-4.261408e+02
4.700000e-07	-8.609756e-09	-3.618051e-09	-4.275619e+01	-4.218200e+02
4.800000e-07	-8.523231e-09	-3.575153e-09	-4.232651e+01	-4.174234e+02
4.900000e-07	-8.435356e-09	-3.532871e-09	-4.189012e+01	-4.129518e+02
5.000000e-07	-8.346044e-09	-3.494767e-09	-4.144660e+01	-4.084061e+02
5.100000e-07	-8.255138e-09	-3.448127e-09	-4.099516e+01	-4.037871e+02
5.200000e-07	-8.162698e-09	-3.414621e-09	-4.053610e+01	-3.990955e+02
5.300000e-07	-8.068899e-09	-3.384964e-09	-4.007030e+01	-3.943323e+02
5.400000e-07	-7.973807e-09	-3.345051e-09	-3.959806e+01	-3.894982e+02
5.500000e-07	-7.877336e-09	-3.292942e-09	-3.911899e+01	-3.845941e+02
5.600000e-07	-7.779362e-09	-3.234163e-09	-3.863245e+01	-3.796210e+02
5.700000e-07	-7.679875e-09	-3.190129e-09	-3.813840e+01	-3.745797e+02
5.800000e-07	-7.578991e-09	-3.155899e-09	-3.763741e+01	-3.694711e+02
5.900000e-07	-7.476863e-09	-3.120684e-09	-3.713024e+01	-3.642962e+02
6.000000e-07	-7.373510e-09	-3.072480e-09	-3.661699e+01	-3.590558e+02
6.100000e-07	-7.268813e-09	-3.016006e-09	-3.609706e+01	-3.537508e+02
6.200000e-07	-7.162689e-09	-2.965973e-09	-3.557005e+01	-3.483824e+02
6.300000e-07	-7.055173e-09	-2.919799e-09	-3.503612e+01	-3.429513e+02
6.400000e-07	-6.946352e-09	-2.876198e-09	-3.449572e+01	-3.374587e+02
6.500000e-07	-6.836331e-09	-2.827450e-09	-3.394935e+01	-3.319054e+02
6.600000e-07	-6.725137e-09	-2.775271e-09	-3.339716e+01	-3.262924e+02
6.700000e-07	-6.612667e-09	-2.728151e-09	-3.283864e+01	-3.206208e+02
6.800000e-07	-6.498884e-09	-2.681109e-09	-3.227359e+01	-3.148917e+02
6.900000e-07	-6.383801e-09	-2.629433e-09	-3.170209e+01	-3.091059e+02
7.000000e-07	-6.267381e-09	-2.569819e-09	-3.112395e+01	-3.032646e+02
7.100000e-07	-6.149686e-09	-2.513462e-09	-3.053947e+01	-2.973688e+02
7.200000e-07	-6.030866e-09	-2.467338e-09	-2.994941e+01	-2.914195e+02
7.300000e-07	-5.911005e-09	-2.422273e-09	-2.935418e+01	-2.854178e+02
7.400000e-07	-5.790090e-09	-2.371332e-09	-2.875372e+01	-2.793649e+02
7.500000e-07	-5.668123e-09	-2.310700e-09	-2.814803e+01	-2.732617e+02
7.600000e-07	-5.545146e-09	-2.249756e-09	-2.753732e+01	-2.671094e+02
7.700000e-07	-5.421154e-09	-2.196303e-09	-2.692158e+01	-2.609091e+02
7.800000e-07	-5.296175e-09	-2.147678e-09	-2.630093e+01	-2.546619e+02
7.900000e-07	-5.170336e-09	-2.096855e-09	-2.567601e+01	-2.483688e+02
8.000000e-07	-5.043704e-09	-2.041266e-09	-2.504715e+01	-2.420312e+02
8.100000e-07	-4.916218e-09	-1.989077e-09	-2.441406e+01	-2.356499e+02
8.200000e-07	-4.787852e-09	-1.939788e-09	-2.377659e+01	-2.292263e+02
8.300000e-07	-4.658632e-09	-1.887428e-09	-2.313489e+01	-2.227615e+02
8.400000e-07	-4.528620e-09	-1.826307e-09	-2.248924e+01	-2.162566e+02
8.500000e-07	-4.397859e-09	-1.759836e-09	-2.183989e+01	-2.097128e+02
8.600000e-07	-4.266316e-09	-1.700917e-09	-2.118664e+01	-2.031313e+02
8.700000e-07	-4.133963e-09	-1.650532e-09	-2.052938e+01	-1.965132e+02
8.800000e-07	-4.000875e-09	-1.601628e-09	-1.986846e+01	-1.898597e+02
8.900000e-07	-3.867162e-09	-1.545976e-09	-1.920444e+01	-1.831721e+02
9.000000e-07	-3.732879e-09	-1.484797e-09	-1.853758e+01	-1.764514e+02
9.100000e-07	-3.598004e-09	-1.427152e-09	-1.786780e+01	-1.696991e+02
9.200000e-07	-3.462469e-09	-1.372748e-09	-1.719473e+01	-1.629161e+02
9.300000e-07	-3.326249e-09	-1.314577e-09	-1.651826e+01	-1.561038e+02
9.400000e-07	-3.189383e-09	-1.250954e-09	-1.583858e+01	-1.492634e+02
9.500000e-07	-3.051906e-09	-1.188339e-09	-1.515587e+01	-1.423960e+02
9.600000e-07	-2.913851e-09	-1.132090e-09	-1.447029e+01	-1.355031e+02
9.700000e-07	-2.775241e-09	-1.079482e-09	-1.378195e+01	-1.285856e+02
9.800000e-07	-2.636074e-09	-1.022806e-09	-1.309085e+01	-1.216450e+02
9.900000e-07	-2.496335e-09	-9.589559e-10	-1.239690e+01	-1.146824e+02
1.000000e-06	-2.356008e-09	-8.956371e-10	-1.170004e+01	-1.076992e+02
1.010000e-06	-2.215108e-09	-8.392390e-10	-1.100033e+01	-1.006964e+02
1.020000e-06	-2.073681e-09	-7.851076e-10	-1.029800e+01	-9.367554e+01
1.030000e-06	-1.931790e-09	-7.248390e-10	-9.593368e+00	-8.663769e+01
1.040000e-06	-1.789475e-09	-6.583256e-10	-8.886633e+00	-7.958417e+01
1.050000e-06	-1.646780e-09	-5.942219e-10	-8.178004e+00	-7.251624e+01
1.060000e-06	-1.503767e-09	-5.367329e-10	-7.467804e+00	-6.543516e+01
1.070000e-06	-1.360488e-09	-4.812921e-10	-6.756277e+00	-5.834221e+01
1.080000e-06	-1.216954e-09	-4.212953e-10	-6.043487e+00	-5.123866e+01
1.090000e-06	-1.073180e-09	-3.563528e-10	-5.329502e+00	-4.412578e+01
1.100000e-06	-9.292007e-10	-2.950090e-10	-4.614502e+00	-3.700485e+01
1.110000e-06	-7.850639e-10	-2.391795e-10	-3.898717e+00	-2.987714e+01
1.120000e-06	-6.408016e-10	-1.810485e-10	-3.182309e+00	-2.274392e+01
1.130000e-06	-4.964399e-10	-1.167535e-10	-2.465407e+00	-1.560649e+01
1.140000e-06	-3.520119e-10	-4.979724e-11	-1.748176e+00	-8.466113e+00
1.150000e-06	-2.075386e-10	1.255678e-11	-1.030721e+00	-1.324075e+00
1.160000e-06	-6.305022e-11	6.947234e-11	-3.131898e-01	5.818346e+00
1.170000e-06	8.140662e-11	1.264928e-10	4.041844e-01	1.295987e+01
1.180000e-06	2.258045e-10	1.879570e-10	1.121266e+00	2.009921e+01
1.190000e-06	3.701345e-10	2.521066e-10	1.838010e+00	2.723510e+01
1.200000e-06	5.143532e-10	3.124704e-10	2.554201e+00	3.436625e+01
1.210000e-06	6.584127e-10	3.696120e-10	3.269602e+00	4.149139e+01
1.220000e-06	8.022997e-10	4.296117e-10	3.984147e+00	4.860923e+01
1.230000e-06	9.459859e-10	4.944403e-10	4.697694e+00	5.571851e+01
1.240000e-06	1.089462e-09	5.591722e-10	5.410198e+00	6.281794e+01
1.250000e-06	1.232732e-09	6.189688e-10	6.121680e+00	6.990626e+01
1.260000e-06	1.375757e-09	6.761077e-10	6.831940e+00	7.698219e+01
1.270000e-06	1.518502e-09	7.354545e-10	7.540814e+00	8.404447e+01
1.280000e-06	1.660953e-09	7.978706e-10	8.248229e+00	9.109183e+01
1.290000e-06	1.803089e-09	8.604409e-10	8.954078e+00	9.812301e+01
1.300000e-06	1.944868e-09	9.200631e-10	9.658156e+00	1.051367e+02
1.310000e-06	2.086247e-09	9.783450e-10	1.036024e+01	1.121318e+02
1.320000e-06	2.227201e-09	1.039392e-09	1.106022e+01	1.191069e+02
1.330000e-06	2.367689e-09	1.102988e-09	1.175789e+01	1.260607e+02
1.340000e-06	2.507704e-09	1.165476e-09	1.245320e+01	1.329922e+02
1.350000e-06	2.647247e-09	1.223498e-09	1.314618e+01	1.398999e+02
1.360000e-06	2.786313e-09	1.279198e-09	1.383678e+01	1.467827e+02
1.370000e-06	2.924898e-09	1.337003e-09	1.452499e+01	1.536393e+02
1.380000e-06	3.062959e-09	1.397541e-09	1.521060e+01	1.604686e+02
1.390000e-06	3.200465e-09	1.458171e-09	1.589346e+01	1.672692e+02
1.400000e-06	3.337389e-09	1.516560e-09	1.657342e+01	1.740400e+02
1.410000e-06	3.473696e-09	1.574864e-09	1.725033e+01	1.807797e+02
1.420000e-06	3.609357e-09	1.634468e-09	1.792402e+01	1.874872e+02
1.430000e-06	3.744358e-09	1.694130e-09	1.859444e+01	1.941612e+02
1.440000e-06	3.878731e-09	1.751184e-09	1.926174e+01	2.008006e+02
1.450000e-06	4.012476e-09	1.804423e-09	1.992592e+01	2.074041e+02
1.460000e-06	4.145530e-09	1.857434e-09	2.058666e+01	2.139706e+02
1.470000e-06	4.277806e-09	1.912727e-09	2.124355e+01	2.204989e+02
1.480000e-06	4.409273e-09	1.970310e-09	2.189642e+01	2.269878e+02
1.490000e-06	4.539945e-09	2.027185e-09	2.254534e+01	2.334361e+02
1.500000e-06	4.669807e-09	2.081496e-09	2.319023e+01	2.398428e+02
1.510000e-06	4.798815e-09	2.135338e-09	2.383089e+01	2.462066e+02
1.520000e-06	4.926920e-09	2.189873e-09	2.446706e+01	2.525264e+02
1.530000e-06	5.054109e-09	2.244482e-09	2.509869e+01	2.588012e+02
1.540000e-06	5.180430e-09	2.297880e-09	2.572600e+01	2.650296e+02
1.550000e-06	5.305904e-09	2.349643e-09	2.634910e+01	2.712107e+02
1.560000e-06	5.430461e-09	2.401619e-09	2.696765e+01	2.773434e+02
1.570000e-06	5.554021e-09	2.454579e-09	2.758126e+01	2.834265e+02
1.580000e-06	5.676537e-09	2.507620e-09	2.818967e+01	2.894589e+02
1.590000e-06	5.798001e-09	2.558433e-09	2.879287e+01	2.954395e+02
1.600000e-06	5.918390e-09	2.607154e-09	2.939072e+01	3.013674e+02
1.610000e-06	6.037680e-09	2.656980e-09	2.998312e+01	3.072414e+02
1.620000e-06	6.155872e-09	2.707721e-09	3.057006e+01	3.130605e+02
1.630000e-06	6.272918e-09	2.757408e-09	3.115131e+01	3.188236e+02
1.640000e-06	6.388728e-09	2.804645e-09	3.172642e+01	3.245297e+02
1.650000e-06	6.503267e-09	2.850847e-09	3.229523e+01	3.301778e+02
1.660000e-06	6.616547e-09	2.898722e-09	3.285778e+01	3.357668e+02
1.670000e-06	6.728583e-09	2.948069e-09	3.341415e+01	3.412958e+02
1.680000e-06	6.839470e-09	2.997082e-09	3.396482e+01	3.467638e+02
1.690000e-06	6.949294e-09	3.043219e-09	3.451021e+01	3.521697e+02
1.700000e-06	7.058017e-09	3.087238e-09	3.505012e+01	3.575127e+02
1.710000e-06	7.165517e-09	3.132025e-09	3.558397e+01	3.627917e+02
1.720000e-06	7.271718e-09	3.177514e-09	3.611137e+01	3.680059e+02
1.730000e-06	7.376585e-09	3.222505e-09	3.663214e+01	3.731542e+02
1.740000e-06	7.480115e-09	3.265743e-09	3.714627e+01	3.782358e+02
1.750000e-06	7.582365e-09	3.307908e-09	3.765405e+01	3.832498e+02
1.760000e-06	7.683335e-09	3.350198e-09	3.815547e+01	3.881952e+02
1.770000e-06	7.782920e-09	3.391042e-09	3.865001e+01	3.930712e+02
1.780000e-06	7.881033e-09	3.429282e-09	3.913724e+01	3.978768e+02
1.790000e-06	7.977656e-09	3.465969e-09	3.961707e+01	4.026113e+02
1.800000e-06	8.072853e-09	3.503805e-09	4.008982e+01	4.072738e+02
1.810000e-06	8.166736e-09	3.544411e-09	4.055604e+01	4.118634e+02
1.820000e-06	8.259310e-09	3.585057e-09	4.101577e+01	4.163793e+02
1.830000e-06	8.350435e-09	3.621466e-09	4.146830e+01	4.208207e+02
1.840000e-06	8.439981e-09	3.652694e-09	4.191298e+01	4.251869e+02
1.850000e-06	8.527944e-09	3.682876e-09	4.234981e+01	4.294770e+02
1.860000e-06	8.614422e-09	3.715710e-09	4.277926e+01	4.336902e+02
1.870000e-06	8.699518e-09	3.750645e-09	4.320185e+01	4.378259e+02
1.880000e-06	8.783202e-09	3.785147e-09	4.361743e+01	4.418832e+02
1.890000e-06	8.865332e-09	3.817450e-09	4.402529e+01	4.458615e+02
1.900000e-06	8.945786e-09	3.849052e-09	4.442483e+01	4.497600e+02
1.910000e-06	9.024571e-09	3.881169e-09	4.481608e+01	4.535780e+02
1.920000e-06	9.101716e-09	3.911408e-09	4.519918e+01	4.573149e+02
1.930000e-06	9.177109e-09	3.937904e-09	4.557358e+01	4.609699e+02
1.940000e-06	9.250669e-09	3.962296e-09	4.593888e+01	4.645425e+02
1.950000e-06	9.322473e-09	3.988424e-09	4.629546e+01	4.680319e+02
1.960000e-06	9.392647e-09	4.017594e-09	4.664395e+01	4.714376e+02
1.970000e-06	9.461246e-09	4.045999e-09	4.698461e+01	4.747589e+02
1.980000e-06	9.528144e-09	4.069949e-09	4.731683e+01	4.779953e+02
1.990000e-06	9.593247e-09	4.090336e-09	4.764013e+01	4.811462e+02
2.000000e-06	9.656667e-09	4.111139e-09	4.795508e+01	4.842109e+02
2.010000e-06	9.718540e-09	4.134032e-09	4.826234e+01	4.871890e+02
2.020000e-06	9.778872e-09	4.156977e-09	4.856195e+01	4.900799e+02
2.030000e-06	9.837470e-09	4.178189e-09	4.885295e+01	4.928832e+02
2.040000e-06	9.894229e-09	4.198000e-09	4.913482e+01	4.955982e+02
2.050000e-06	9.949222e-09	4.217657e-09	4.940792e+01	4.982245e+02
2.060000e-06	1.000239e-08	4.237549e-09	4.967193e+01	5.007617e+02
2.070000e-06	1.005352e-08	4.256835e-09	4.992584e+01	5.032093e+02
2.080000e-06	1.010258e-08	4.274857e-09	5.016952e+01	5.055668e+02
2.090000e-06	1.014983e-08	4.292008e-09	5.040414e+01	5.078338e+02
2.100000e-06	1.019546e-08	4.308984e-09	5.063073e+01	5.100100e+02
2.110000e-06	1.023943e-08	4.325869e-09	5.084911e+01	5.120948e+02
2.120000e-06	1.028151e-08	4.341799e-09	5.105806e+01	5.140881e+02
2.130000e-06	1.032168e-08	4.355488e-09	5.125756e+01	5.159893e+02
2.140000e-06	1.036014e-08	4.367868e-09	5.144855e+01	5.177982e+02
2.150000e-06	1.039694e-08	4.380458e-09	5.163132e+01	5.195144e+02
2.160000e-06	1.043192e-08	4.393073e-09	5.180500e+01	5.211377e+02
2.170000e-06	1.046491e-08	4.404776e-09	5.196886e+01	5.226677e+02
2.180000e-06	1.049609e-08	4.414601e-09	5.212370e+01	5.241041e+02
2.190000e-06	1.052560e-08	4.424040e-09	5.227025e+01	5.254467e+02
2.200000e-06	1.055333e-08	4.434271e-09	5.240796e+01	5.266953e+02
2.210000e-06	1.057902e-08	4.444272e-09	5.253551e+01	5.278497e+02
2.220000e-06	1.060267e-08	4.453155e-09	5.265298e+01	5.289096e+02
2.230000e-06	1.062454e-08	4.460811e-09	5.276159e+01	5.298748e+02
2.240000e-06	1.064475e-08	4.466492e-09	5.286192e+01	5.307451e+02
2.250000e-06	1.066314e-08	4.470496e-09	5.295325e+01	5.315205e+02
2.260000e-06	1.067950e-08	4.474229e-09	5.303453e+01	5.322008e+02
2.270000e-06	1.069384e-08	4.478626e-09	5.310572e+01	5.327858e+02
2.280000e-06	1.070611e-08	4.484389e-09	5.316666e+01	5.332755e+02
2.290000e-06	1.071620e-08	4.490557e-09	5.321675e+01	5.336697e+02
2.300000e-06	1.072425e-08	4.495920e-09	5.325675e+01	5.339684e+02
2.310000e-06	1.073049e-08	4.499401e-09	5.328774e+01	5.341715e+02
2.320000e-06	1.073497e-08	4.499881e-09	5.330999e+01	5.342791e+02
2.330000e-06	1.073750e-08	4.497764e-09	5.332255e+01	5.342910e+02
2.340000e-06	1.073802e-08	4.495974e-09	5.332515e+01	5.342073e+02
2.350000e-06	1.073678e-08	4.494313e-09	5.331898e+01	5.340279e+02
2.360000e-06	1.073390e-08	4.492584e-09	5.330468e+01	5.337530e+02
2.370000e-06	1.072926e-08	4.493792e-09	5.328161e+01	5.333826e+02
2.380000e-06	1.072267e-08	4.493353e-09	5.324890e+01	5.329167e+02
2.390000e-06	1.071429e-08	4.489835e-09	5.320730e+01	5.323554e+02
2.400000e-06	1.070426e-08	4.488194e-09	5.315747e+01	5.316989e+02
2.410000e-06	1.069238e-08	4.497908e-09	5.309851e+01	5.309472e+02
2.420000e-06	1.067849e-08	4.497354e-09	5.302951e+01	5.301005e+02
2.430000e-06	1.066271e-08	4.435652e-09	5.295113e+01	5.291588e+02
2.440000e-06	1.064479e-08	4.407729e-09	5.286218e+01	5.281225e+02
2.450000e-06	1.062417e-08	4.406493e-09	5.275978e+01	5.269917e+02
2.460000e-06	1.060108e-08	4.442876e-09	5.264507e+01	5.257666e+02
2.470000e-06	1.057643e-08	4.509254e-09	5.252270e+01	5.244473e+02
2.480000e-06	1.055093e-08	4.401632e-09	5.239607e+01	5.230342e+02
2.490000e-06	1.052411e-08	4.404835e-09	5.226288e+01	5.215275e+02
2.500000e-06	1.049505e-08	4.467624e-09	5.211855e+01	5.199274e+02
2.510000e-06	1.046417e-08	4.319327e-09	5.196521e+01	5.182343e+02
2.520000e-06	1.043182e-08	4.383580e-09	5.180454e+01	5.164485e+02
2.530000e-06	1.039751e-08	4.467753e-09	5.163417e+01	5.145702e+02
2.540000e-06	1.036155e-08	4.315387e-09	5.145560e+01	5.125998e+02
2.550000e-06	1.032382e-08	4.375871e-09	5.126823e+01	5.105377e+02
2.560000e-06	1.028396e-08	4.388144e-09	5.107028e+01	5.083842e+02
2.570000e-06	1.024247e-08	4.276778e-09	5.086423e+01	5.061398e+02
2.580000e-06	1.019931e-08	4.324990e-09	5.064989e+01	5.038047e+02
2.590000e-06	1.015427e-08	4.236698e-09	5.042625e+01	5.013795e+02
2.600000e-06	1.010740e-08	4.217039e-09	5.019348e+01	4.988646e+02
2.610000e-06	1.005850e-08	4.287670e-09	4.995064e+01	4.962604e+02
2.620000e-06	1.000770e-08	4.227059e-09	4.969839e+01	4.935674e+02
2.630000e-06	9.954857e-09	4.233196e-09	4.943596e+01	4.907861e+02
2.640000e-06	9.899853e-09	4.157884e-09	4.916281e+01	4.879169e+02
2.650000e-06	9.843113e-09	4.097978e-09	4.888104e+01	4.849604e+02
2.660000e-06	9.784665e-09	4.116919e-09	4.859079e+01	4.819171e+02
2.670000e-06	9.724421e-09	4.080237e-09	4.829162e+01	4.787876e+02
2.680000e-06	9.662233e-09	4.102814e-09	4.798279e+01	4.755725e+02
2.690000e-06	9.598155e-09	4.043388e-09	4.766458e+01	4.722722e+02
2.700000e-06	9.532472e-09	4.016265e-09	4.733840e+01	4.688874e+02
2.710000e-06	9.465075e-09	4.009288e-09	4.700371e+01	4.654187e+02
2.720000e-06	9.395979e-09	3.921706e-09	4.666058e+01	4.618667e+02
2.730000e-06	9.325096e-09	3.919001e-09	4.630857e+01	4.582321e+02
2.740000e-06	9.252417e-09	3.864525e-09	4.594765e+01	4.545154e+02
2.750000e-06	9.178133e-09	3.854932e-09	4.557875e+01	4.507175e+02
2.760000e-06	9.101998e-09	3.863165e-09	4.520067e+01	4.468389e+02
2.770000e-06	9.024030e-09	3.799372e-09	4.481348e+01	4.428804e+02
2.780000e-06	8.944412e-09	3.770492e-09	4.441810e+01	4.388426e+02
2.790000e-06	8.863265e-09	3.699068e-09	4.401512e+01	4.347263e+02
2.800000e-06	8.780747e-09	3.674199e-09	4.360534e+01	4.305322e+02
2.810000e-06	8.696708e-09	3.654808e-09	4.318800e+01	4.262610e+02
2.820000e-06	8.611088e-09	3.618801e-09	4.276281e+01	4.219137e+02
2.830000e-06	8.523859e-09	3.594556e-09	4.232963e+01	4.174908e+02
2.840000e-06	8.435112e-09	3.534476e-09	4.188891e+01	4.129932e+02
2.850000e-06	8.345029e-09	3.505307e-09	4.144156e+01	4.084218e+02
2.860000e-06	8.253587e-09	3.455971e-09	4.098746e+01	4.037773e+02
2.870000e-06	8.160753e-09	3.407908e-09	4.052644e+01	3.990605e+02
2.880000e-06	8.066384e-09	3.372350e-09	4.005781e+01	3.942724e+02
2.890000e-06	7.970505e-09	3.331529e-09	3.958167e+01	3.894137e+02
2.900000e-06	7.873296e-09	3.311150e-09	3.909893e+01	3.844854e+02
2.910000e-06	7.774800e-09	3.267918e-09	3.860980e+01	3.794883e+02
2.920000e-06	7.674983e-09	3.214976e-09	3.811411e+01	3.744233e+02
2.930000e-06	7.573765e-09	3.157637e-09	3.761146e+01	3.692913e+02
2.940000e-06	7.471085e-09	3.104521e-09	3.710155e+01	3.640933e+02
2.950000e-06	7.366961e-09	3.072133e-09	3.658447e+01	3.588302e+02
2.960000e-06	7.261591e-09	3.035259e-09	3.606120e+01	3.535029e+02
2.970000e-06	7.155049e-09	2.995592e-09	3.553211e+01	3.481123e+02
2.980000e-06	7.047278e-09	2.949238e-09	3.499692e+01	3.426595e+02
2.990000e-06	6.938297e-09	2.899399e-09	3.445572e+01	3.371455e+02
3.000000e-06	6.827988e-09	2.854098e-09	3.390793e+01	3.315711e+02
3.010000e-06	6.716295e-09	2.796732e-09	3.335326e+01	3.259374e+02
3.020000e-06	6.603296e-09	2.744097e-09	3.279210e+01	3.202455e+02
3.030000e-06	6.488982e-09	2.695820e-09	3.222442e+01	3.144963e+02
3.040000e-06	6.373323e-09	2.654631e-09	3.165006e+01	3.086908e+02
3.050000e-06	6.256357e-09	2.614574e-09	3.106921e+01	3.028302e+02
3.060000e-06	6.138166e-09	2.559034e-09	3.048227e+01	2.969154e+02
3.070000e-06	6.018745e-09	2.501728e-09	2.988923e+01	2.909476e+02
3.080000e-06	5.898213e-09	2.442951e-09	2.929066e+01	2.849277e+02
3.090000e-06	5.776732e-09	2.396432e-09	2.868739e+01	2.788569e+02
3.100000e-06	5.654297e-09	2.352648e-09	2.807937e+01	2.727363e+02
3.110000e-06	5.530902e-09	2.301608e-09	2.746659e+01	2.665669e+02
3.120000e-06	5.406524e-09	2.246845e-09	2.684893e+01	2.603498e+02
3.130000e-06	5.281196e-09	2.190329e-09	2.622655e+01	2.540863e+02
3.140000e-06	5.154940e-09	2.139264e-09	2.559956e+01	2.477773e+02
3.150000e-06	5.027748e-09	2.085699e-09	2.496793e+01	2.414240e+02
3.160000e-06	4.899651e-09	2.031448e-09	2.433180e+01	2.350277e+02
3.170000e-06	4.770750e-09	1.977762e-09	2.369167e+01	2.285893e+02
3.180000e-06	4.641156e-09	1.925248e-09	2.304811e+01	2.221101e+02
3.190000e-06	4.510838e-09	1.873207e-09	2.240095e+01	2.155912e+02
3.200000e-06	4.379744e-09	1.815797e-09	2.174993e+01	2.090338e+02
3.210000e-06	4.247873e-09	1.756276e-09	2.109506e+01	2.024391e+02
3.220000e-06	4.115261e-09	1.696756e-09	2.043651e+01	1.958082e+02
3.230000e-06	3.981975e-09	1.641386e-09	1.977461e+01	1.891424e+02
3.240000e-06	3.848047e-09	1.589481e-09	1.910952e+01	1.824428e+02
3.250000e-06	3.713466e-09	1.533273e-09	1.844119e+01	1.757106e+02
3.260000e-06	3.578177e-09	1.474779e-09	1.776934e+01	1.689471e+02
3.270000e-06	3.442176e-09	1.416143e-09	1.709396e+01	1.621534e+02
3.280000e-06	3.305562e-09	1.359985e-09	1.641554e+01	1.553308e+02
3.290000e-06	3.168409e-09	1.304665e-09	1.573443e+01	1.484805e+02
3.300000e-06	3.030720e-09	1.245930e-09	1.505067e+01	1.416038e+02
3.310000e-06	2.892470e-09	1.185581e-09	1.436412e+01	1.347017e+02
3.320000e-06	2.753618e-09	1.126343e-09	1.367458e+01	1.277757e+02
3.330000e-06	2.614197e-09	1.070442e-09	1.298221e+01	1.208269e+02
3.340000e-06	2.474255e-09	1.014234e-09	1.228726e+01	1.138566e+02
3.350000e-06	2.333821e-09	9.562399e-10	1.158986e+01	1.068660e+02
3.360000e-06	2.192908e-09	8.978496e-10	1.089009e+01	9.985637e+01
3.370000e-06	2.051529e-09	8.397985e-10	1.018800e+01	9.282900e+01
3.380000e-06	1.909730e-09	7.824276e-10	9.483823e+00	8.578512e+01
3.390000e-06	1.767564e-09	7.220700e-10	8.777824e+00	7.872600e+01
3.400000e-06	1.625056e-09	6.597730e-10	8.070127e+00	7.165290e+01
3.410000e-06	1.482223e-09	5.990705e-10	7.360820e+00	6.456709e+01
3.420000e-06	1.339088e-09	5.399506e-10	6.650012e+00	5.746985e+01
3.430000e-06	1.195693e-09	4.807128e-10	5.937909e+00	5.036244e+01
3.440000e-06	1.052086e-09	4.190801e-10	5.224754e+00	4.324614e+01
3.450000e-06	9.082868e-10	3.565317e-10	4.510646e+00	3.612222e+01
3.460000e-06	7.643318e-10	2.949592e-10	3.795764e+00	2.899196e+01
3.470000e-06	6.202529e-10	2.339689e-10	3.080266e+00	2.185663e+01
3.480000e-06	4.760819e-10	1.731250e-10	2.364310e+00	1.471753e+01
3.490000e-06	3.318733e-10	1.125399e-10	1.648168e+00	7.575919e+00
3.500000e-06	1.876392e-10	5.258778e-11	9.318990e-01	4.330856e-01
3.510000e-06	4.338770e-11	-6.987650e-12	2.155437e-01	-6.709691e+00
3.520000e-06	-1.008342e-10	-6.618402e-11	-5.006644e-01	-1.385113e+01
3.530000e-06	-2.449937e-10	-1.261936e-10	-1.216563e+00	-2.098996e+01
3.540000e-06	-3.890696e-10	-1.879534e-10	-1.932046e+00	-2.812488e+01
3.550000e-06	-5.330311e-10	-2.505608e-10	-2.646961e+00	-3.525464e+01
3.560000e-06	-6.768428e-10	-3.122127e-10	-3.361132e+00	-4.237794e+01
3.570000e-06	-8.204693e-10	-3.716877e-10	-4.074383e+00	-4.949351e+01
3.580000e-06	-9.638875e-10	-4.298199e-10	-4.786599e+00	-5.660007e+01
3.590000e-06	-1.107080e-09	-4.882176e-10	-5.497696e+00	-6.369636e+01
3.600000e-06	-1.250030e-09	-5.485848e-10	-6.207588e+00	-7.078110e+01
3.610000e-06	-1.392717e-09	-6.106969e-10	-6.916170e+00	-7.785302e+01
3.620000e-06	-1.535117e-09	-6.719901e-10	-7.623331e+00	-8.491085e+01
3.630000e-06	-1.677220e-09	-7.313760e-10	-8.329018e+00	-9.195333e+01
3.640000e-06	-1.819006e-09	-7.895778e-10	-9.033128e+00	-9.897919e+01
3.650000e-06	-1.960444e-09	-8.471703e-10	-9.735510e+00	-1.059872e+02
3.660000e-06	-2.101504e-09	-9.051677e-10	-1.043601e+01	-1.129760e+02
3.670000e-06	-2.242168e-09	-9.641264e-10	-1.113456e+01	-1.199445e+02
3.680000e-06	-2.382421e-09	-1.023981e-09	-1.183105e+01	-1.268914e+02
3.690000e-06	-2.522248e-09	-1.084252e-09	-1.252543e+01	-1.338153e+02
3.700000e-06	-2.661626e-09	-1.145061e-09	-1.321758e+01	-1.407152e+02
3.710000e-06	-2.800494e-09	-1.204626e-09	-1.390721e+01	-1.475897e+02
3.720000e-06	-2.938821e-09	-1.261657e-09	-1.459414e+01	-1.544376e+02
3.730000e-06	-3.076626e-09	-1.317619e-09	-1.527848e+01	-1.612577e+02
3.740000e-06	-3.213928e-09	-1.374927e-09	-1.596032e+01	-1.680487e+02
3.750000e-06	-3.350712e-09	-1.434308e-09	-1.663960e+01	-1.748095e+02
3.760000e-06	-3.486914e-09	-1.493800e-09	-1.731597e+01	-1.815389e+02
3.770000e-06	-3.622468e-09	-1.552126e-09	-1.798914e+01	-1.882356e+02
3.780000e-06	-3.757343e-09	-1.609280e-09	-1.865893e+01	-1.948984e+02
3.790000e-06	-3.891529e-09	-1.666228e-09	-1.932530e+01	-2.015261e+02
3.800000e-06	-4.025031e-09	-1.724163e-09	-1.998827e+01	-2.081176e+02
3.810000e-06	-4.157824e-09	-1.781358e-09	-2.064772e+01	-2.146716e+02
3.820000e-06	-4.289865e-09	-1.836393e-09	-2.130344e+01	-2.211871e+02
3.830000e-06	-4.421098e-09	-1.890470e-09	-2.195515e+01	-2.276627e+02
3.840000e-06	-4.551505e-09	-1.943742e-09	-2.260275e+01	-2.340974e+02
3.850000e-06	-4.681134e-09	-1.997171e-09	-2.324649e+01	-2.404901e+02
3.860000e-06	-4.810009e-09	-2.052342e-09	-2.388649e+01	-2.468395e+02
3.870000e-06	-4.938081e-09	-2.108682e-09	-2.452249e+01	-2.531445e+02
3.880000e-06	-5.065261e-09	-2.164566e-09	-2.515407e+01	-2.594040e+02
3.890000e-06	-5.191498e-09	-2.219581e-09	-2.578097e+01	-2.656169e+02
3.900000e-06	-5.316772e-09	-2.273295e-09	-2.640308e+01	-2.717820e+02
3.910000e-06	-5.441044e-09	-2.324597e-09	-2.702022e+01	-2.778983e+02
3.920000e-06	-5.564253e-09	-2.374636e-09	-2.763208e+01	-2.839647e+02
3.930000e-06	-5.686401e-09	-2.424304e-09	-2.823866e+01	-2.899800e+02
3.940000e-06	-5.807545e-09	-2.474791e-09	-2.884027e+01	-2.959433e+02
3.950000e-06	-5.927664e-09	-2.526836e-09	-2.943678e+01	-3.018533e+02
3.960000e-06	-6.046657e-09	-2.579575e-09	-3.002770e+01	-3.077091e+02
3.970000e-06	-6.164467e-09	-2.631832e-09	-3.061275e+01	-3.135097e+02
3.980000e-06	-6.281077e-09	-2.683116e-09	-3.119183e+01	-3.192539e+02
3.990000e-06	-6.396426e-09	-2.734066e-09	-3.176466e+01	-3.249407e+02
4.000000e-06	-6.510428e-09	-2.784504e-09	-3.233079e+01	-3.305692e+02
4.010000e-06	-6.623058e-09	-2.835516e-09	-3.289012e+01	-3.361383e+02
4.020000e-06	-6.734395e-09	-2.887129e-09	-3.344302e+01	-3.416470e+02
4.030000e-06	-6.844489e-09	-2.937598e-09	-3.398975e+01	-3.470944e+02
4.040000e-06	-6.953393e-09	-2.986288e-09	-3.453057e+01	-3.524794e+02
4.050000e-06	-7.061208e-09	-3.034061e-09	-3.506598e+01	-3.578011e+02
4.060000e-06	-7.167940e-09	-3.082733e-09	-3.559601e+01	-3.630585e+02
4.070000e-06	-7.273545e-09	-3.132728e-09	-3.612045e+01	-3.682508e+02
4.080000e-06	-7.377961e-09	-3.182809e-09	-3.663898e+01	-3.733769e+02
4.090000e-06	-7.481032e-09	-3.231472e-09	-3.715083e+01	-3.784359e+02
4.100000e-06	-7.582678e-09	-3.278005e-09	-3.765561e+01	-3.834270e+02
4.110000e-06	-7.682939e-09	-3.322724e-09	-3.815350e+01	-3.883492e+02
4.120000e-06	-7.781857e-09	-3.365896e-09	-3.864473e+01	-3.932017e+02
4.130000e-06	-7.879480e-09	-3.408913e-09	-3.912953e+01	-3.979836e+02
4.140000e-06	-7.975818e-09	-3.452640e-09	-3.960795e+01	-4.026940e+02
4.150000e-06	-8.070783e-09	-3.497611e-09	-4.007955e+01	-4.073322e+02
4.160000e-06	-8.164285e-09	-3.543190e-09	-4.054388e+01	-4.118971e+02
4.170000e-06	-8.256318e-09	-3.587257e-09	-4.100091e+01	-4.163882e+02
4.180000e-06	-8.346880e-09	-3.628747e-09	-4.145065e+01	-4.208044e+02
4.190000e-06	-8.435992e-09	-3.668079e-09	-4.189318e+01	-4.251451e+02
4.200000e-06	-8.523625e-09	-3.707010e-09	-4.232837e+01	-4.294095e+02
4.210000e-06	-8.609682e-09	-3.747036e-09	-4.275573e+01	-4.335968e+02
4.220000e-06	-8.694148e-09	-3.788185e-09	-4.317519e+01	-4.377062e+02
4.230000e-06	-8.777093e-09	-3.828237e-09	-4.358710e+01	-4.417370e+02
4.240000e-06	-8.858573e-09	-3.864420e-09	-4.399173e+01	-4.456886e+02
4.250000e-06	-8.938546e-09	-3.897535e-09	-4.438888e+01	-4.495601e+02
4.260000e-06	-9.016822e-09	-3.930645e-09	-4.477759e+01	-4.533509e+02
4.270000e-06	-9.093264e-09	-3.965179e-09	-4.515721e+01	-4.570603e+02
4.280000e-06	-9.167926e-09	-4.000472e-09	-4.552798e+01	-4.606877e+02
4.290000e-06	-9.240926e-09	-4.035199e-09	-4.589050e+01	-4.642324e+02
4.300000e-06	-9.312284e-09	-4.067671e-09	-4.624487e+01	-4.676937e+02
4.310000e-06	-9.381892e-09	-4.097702e-09	-4.659054e+01	-4.710711e+02
4.320000e-06	-9.449731e-09	-4.126091e-09	-4.692743e+01	-4.743639e+02
4.330000e-06	-9.515929e-09	-4.153328e-09	-4.725617e+01	-4.775716e+02
4.340000e-06	-9.580566e-09	-4.179967e-09	-4.757716e+01	-4.806935e+02
4.350000e-06	-9.643571e-09	-4.207063e-09	-4.789005e+01	-4.837292e+02
4.360000e-06	-9.704772e-09	-4.234382e-09	-4.819397e+01	-4.866780e+02
4.370000e-06	-9.764164e-09	-4.261714e-09	-4.848892e+01	-4.895394e+02
4.380000e-06	-9.821917e-09	-4.287834e-09	-4.877572e+01	-4.923130e+02
4.390000e-06	-9.878102e-09	-4.311445e-09	-4.905474e+01	-4.949982e+02
4.400000e-06	-9.932521e-09	-4.333564e-09	-4.932498e+01	-4.975946e+02
4.410000e-06	-9.984912e-09	-4.354369e-09	-4.958516e+01	-5.001017e+02
4.420000e-06	-1.003524e-08	-4.374204e-09	-4.983507e+01	-5.025189e+02
4.430000e-06	-1.008347e-08	-4.392828e-09	-5.007461e+01	-5.048460e+02
4.440000e-06	-1.012976e-08	-4.410700e-09	-5.030448e+01	-5.070825e+02
4.450000e-06	-1.017443e-08	-4.429090e-09	-5.052628e+01	-5.092279e+02
4.460000e-06	-1.021759e-08	-4.448402e-09	-5.074062e+01	-5.112820e+02
4.470000e-06	-1.025919e-08	-4.467474e-09	-5.094723e+01	-5.132443e+02
4.480000e-06	-1.029917e-08	-4.483632e-09	-5.114576e+01	-5.151144e+02
4.490000e-06	-1.033733e-08	-4.496421e-09	-5.133528e+01	-5.168921e+02
4.500000e-06	-1.037355e-08	-4.507405e-09	-5.151515e+01	-5.185770e+02
4.510000e-06	-1.040794e-08	-4.518301e-09	-5.168595e+01	-5.201689e+02
4.520000e-06	-1.044061e-08	-4.530359e-09	-5.184815e+01	-5.216674e+02
4.530000e-06	-1.047143e-08	-4.542027e-09	-5.200123e+01	-5.230722e+02
4.540000e-06	-1.050027e-08	-4.551772e-09	-5.214443e+01	-5.243832e+02
4.550000e-06	-1.052723e-08	-4.560198e-09	-5.227834e+01	-5.256001e+02
4.560000e-06	-1.055242e-08	-4.568993e-09	-5.240344e+01	-5.267226e+02
4.570000e-06	-1.057577e-08	-4.577875e-09	-5.251936e+01	-5.277506e+02
4.580000e-06	-1.059713e-08	-4.584321e-09	-5.262546e+01	-5.286838e+02
4.590000e-06	-1.061658e-08	-4.588285e-09	-5.272203e+01	-5.295222e+02
4.600000e-06	-1.063426e-08	-4.591262e-09	-5.280983e+01	-5.302656e+02
4.610000e-06	-1.065013e-08	-4.595054e-09	-5.288865e+01	-5.309137e+02
4.620000e-06	-1.066391e-08	-4.599660e-09	-5.295710e+01	-5.314666e+02
4.630000e-06	-1.067549e-08	-4.602728e-09	-5.301457e+01	-5.319241e+02
4.640000e-06	-1.068510e-08	-4.604279e-09	-5.306234e+01	-5.322861e+02
4.650000e-06	-1.069291e-08	-4.605504e-09	-5.310111e+01	-5.325526e+02
4.660000e-06	-1.069876e-08	-4.606719e-09	-5.313015e+01	-5.327235e+02
4.670000e-06	-1.070264e-08	-4.606972e-09	-5.314941e+01	-5.327988e+02
4.680000e-06	-1.070474e-08	-4.603763e-09	-5.315986e+01	-5.327785e+02
4.690000e-06	-1.070511e-08	-4.598471e-09	-5.316171e+01	-5.326626e+02
