# Temperatura_=_20.0
# Concentracion g/m^3_=_10000.0
# C_Vs_to_Am_M_A/Vsm_=_116720831517.84952
# pendiente_HvsI_1/m_=_3716.3
# ordenada_HvsI_A/m_=_1297.0
# frecuencia_Hz_=_115336.56377248127
# Promedio de 28 ciclos

Tiempo_(s)	Campo_(V.s)	Magnetizacion_(V.s)	Campo_(kA/m)	Magnetizacion_(A/m)
0.000000e+00	-1.224198e-08	-5.338246e-09	-5.691846e+01	-6.188799e+02
1.000000e-08	-1.224191e-08	-5.334758e-09	-5.691812e+01	-6.187302e+02
2.000000e-08	-1.224156e-08	-5.335151e-09	-5.691651e+01	-6.185480e+02
3.000000e-08	-1.224071e-08	-5.339470e-09	-5.691253e+01	-6.183333e+02
4.000000e-08	-1.223913e-08	-5.342207e-09	-5.690519e+01	-6.180861e+02
5.000000e-08	-1.223672e-08	-5.342532e-09	-5.689402e+01	-6.178064e+02
6.000000e-08	-1.223346e-08	-5.341677e-09	-5.687886e+01	-6.174942e+02
7.000000e-08	-1.222954e-08	-5.329036e-09	-5.686060e+01	-6.171496e+02
8.000000e-08	-1.222520e-08	-5.304372e-09	-5.684044e+01	-6.167726e+02
9.000000e-08	-1.222039e-08	-5.297338e-09	-5.681807e+01	-6.163631e+02
1.000000e-07	-1.221485e-08	-5.357095e-09	-5.679233e+01	-6.159212e+02
1.100000e-07	-1.220836e-08	-5.418518e-09	-5.676215e+01	-6.154470e+02
1.200000e-07	-1.220089e-08	-5.386471e-09	-5.672742e+01	-6.149404e+02
1.300000e-07	-1.219276e-08	-5.266954e-09	-5.668962e+01	-6.144015e+02
1.400000e-07	-1.218435e-08	-5.198955e-09	-5.665053e+01	-6.138303e+02
1.500000e-07	-1.217571e-08	-5.347797e-09	-5.661035e+01	-6.132268e+02
1.600000e-07	-1.216634e-08	-5.377768e-09	-5.656678e+01	-6.125911e+02
1.700000e-07	-1.215581e-08	-5.157676e-09	-5.651784e+01	-6.119232e+02
1.800000e-07	-1.214448e-08	-5.265297e-09	-5.646513e+01	-6.112232e+02
1.900000e-07	-1.213259e-08	-5.503531e-09	-5.640989e+01	-6.104910e+02
2.000000e-07	-1.212001e-08	-5.272379e-09	-5.635137e+01	-6.097267e+02
2.100000e-07	-1.210686e-08	-5.125546e-09	-5.629022e+01	-6.089304e+02
2.200000e-07	-1.209327e-08	-5.365358e-09	-5.622705e+01	-6.081021e+02
2.300000e-07	-1.207885e-08	-5.291696e-09	-5.616003e+01	-6.072418e+02
2.400000e-07	-1.206344e-08	-5.067039e-09	-5.608837e+01	-6.063496e+02
2.500000e-07	-1.204733e-08	-5.263800e-09	-5.601346e+01	-6.054255e+02
2.600000e-07	-1.203054e-08	-5.375098e-09	-5.593539e+01	-6.044697e+02
2.700000e-07	-1.201301e-08	-5.138229e-09	-5.585391e+01	-6.034820e+02
2.800000e-07	-1.199491e-08	-5.121200e-09	-5.576975e+01	-6.024626e+02
2.900000e-07	-1.197618e-08	-5.231978e-09	-5.568266e+01	-6.014116e+02
3.000000e-07	-1.195674e-08	-5.089261e-09	-5.559229e+01	-6.003289e+02
3.100000e-07	-1.193678e-08	-5.080152e-09	-5.549946e+01	-5.992147e+02
3.200000e-07	-1.191641e-08	-5.248044e-09	-5.540474e+01	-5.980690e+02
3.300000e-07	-1.189550e-08	-5.144592e-09	-5.530753e+01	-5.968919e+02
3.400000e-07	-1.187409e-08	-5.059806e-09	-5.520801e+01	-5.956834e+02
3.500000e-07	-1.185229e-08	-5.176811e-09	-5.510662e+01	-5.944436e+02
3.600000e-07	-1.182984e-08	-5.129430e-09	-5.500228e+01	-5.931725e+02
3.700000e-07	-1.180674e-08	-5.050001e-09	-5.489487e+01	-5.918703e+02
3.800000e-07	-1.178310e-08	-5.093766e-09	-5.478496e+01	-5.905369e+02
3.900000e-07	-1.175895e-08	-5.070195e-09	-5.467268e+01	-5.891725e+02
4.000000e-07	-1.173429e-08	-5.070175e-09	-5.455803e+01	-5.877772e+02
4.100000e-07	-1.170899e-08	-5.115240e-09	-5.444038e+01	-5.863509e+02
4.200000e-07	-1.168276e-08	-5.018741e-09	-5.431842e+01	-5.848938e+02
4.300000e-07	-1.165554e-08	-4.949417e-09	-5.419189e+01	-5.834060e+02
4.400000e-07	-1.162763e-08	-5.003436e-09	-5.406211e+01	-5.818875e+02
4.500000e-07	-1.159926e-08	-4.993780e-09	-5.393019e+01	-5.803385e+02
4.600000e-07	-1.157044e-08	-4.984093e-09	-5.379621e+01	-5.787589e+02
4.700000e-07	-1.154108e-08	-4.993914e-09	-5.365972e+01	-5.771489e+02
4.800000e-07	-1.151118e-08	-4.940014e-09	-5.352068e+01	-5.755086e+02
4.900000e-07	-1.148075e-08	-4.928883e-09	-5.337918e+01	-5.738380e+02
5.000000e-07	-1.144976e-08	-4.954725e-09	-5.323512e+01	-5.721373e+02
5.100000e-07	-1.141822e-08	-4.903372e-09	-5.308848e+01	-5.704065e+02
5.200000e-07	-1.138619e-08	-4.853869e-09	-5.293953e+01	-5.686457e+02
5.300000e-07	-1.135370e-08	-4.867913e-09	-5.278847e+01	-5.668550e+02
5.400000e-07	-1.132059e-08	-4.870807e-09	-5.263455e+01	-5.650345e+02
5.500000e-07	-1.128666e-08	-4.863602e-09	-5.247678e+01	-5.631844e+02
5.600000e-07	-1.125187e-08	-4.843442e-09	-5.231505e+01	-5.613046e+02
5.700000e-07	-1.121635e-08	-4.796502e-09	-5.214989e+01	-5.593953e+02
5.800000e-07	-1.118025e-08	-4.775995e-09	-5.198204e+01	-5.574566e+02
5.900000e-07	-1.114365e-08	-4.787960e-09	-5.181190e+01	-5.554886e+02
6.000000e-07	-1.110655e-08	-4.775139e-09	-5.163939e+01	-5.534914e+02
6.100000e-07	-1.106893e-08	-4.739938e-09	-5.146446e+01	-5.514651e+02
6.200000e-07	-1.103079e-08	-4.715692e-09	-5.128717e+01	-5.494099e+02
6.300000e-07	-1.099213e-08	-4.693355e-09	-5.110741e+01	-5.473257e+02
6.400000e-07	-1.095289e-08	-4.681319e-09	-5.092496e+01	-5.452128e+02
6.500000e-07	-1.091311e-08	-4.669286e-09	-5.074001e+01	-5.430712e+02
6.600000e-07	-1.087285e-08	-4.636446e-09	-5.055284e+01	-5.409011e+02
6.700000e-07	-1.083208e-08	-4.608958e-09	-5.036324e+01	-5.387025e+02
6.800000e-07	-1.079065e-08	-4.605743e-09	-5.017066e+01	-5.364756e+02
6.900000e-07	-1.074849e-08	-4.603360e-09	-4.997461e+01	-5.342206e+02
7.000000e-07	-1.070557e-08	-4.577797e-09	-4.977508e+01	-5.319374e+02
7.100000e-07	-1.066201e-08	-4.536099e-09	-4.957252e+01	-5.296263e+02
7.200000e-07	-1.061791e-08	-4.498104e-09	-4.936749e+01	-5.272873e+02
7.300000e-07	-1.057331e-08	-4.484388e-09	-4.916014e+01	-5.249206e+02
7.400000e-07	-1.052823e-08	-4.481800e-09	-4.895054e+01	-5.225263e+02
7.500000e-07	-1.048270e-08	-4.461894e-09	-4.873887e+01	-5.201046e+02
7.600000e-07	-1.043670e-08	-4.428734e-09	-4.852496e+01	-5.176555e+02
7.700000e-07	-1.039015e-08	-4.401283e-09	-4.830856e+01	-5.151792e+02
7.800000e-07	-1.034307e-08	-4.387784e-09	-4.808965e+01	-5.126758e+02
7.900000e-07	-1.029547e-08	-4.375261e-09	-4.786833e+01	-5.101455e+02
8.000000e-07	-1.024733e-08	-4.348011e-09	-4.764451e+01	-5.075883e+02
8.100000e-07	-1.019858e-08	-4.309691e-09	-4.741787e+01	-5.050045e+02
8.200000e-07	-1.014918e-08	-4.283354e-09	-4.718820e+01	-5.023941e+02
8.300000e-07	-1.009911e-08	-4.271731e-09	-4.695536e+01	-4.997573e+02
8.400000e-07	-1.004830e-08	-4.253526e-09	-4.671913e+01	-4.970942e+02
8.500000e-07	-9.996794e-09	-4.220831e-09	-4.647967e+01	-4.944050e+02
8.600000e-07	-9.944662e-09	-4.185801e-09	-4.623729e+01	-4.916898e+02
8.700000e-07	-9.891938e-09	-4.163821e-09	-4.599215e+01	-4.889488e+02
8.800000e-07	-9.838732e-09	-4.151049e-09	-4.574477e+01	-4.861821e+02
8.900000e-07	-9.785100e-09	-4.131289e-09	-4.549541e+01	-4.833897e+02
9.000000e-07	-9.730994e-09	-4.096674e-09	-4.524385e+01	-4.805720e+02
9.100000e-07	-9.676391e-09	-4.060975e-09	-4.498998e+01	-4.777290e+02
9.200000e-07	-9.621341e-09	-4.037071e-09	-4.473402e+01	-4.748609e+02
9.300000e-07	-9.565853e-09	-4.020032e-09	-4.447604e+01	-4.719679e+02
9.400000e-07	-9.509896e-09	-3.995952e-09	-4.421587e+01	-4.690500e+02
9.500000e-07	-9.453415e-09	-3.963161e-09	-4.395326e+01	-4.661074e+02
9.600000e-07	-9.396410e-09	-3.934262e-09	-4.368822e+01	-4.631404e+02
9.700000e-07	-9.338870e-09	-3.913889e-09	-4.342069e+01	-4.601490e+02
9.800000e-07	-9.280763e-09	-3.897237e-09	-4.315053e+01	-4.571334e+02
9.900000e-07	-9.222113e-09	-3.869642e-09	-4.287784e+01	-4.540938e+02
1.000000e-06	-9.162931e-09	-3.831986e-09	-4.260268e+01	-4.510303e+02
1.010000e-06	-9.103229e-09	-3.799906e-09	-4.232510e+01	-4.479430e+02
1.020000e-06	-9.043027e-09	-3.777228e-09	-4.204520e+01	-4.448323e+02
1.030000e-06	-8.982373e-09	-3.758179e-09	-4.176319e+01	-4.416981e+02
1.040000e-06	-8.921337e-09	-3.731669e-09	-4.147941e+01	-4.385407e+02
1.050000e-06	-8.859932e-09	-3.697501e-09	-4.119391e+01	-4.353603e+02
1.060000e-06	-8.798094e-09	-3.664685e-09	-4.090639e+01	-4.321570e+02
1.070000e-06	-8.735801e-09	-3.639357e-09	-4.061677e+01	-4.289309e+02
1.080000e-06	-8.673052e-09	-3.612727e-09	-4.032502e+01	-4.256823e+02
1.090000e-06	-8.609878e-09	-3.577428e-09	-4.003130e+01	-4.224113e+02
1.100000e-06	-8.546310e-09	-3.542089e-09	-3.973574e+01	-4.191181e+02
1.110000e-06	-8.482308e-09	-3.512524e-09	-3.943817e+01	-4.158028e+02
1.120000e-06	-8.417837e-09	-3.490334e-09	-3.913841e+01	-4.124657e+02
1.130000e-06	-8.352915e-09	-3.465138e-09	-3.883656e+01	-4.091069e+02
1.140000e-06	-8.287561e-09	-3.429855e-09	-3.853270e+01	-4.057266e+02
1.150000e-06	-8.221763e-09	-3.391773e-09	-3.822678e+01	-4.023250e+02
1.160000e-06	-8.155528e-09	-3.360028e-09	-3.791883e+01	-3.989022e+02
1.170000e-06	-8.088865e-09	-3.334999e-09	-3.760888e+01	-3.954584e+02
1.180000e-06	-8.021807e-09	-3.306557e-09	-3.729710e+01	-3.919938e+02
1.190000e-06	-7.954307e-09	-3.271518e-09	-3.698326e+01	-3.885086e+02
1.200000e-06	-7.886325e-09	-3.237758e-09	-3.666719e+01	-3.850030e+02
1.210000e-06	-7.817907e-09	-3.210412e-09	-3.634908e+01	-3.814771e+02
1.220000e-06	-7.749079e-09	-3.185491e-09	-3.602907e+01	-3.779312e+02
1.230000e-06	-7.679871e-09	-3.151789e-09	-3.570729e+01	-3.743653e+02
1.240000e-06	-7.610282e-09	-3.108491e-09	-3.538374e+01	-3.707798e+02
1.250000e-06	-7.540305e-09	-3.069690e-09	-3.505839e+01	-3.671748e+02
1.260000e-06	-7.469984e-09	-3.039456e-09	-3.473143e+01	-3.635505e+02
1.270000e-06	-7.399333e-09	-3.015041e-09	-3.440295e+01	-3.599071e+02
1.280000e-06	-7.328345e-09	-2.988279e-09	-3.407289e+01	-3.562447e+02
1.290000e-06	-7.257018e-09	-2.957329e-09	-3.374126e+01	-3.525636e+02
1.300000e-06	-7.185326e-09	-2.927046e-09	-3.340793e+01	-3.488640e+02
1.310000e-06	-7.113248e-09	-2.895738e-09	-3.307281e+01	-3.451460e+02
1.320000e-06	-7.040786e-09	-2.860388e-09	-3.273590e+01	-3.414098e+02
1.330000e-06	-6.967927e-09	-2.815373e-09	-3.239715e+01	-3.376557e+02
1.340000e-06	-6.894652e-09	-2.769701e-09	-3.205646e+01	-3.338838e+02
1.350000e-06	-6.820973e-09	-2.735291e-09	-3.171390e+01	-3.300944e+02
1.360000e-06	-6.746881e-09	-2.711978e-09	-3.136941e+01	-3.262876e+02
1.370000e-06	-6.672331e-09	-2.688743e-09	-3.102280e+01	-3.224636e+02
1.380000e-06	-6.597369e-09	-2.653942e-09	-3.067427e+01	-3.186227e+02
1.390000e-06	-6.522008e-09	-2.610523e-09	-3.032388e+01	-3.147650e+02
1.400000e-06	-6.446256e-09	-2.564876e-09	-2.997168e+01	-3.108907e+02
1.410000e-06	-6.370125e-09	-2.525224e-09	-2.961771e+01	-3.070001e+02
1.420000e-06	-6.293630e-09	-2.491614e-09	-2.926205e+01	-3.030933e+02
1.430000e-06	-6.216815e-09	-2.456862e-09	-2.890491e+01	-2.991706e+02
1.440000e-06	-6.139653e-09	-2.419121e-09	-2.854614e+01	-2.952322e+02
1.450000e-06	-6.062128e-09	-2.381694e-09	-2.818570e+01	-2.912782e+02
1.460000e-06	-5.984253e-09	-2.348657e-09	-2.782362e+01	-2.873089e+02
1.470000e-06	-5.905997e-09	-2.314064e-09	-2.745978e+01	-2.833244e+02
1.480000e-06	-5.827404e-09	-2.273588e-09	-2.709437e+01	-2.793251e+02
1.490000e-06	-5.748470e-09	-2.231939e-09	-2.672737e+01	-2.753111e+02
1.500000e-06	-5.669147e-09	-2.195823e-09	-2.635856e+01	-2.712825e+02
1.510000e-06	-5.589456e-09	-2.165417e-09	-2.598804e+01	-2.672397e+02
1.520000e-06	-5.509422e-09	-2.130968e-09	-2.561593e+01	-2.631829e+02
1.530000e-06	-5.429119e-09	-2.086285e-09	-2.524257e+01	-2.591121e+02
1.540000e-06	-5.348555e-09	-2.040541e-09	-2.486799e+01	-2.550278e+02
1.550000e-06	-5.267700e-09	-2.004330e-09	-2.449206e+01	-2.509300e+02
1.560000e-06	-5.186546e-09	-1.974780e-09	-2.411474e+01	-2.468190e+02
1.570000e-06	-5.105142e-09	-1.942379e-09	-2.373625e+01	-2.426950e+02
1.580000e-06	-5.023472e-09	-1.902104e-09	-2.335654e+01	-2.385582e+02
1.590000e-06	-4.941510e-09	-1.859522e-09	-2.297546e+01	-2.344089e+02
1.600000e-06	-4.859272e-09	-1.822983e-09	-2.259310e+01	-2.302473e+02
1.610000e-06	-4.776816e-09	-1.791242e-09	-2.220972e+01	-2.260735e+02
1.620000e-06	-4.694162e-09	-1.755487e-09	-2.182542e+01	-2.218878e+02
1.630000e-06	-4.611281e-09	-1.712675e-09	-2.144008e+01	-2.176904e+02
1.640000e-06	-4.528201e-09	-1.670148e-09	-2.105380e+01	-2.134816e+02
1.650000e-06	-4.444924e-09	-1.633482e-09	-2.066661e+01	-2.092615e+02
1.660000e-06	-4.361450e-09	-1.600819e-09	-2.027850e+01	-2.050304e+02
1.670000e-06	-4.277766e-09	-1.564568e-09	-1.988941e+01	-2.007885e+02
1.680000e-06	-4.193909e-09	-1.523244e-09	-1.949952e+01	-1.965361e+02
1.690000e-06	-4.109920e-09	-1.483954e-09	-1.910902e+01	-1.922732e+02
1.700000e-06	-4.025772e-09	-1.448537e-09	-1.871778e+01	-1.880003e+02
1.710000e-06	-3.941414e-09	-1.413008e-09	-1.832556e+01	-1.837174e+02
1.720000e-06	-3.856882e-09	-1.372767e-09	-1.793253e+01	-1.794249e+02
1.730000e-06	-3.772196e-09	-1.328871e-09	-1.753879e+01	-1.751229e+02
1.740000e-06	-3.687313e-09	-1.288946e-09	-1.714413e+01	-1.708117e+02
1.750000e-06	-3.602219e-09	-1.257676e-09	-1.674849e+01	-1.664915e+02
1.760000e-06	-3.516947e-09	-1.228612e-09	-1.635202e+01	-1.621625e+02
1.770000e-06	-3.431531e-09	-1.192784e-09	-1.595488e+01	-1.578249e+02
1.780000e-06	-3.345950e-09	-1.149131e-09	-1.555698e+01	-1.534791e+02
1.790000e-06	-3.260193e-09	-1.106453e-09	-1.515825e+01	-1.491251e+02
1.800000e-06	-3.174296e-09	-1.072515e-09	-1.475888e+01	-1.447633e+02
1.810000e-06	-3.088267e-09	-1.042056e-09	-1.435889e+01	-1.403938e+02
1.820000e-06	-3.002094e-09	-1.006705e-09	-1.395823e+01	-1.360170e+02
1.830000e-06	-2.915823e-09	-9.670973e-10	-1.355712e+01	-1.316330e+02
1.840000e-06	-2.829465e-09	-9.284364e-10	-1.315561e+01	-1.272420e+02
1.850000e-06	-2.742979e-09	-8.941191e-10	-1.275350e+01	-1.228443e+02
1.860000e-06	-2.656381e-09	-8.593270e-10	-1.235086e+01	-1.184401e+02
1.870000e-06	-2.569670e-09	-8.207629e-10	-1.194770e+01	-1.140297e+02
1.880000e-06	-2.482825e-09	-7.816247e-10	-1.154392e+01	-1.096132e+02
1.890000e-06	-2.395857e-09	-7.464463e-10	-1.113957e+01	-1.051910e+02
1.900000e-06	-2.308765e-09	-7.162428e-10	-1.073464e+01	-1.007632e+02
1.910000e-06	-2.221553e-09	-6.835972e-10	-1.032915e+01	-9.633010e+01
1.920000e-06	-2.134222e-09	-6.437728e-10	-9.923107e+00	-9.189189e+01
1.930000e-06	-2.046768e-09	-6.001282e-10	-9.516495e+00	-8.744882e+01
1.940000e-06	-1.959209e-09	-5.603599e-10	-9.109394e+00	-8.300113e+01
1.950000e-06	-1.871545e-09	-5.265590e-10	-8.701803e+00	-7.854905e+01
1.960000e-06	-1.783790e-09	-4.937363e-10	-8.293791e+00	-7.409281e+01
1.970000e-06	-1.696002e-09	-4.590450e-10	-7.885625e+00	-6.963265e+01
1.980000e-06	-1.608168e-09	-4.244414e-10	-7.477245e+00	-6.516879e+01
1.990000e-06	-1.520241e-09	-3.927845e-10	-7.068434e+00	-6.070148e+01
2.000000e-06	-1.432231e-09	-3.603663e-10	-6.659235e+00	-5.623095e+01
2.010000e-06	-1.344135e-09	-3.213254e-10	-6.249633e+00	-5.175744e+01
2.020000e-06	-1.255943e-09	-2.770713e-10	-5.839590e+00	-4.728117e+01
2.030000e-06	-1.167675e-09	-2.346418e-10	-5.429193e+00	-4.280239e+01
2.040000e-06	-1.079330e-09	-2.005845e-10	-5.018439e+00	-3.832133e+01
2.050000e-06	-9.908902e-10	-1.714429e-10	-4.607240e+00	-3.383822e+01
2.060000e-06	-9.023841e-10	-1.374163e-10	-4.195736e+00	-2.935330e+01
2.070000e-06	-8.138469e-10	-9.807979e-11	-3.784087e+00	-2.486680e+01
2.080000e-06	-7.252791e-10	-5.996820e-11	-3.372296e+00	-2.037897e+01
2.090000e-06	-6.366898e-10	-2.490508e-11	-2.960404e+00	-1.589003e+01
2.100000e-06	-5.480746e-10	9.210326e-12	-2.548393e+00	-1.140023e+01
2.110000e-06	-4.594289e-10	4.604082e-11	-2.136240e+00	-6.909793e+00
2.120000e-06	-3.707695e-10	8.468501e-11	-1.724023e+00	-2.418960e+00
2.130000e-06	-2.821139e-10	1.204710e-10	-1.311823e+00	2.072034e+00
2.140000e-06	-1.934560e-10	1.532768e-10	-8.996131e-01	6.562953e+00
2.150000e-06	-1.047778e-10	1.875398e-10	-4.873084e-01	1.105356e+01
2.160000e-06	-1.606236e-11	2.255475e-10	-7.483057e-02	1.554362e+01
2.170000e-06	7.269205e-11	2.630465e-10	3.378281e-01	2.003290e+01
2.180000e-06	1.614511e-10	2.960615e-10	7.505083e-01	2.452116e+01
2.190000e-06	2.501818e-10	3.269130e-10	1.163057e+00	2.900817e+01
2.200000e-06	3.389149e-10	3.611240e-10	1.575616e+00	3.349369e+01
2.210000e-06	4.276301e-10	4.009911e-10	1.988093e+00	3.797748e+01
2.220000e-06	5.162953e-10	4.425144e-10	2.400337e+00	4.245931e+01
2.230000e-06	6.049319e-10	4.802544e-10	2.812449e+00	4.693895e+01
2.240000e-06	6.934994e-10	5.126737e-10	3.224239e+00	5.141615e+01
2.250000e-06	7.819886e-10	5.456954e-10	3.635665e+00	5.589069e+01
2.260000e-06	8.704132e-10	5.822908e-10	4.046791e+00	6.036233e+01
2.270000e-06	9.587875e-10	6.200020e-10	4.457683e+00	6.483083e+01
2.280000e-06	1.047108e-09	6.562867e-10	4.868327e+00	6.929597e+01
2.290000e-06	1.135380e-09	6.904579e-10	5.278744e+00	7.375749e+01
2.300000e-06	1.223617e-09	7.260914e-10	5.688998e+00	7.821518e+01
2.310000e-06	1.311788e-09	7.628906e-10	6.098941e+00	8.266880e+01
2.320000e-06	1.399896e-09	7.979468e-10	6.508597e+00	8.711811e+01
2.330000e-06	1.487966e-09	8.311188e-10	6.918073e+00	9.156288e+01
2.340000e-06	1.575953e-09	8.670905e-10	7.327165e+00	9.600287e+01
2.350000e-06	1.663825e-09	9.073165e-10	7.735722e+00	1.004379e+02
2.360000e-06	1.751583e-09	9.495472e-10	8.143752e+00	1.048676e+02
2.370000e-06	1.839232e-09	9.876584e-10	8.551269e+00	1.092919e+02
2.380000e-06	1.926761e-09	1.017910e-09	8.958230e+00	1.137105e+02
2.390000e-06	2.014179e-09	1.047075e-09	9.364677e+00	1.181231e+02
2.400000e-06	2.101496e-09	1.079768e-09	9.770655e+00	1.225296e+02
2.410000e-06	2.188713e-09	1.115728e-09	1.017616e+01	1.269296e+02
2.420000e-06	2.275825e-09	1.150739e-09	1.058119e+01	1.313231e+02
2.430000e-06	2.362824e-09	1.184044e-09	1.098569e+01	1.357096e+02
2.440000e-06	2.449714e-09	1.218917e-09	1.138968e+01	1.400891e+02
2.450000e-06	2.536500e-09	1.255935e-09	1.179319e+01	1.444613e+02
2.460000e-06	2.623201e-09	1.293186e-09	1.219630e+01	1.488259e+02
2.470000e-06	2.709790e-09	1.326111e-09	1.259889e+01	1.531827e+02
2.480000e-06	2.796242e-09	1.355089e-09	1.300085e+01	1.575316e+02
2.490000e-06	2.882563e-09	1.385544e-09	1.340219e+01	1.618721e+02
2.500000e-06	2.968748e-09	1.421495e-09	1.380291e+01	1.662043e+02
2.510000e-06	3.054800e-09	1.459686e-09	1.420300e+01	1.705277e+02
2.520000e-06	3.140707e-09	1.495420e-09	1.460242e+01	1.748422e+02
2.530000e-06	3.226443e-09	1.529217e-09	1.500105e+01	1.791476e+02
2.540000e-06	3.312033e-09	1.562266e-09	1.539899e+01	1.834435e+02
2.550000e-06	3.397490e-09	1.596814e-09	1.579632e+01	1.877299e+02
2.560000e-06	3.482806e-09	1.631178e-09	1.619299e+01	1.920065e+02
2.570000e-06	3.567978e-09	1.662481e-09	1.658900e+01	1.962730e+02
2.580000e-06	3.652991e-09	1.693285e-09	1.698426e+01	2.005293e+02
2.590000e-06	3.737839e-09	1.727206e-09	1.737876e+01	2.047750e+02
2.600000e-06	3.822510e-09	1.763319e-09	1.777243e+01	2.090101e+02
2.610000e-06	3.907028e-09	1.797692e-09	1.816540e+01	2.132342e+02
2.620000e-06	3.991386e-09	1.828382e-09	1.855761e+01	2.174471e+02
2.630000e-06	4.075509e-09	1.857379e-09	1.894874e+01	2.216486e+02
2.640000e-06	4.159390e-09	1.890356e-09	1.933874e+01	2.258386e+02
2.650000e-06	4.243050e-09	1.927496e-09	1.972772e+01	2.300167e+02
2.660000e-06	4.326497e-09	1.963330e-09	2.011570e+01	2.341828e+02
2.670000e-06	4.409739e-09	1.995361e-09	2.050273e+01	2.383366e+02
2.680000e-06	4.492783e-09	2.025471e-09	2.088884e+01	2.424780e+02
2.690000e-06	4.575634e-09	2.056620e-09	2.127405e+01	2.466066e+02
2.700000e-06	4.658301e-09	2.089290e-09	2.165841e+01	2.507223e+02
2.710000e-06	4.740773e-09	2.121599e-09	2.204186e+01	2.548249e+02
2.720000e-06	4.823041e-09	2.153043e-09	2.242436e+01	2.589142e+02
2.730000e-06	4.905067e-09	2.186264e-09	2.280574e+01	2.629899e+02
2.740000e-06	4.986830e-09	2.221851e-09	2.318589e+01	2.670518e+02
2.750000e-06	5.068359e-09	2.256704e-09	2.356496e+01	2.710997e+02
2.760000e-06	5.149571e-09	2.288301e-09	2.394255e+01	2.751334e+02
2.770000e-06	5.230443e-09	2.318768e-09	2.431856e+01	2.791528e+02
2.780000e-06	5.311014e-09	2.351267e-09	2.469317e+01	2.831574e+02
2.790000e-06	5.391283e-09	2.385814e-09	2.506637e+01	2.871473e+02
2.800000e-06	5.471257e-09	2.421328e-09	2.543821e+01	2.911221e+02
2.810000e-06	5.550932e-09	2.456086e-09	2.580866e+01	2.950817e+02
2.820000e-06	5.630310e-09	2.489857e-09	2.617772e+01	2.990258e+02
2.830000e-06	5.709386e-09	2.521500e-09	2.654538e+01	3.029542e+02
2.840000e-06	5.788173e-09	2.554126e-09	2.691170e+01	3.068668e+02
2.850000e-06	5.866660e-09	2.589245e-09	2.727662e+01	3.107633e+02
2.860000e-06	5.944845e-09	2.620958e-09	2.764013e+01	3.146435e+02
2.870000e-06	6.022693e-09	2.650314e-09	2.800209e+01	3.185072e+02
2.880000e-06	6.100196e-09	2.680376e-09	2.836243e+01	3.223543e+02
2.890000e-06	6.177373e-09	2.712252e-09	2.872126e+01	3.261844e+02
2.900000e-06	6.254216e-09	2.746215e-09	2.907854e+01	3.299975e+02
2.910000e-06	6.330697e-09	2.778375e-09	2.943414e+01	3.337932e+02
2.920000e-06	6.406755e-09	2.808224e-09	2.978777e+01	3.375715e+02
2.930000e-06	6.482380e-09	2.839085e-09	3.013938e+01	3.413321e+02
2.940000e-06	6.557541e-09	2.872076e-09	3.048884e+01	3.450747e+02
2.950000e-06	6.632283e-09	2.904807e-09	3.083635e+01	3.487994e+02
2.960000e-06	6.706690e-09	2.936096e-09	3.118229e+01	3.525057e+02
2.970000e-06	6.780734e-09	2.966974e-09	3.152656e+01	3.561935e+02
2.980000e-06	6.854407e-09	2.998501e-09	3.186910e+01	3.598627e+02
2.990000e-06	6.927710e-09	3.031446e-09	3.220991e+01	3.635130e+02
3.000000e-06	7.000607e-09	3.062500e-09	3.254885e+01	3.671443e+02
3.010000e-06	7.073081e-09	3.090863e-09	3.288581e+01	3.707563e+02
3.020000e-06	7.145136e-09	3.119585e-09	3.322083e+01	3.743489e+02
3.030000e-06	7.216817e-09	3.150526e-09	3.355410e+01	3.779219e+02
3.040000e-06	7.288154e-09	3.182263e-09	3.388579e+01	3.814751e+02
3.050000e-06	7.359127e-09	3.212056e-09	3.421577e+01	3.850082e+02
3.060000e-06	7.429716e-09	3.240544e-09	3.454397e+01	3.885212e+02
3.070000e-06	7.499916e-09	3.269991e-09	3.487036e+01	3.920138e+02
3.080000e-06	7.569748e-09	3.299621e-09	3.519505e+01	3.954859e+02
3.090000e-06	7.639241e-09	3.327700e-09	3.551815e+01	3.989373e+02
3.100000e-06	7.708399e-09	3.354061e-09	3.583970e+01	4.023677e+02
3.110000e-06	7.777226e-09	3.379828e-09	3.615970e+01	4.057770e+02
3.120000e-06	7.845712e-09	3.407412e-09	3.647813e+01	4.091651e+02
3.130000e-06	7.913804e-09	3.436492e-09	3.679472e+01	4.125317e+02
3.140000e-06	7.981449e-09	3.465538e-09	3.710923e+01	4.158767e+02
3.150000e-06	8.048623e-09	3.494073e-09	3.742155e+01	4.191999e+02
3.160000e-06	8.115320e-09	3.521684e-09	3.773166e+01	4.225011e+02
3.170000e-06	8.181565e-09	3.549326e-09	3.803966e+01	4.257802e+02
3.180000e-06	8.247364e-09	3.577626e-09	3.834559e+01	4.290369e+02
3.190000e-06	8.312700e-09	3.605171e-09	3.864937e+01	4.322712e+02
3.200000e-06	8.377527e-09	3.631452e-09	3.895077e+01	4.354828e+02
3.210000e-06	8.441852e-09	3.658200e-09	3.924985e+01	4.386715e+02
3.220000e-06	8.505758e-09	3.686151e-09	3.954698e+01	4.418373e+02
3.230000e-06	8.569284e-09	3.714102e-09	3.984234e+01	4.449799e+02
3.240000e-06	8.632465e-09	3.740509e-09	4.013610e+01	4.480992e+02
3.250000e-06	8.695292e-09	3.764720e-09	4.042821e+01	4.511949e+02
3.260000e-06	8.757704e-09	3.788318e-09	4.071840e+01	4.542670e+02
3.270000e-06	8.819672e-09	3.813779e-09	4.100651e+01	4.573153e+02
3.280000e-06	8.881234e-09	3.840036e-09	4.129274e+01	4.603397e+02
3.290000e-06	8.942437e-09	3.863765e-09	4.157730e+01	4.633399e+02
3.300000e-06	9.003265e-09	3.885981e-09	4.186012e+01	4.663158e+02
3.310000e-06	9.063651e-09	3.910615e-09	4.214088e+01	4.692672e+02
3.320000e-06	9.123535e-09	3.938027e-09	4.241932e+01	4.721940e+02
3.330000e-06	9.182879e-09	3.965650e-09	4.269523e+01	4.750961e+02
3.340000e-06	9.241689e-09	3.990958e-09	4.296867e+01	4.779733e+02
3.350000e-06	9.299957e-09	4.015027e-09	4.323958e+01	4.808254e+02
3.360000e-06	9.357654e-09	4.040858e-09	4.350784e+01	4.836523e+02
3.370000e-06	9.414811e-09	4.065973e-09	4.377359e+01	4.864538e+02
3.380000e-06	9.471442e-09	4.086882e-09	4.403689e+01	4.892299e+02
3.390000e-06	9.527562e-09	4.108507e-09	4.429782e+01	4.919802e+02
3.400000e-06	9.583232e-09	4.132340e-09	4.455666e+01	4.947048e+02
3.410000e-06	9.638489e-09	4.157349e-09	4.481357e+01	4.974035e+02
3.420000e-06	9.693314e-09	4.181815e-09	4.506848e+01	5.000760e+02
3.430000e-06	9.747661e-09	4.204436e-09	4.532116e+01	5.027224e+02
3.440000e-06	9.801511e-09	4.232127e-09	4.557154e+01	5.053423e+02
3.450000e-06	9.854840e-09	4.260405e-09	4.581949e+01	5.079358e+02
3.460000e-06	9.907637e-09	4.287720e-09	4.606497e+01	5.105027e+02
3.470000e-06	9.959839e-09	4.309958e-09	4.630768e+01	5.130427e+02
3.480000e-06	1.001137e-08	4.325590e-09	4.654726e+01	5.155559e+02
3.490000e-06	1.006222e-08	4.343234e-09	4.678369e+01	5.180420e+02
3.500000e-06	1.011238e-08	4.363271e-09	4.701692e+01	5.205010e+02
3.510000e-06	1.016186e-08	4.389683e-09	4.724698e+01	5.229327e+02
3.520000e-06	1.021076e-08	4.416257e-09	4.747431e+01	5.253369e+02
3.530000e-06	1.025912e-08	4.442590e-09	4.769915e+01	5.277136e+02
3.540000e-06	1.030696e-08	4.468928e-09	4.792162e+01	5.300626e+02
3.550000e-06	1.035434e-08	4.490457e-09	4.814188e+01	5.323839e+02
3.560000e-06	1.040122e-08	4.509065e-09	4.835985e+01	5.346772e+02
3.570000e-06	1.044756e-08	4.525054e-09	4.857534e+01	5.369425e+02
3.580000e-06	1.049337e-08	4.542522e-09	4.878832e+01	5.391796e+02
3.590000e-06	1.053868e-08	4.562644e-09	4.899895e+01	5.413884e+02
3.600000e-06	1.058352e-08	4.587594e-09	4.920745e+01	5.435689e+02
3.610000e-06	1.062792e-08	4.611686e-09	4.941389e+01	5.457208e+02
3.620000e-06	1.067189e-08	4.629335e-09	4.961831e+01	5.478441e+02
3.630000e-06	1.071533e-08	4.643000e-09	4.982029e+01	5.499387e+02
3.640000e-06	1.075811e-08	4.656998e-09	5.001920e+01	5.520045e+02
3.650000e-06	1.080018e-08	4.674338e-09	5.021480e+01	5.540413e+02
3.660000e-06	1.084153e-08	4.693137e-09	5.040707e+01	5.560490e+02
3.670000e-06	1.088224e-08	4.711798e-09	5.059634e+01	5.580276e+02
3.680000e-06	1.092242e-08	4.729747e-09	5.078317e+01	5.599770e+02
3.690000e-06	1.096214e-08	4.749002e-09	5.096782e+01	5.618969e+02
3.700000e-06	1.100135e-08	4.766866e-09	5.115016e+01	5.637874e+02
3.710000e-06	1.104004e-08	4.778634e-09	5.133005e+01	5.656483e+02
3.720000e-06	1.107816e-08	4.789192e-09	5.150726e+01	5.674796e+02
3.730000e-06	1.111569e-08	4.803452e-09	5.168175e+01	5.692811e+02
3.740000e-06	1.115270e-08	4.820929e-09	5.185384e+01	5.710527e+02
3.750000e-06	1.118924e-08	4.840870e-09	5.202374e+01	5.727944e+02
3.760000e-06	1.122533e-08	4.857314e-09	5.219152e+01	5.745060e+02
3.770000e-06	1.126092e-08	4.868798e-09	5.235701e+01	5.761876e+02
3.780000e-06	1.129586e-08	4.879045e-09	5.251947e+01	5.778389e+02
3.790000e-06	1.133002e-08	4.888985e-09	5.267830e+01	5.794599e+02
3.800000e-06	1.136341e-08	4.899638e-09	5.283352e+01	5.810505e+02
3.810000e-06	1.139614e-08	4.911823e-09	5.298572e+01	5.826106e+02
3.820000e-06	1.142838e-08	4.928159e-09	5.313559e+01	5.841402e+02
3.830000e-06	1.146012e-08	4.945384e-09	5.328316e+01	5.856391e+02
3.840000e-06	1.149131e-08	4.958507e-09	5.342818e+01	5.871073e+02
3.850000e-06	1.152193e-08	4.966547e-09	5.357056e+01	5.885448e+02
3.860000e-06	1.155196e-08	4.970767e-09	5.371018e+01	5.899513e+02
3.870000e-06	1.158140e-08	4.979219e-09	5.384706e+01	5.913269e+02
3.880000e-06	1.161030e-08	4.992080e-09	5.398144e+01	5.926716e+02
3.890000e-06	1.163876e-08	5.007977e-09	5.411375e+01	5.939851e+02
3.900000e-06	1.166679e-08	5.025206e-09	5.424410e+01	5.952674e+02
3.910000e-06	1.169427e-08	5.039558e-09	5.437187e+01	5.965186e+02
3.920000e-06	1.172100e-08	5.051414e-09	5.449616e+01	5.977385e+02
3.930000e-06	1.174684e-08	5.057315e-09	5.461627e+01	5.989270e+02
3.940000e-06	1.177185e-08	5.061967e-09	5.473258e+01	6.000841e+02
3.950000e-06	1.179623e-08	5.069098e-09	5.484594e+01	6.012097e+02
3.960000e-06	1.182009e-08	5.078453e-09	5.495685e+01	6.023038e+02
3.970000e-06	1.184340e-08	5.092824e-09	5.506522e+01	6.033663e+02
3.980000e-06	1.186611e-08	5.109244e-09	5.517084e+01	6.043972e+02
3.990000e-06	1.188822e-08	5.121532e-09	5.527365e+01	6.053963e+02
4.000000e-06	1.190972e-08	5.128122e-09	5.537360e+01	6.063638e+02
4.010000e-06	1.193066e-08	5.133861e-09	5.547094e+01	6.072994e+02
4.020000e-06	1.195113e-08	5.141429e-09	5.556615e+01	6.082031e+02
4.030000e-06	1.197118e-08	5.150230e-09	5.565934e+01	6.090750e+02
4.040000e-06	1.199069e-08	5.158464e-09	5.575006e+01	6.099149e+02
4.050000e-06	1.200955e-08	5.166205e-09	5.583776e+01	6.107228e+02
4.060000e-06	1.202774e-08	5.174152e-09	5.592231e+01	6.114987e+02
4.070000e-06	1.204533e-08	5.182923e-09	5.600410e+01	6.122425e+02
4.080000e-06	1.206239e-08	5.190010e-09	5.608345e+01	6.129542e+02
4.090000e-06	1.207886e-08	5.195969e-09	5.616002e+01	6.136338e+02
4.100000e-06	1.209455e-08	5.204379e-09	5.623298e+01	6.142811e+02
4.110000e-06	1.210945e-08	5.213647e-09	5.630226e+01	6.148963e+02
4.120000e-06	1.212367e-08	5.219477e-09	5.636834e+01	6.154792e+02
4.130000e-06	1.213722e-08	5.220723e-09	5.643136e+01	6.160298e+02
4.140000e-06	1.215014e-08	5.222763e-09	5.649144e+01	6.165481e+02
4.150000e-06	1.216249e-08	5.227974e-09	5.654883e+01	6.170341e+02
4.160000e-06	1.217419e-08	5.236675e-09	5.660327e+01	6.174877e+02
4.170000e-06	1.218503e-08	5.244690e-09	5.665365e+01	6.179089e+02
4.180000e-06	1.219489e-08	5.249310e-09	5.669950e+01	6.182977e+02
4.190000e-06	1.220390e-08	5.253784e-09	5.674141e+01	6.186541e+02
4.200000e-06	1.221234e-08	5.258201e-09	5.678061e+01	6.189780e+02
4.210000e-06	1.222031e-08	5.262054e-09	5.681771e+01	6.192695e+02
4.220000e-06	1.222772e-08	5.263729e-09	5.685214e+01	6.195285e+02
4.230000e-06	1.223451e-08	5.265715e-09	5.688369e+01	6.197550e+02
4.240000e-06	1.224070e-08	5.270560e-09	5.691247e+01	6.199490e+02
4.250000e-06	1.224625e-08	5.276154e-09	5.693832e+01	6.201104e+02
4.260000e-06	1.225119e-08	5.281770e-09	5.696126e+01	6.202394e+02
4.270000e-06	1.225563e-08	5.285558e-09	5.698193e+01	6.203358e+02
4.280000e-06	1.225965e-08	5.288637e-09	5.700062e+01	6.203997e+02
4.290000e-06	1.226306e-08	5.290350e-09	5.701646e+01	6.204310e+02
4.300000e-06	1.226561e-08	5.290240e-09	5.702830e+01	6.204298e+02
4.310000e-06	1.226723e-08	5.291296e-09	5.703587e+01	6.203961e+02
4.320000e-06	1.226811e-08	5.293652e-09	5.703992e+01	6.203298e+02
4.330000e-06	1.226844e-08	5.297660e-09	5.704146e+01	6.202309e+02
4.340000e-06	1.226830e-08	5.300995e-09	5.704084e+01	6.200996e+02
4.350000e-06	1.226762e-08	5.302534e-09	5.703768e+01	6.199357e+02
4.360000e-06	1.226637e-08	5.300536e-09	5.703184e+01	6.197393e+02
4.370000e-06	1.226454e-08	5.296848e-09	5.702334e+01	6.195104e+02
4.380000e-06	1.226212e-08	5.295549e-09	5.701211e+01	6.192490e+02
4.390000e-06	1.225914e-08	5.292042e-09	5.699825e+01	6.189551e+02
4.400000e-06	1.225571e-08	5.299069e-09	5.698232e+01	6.186288e+02
4.410000e-06	1.225195e-08	5.330177e-09	5.696483e+01	6.182700e+02
4.420000e-06	1.224780e-08	5.325644e-09	5.694552e+01	6.178788e+02
4.430000e-06	1.224286e-08	5.216173e-09	5.692257e+01	6.174552e+02
4.440000e-06	1.223669e-08	5.132138e-09	5.689388e+01	6.169992e+02
4.450000e-06	1.222915e-08	5.198144e-09	5.685879e+01	6.165108e+02
4.460000e-06	1.222055e-08	5.385739e-09	5.681884e+01	6.159901e+02
4.470000e-06	1.221162e-08	5.414254e-09	5.677731e+01	6.154371e+02
4.480000e-06	1.220273e-08	5.179316e-09	5.673595e+01	6.148518e+02
4.490000e-06	1.219347e-08	5.259700e-09	5.669294e+01	6.142342e+02
4.500000e-06	1.218336e-08	5.465302e-09	5.664593e+01	6.135845e+02
4.510000e-06	1.217267e-08	5.128748e-09	5.659621e+01	6.129025e+02
4.520000e-06	1.216167e-08	4.953519e-09	5.654505e+01	6.121885e+02
4.530000e-06	1.214978e-08	5.295450e-09	5.648981e+01	6.114423e+02
4.540000e-06	1.213669e-08	5.285913e-09	5.642891e+01	6.106640e+02
4.550000e-06	1.212295e-08	4.932407e-09	5.636506e+01	6.098537e+02
4.560000e-06	1.210875e-08	5.113408e-09	5.629905e+01	6.090114e+02
4.570000e-06	1.209377e-08	5.383449e-09	5.622939e+01	6.081372e+02
4.580000e-06	1.207816e-08	4.996690e-09	5.615679e+01	6.072311e+02
4.590000e-06	1.206206e-08	4.900016e-09	5.608193e+01	6.062931e+02
4.600000e-06	1.204520e-08	5.301373e-09	5.600358e+01	6.053233e+02
4.610000e-06	1.202759e-08	5.231965e-09	5.592170e+01	6.043218e+02
4.620000e-06	1.200948e-08	5.052540e-09	5.583749e+01	6.032886e+02
4.630000e-06	1.199079e-08	5.272662e-09	5.575060e+01	6.022237e+02
4.640000e-06	1.197150e-08	5.216585e-09	5.566092e+01	6.011273e+02
4.650000e-06	1.195184e-08	4.960340e-09	5.556951e+01	5.999993e+02
4.660000e-06	1.193171e-08	5.129769e-09	5.547592e+01	5.988399e+02
4.670000e-06	1.191077e-08	5.206554e-09	5.537853e+01	5.976490e+02
4.680000e-06	1.188892e-08	5.040536e-09	5.527694e+01	5.964268e+02
4.690000e-06	1.186631e-08	5.131801e-09	5.517184e+01	5.951733e+02
4.700000e-06	1.184305e-08	5.141207e-09	5.506369e+01	5.938886e+02
4.710000e-06	1.181925e-08	5.020725e-09	5.495305e+01	5.925728e+02
4.720000e-06	1.179497e-08	5.096403e-09	5.484012e+01	5.912259e+02
4.730000e-06	1.177007e-08	5.039693e-09	5.472435e+01	5.898480e+02
4.740000e-06	1.174450e-08	4.929652e-09	5.460549e+01	5.884391e+02
4.750000e-06	1.171826e-08	5.083710e-09	5.448347e+01	5.869994e+02
4.760000e-06	1.169139e-08	5.092660e-09	5.435856e+01	5.855288e+02
4.770000e-06	1.166404e-08	4.990454e-09	5.423140e+01	5.840276e+02
4.780000e-06	1.163627e-08	5.062821e-09	5.410228e+01	5.824958e+02
4.790000e-06	1.160803e-08	4.995071e-09	5.397099e+01	5.809333e+02
4.800000e-06	1.157915e-08	4.898637e-09	5.383671e+01	5.793405e+02
4.810000e-06	1.154942e-08	4.992394e-09	5.369850e+01	5.777172e+02
4.820000e-06	1.151884e-08	4.982359e-09	5.355632e+01	5.760636e+02
4.830000e-06	1.148758e-08	4.918172e-09	5.341098e+01	5.743799e+02
4.840000e-06	1.145579e-08	4.959955e-09	5.326315e+01	5.726660e+02
4.850000e-06	1.142349e-08	4.936168e-09	5.311297e+01	5.709220e+02
4.860000e-06	1.139066e-08	4.887551e-09	5.296032e+01	5.691482e+02
4.870000e-06	1.135726e-08	4.894565e-09	5.280505e+01	5.673444e+02
4.880000e-06	1.132328e-08	4.871420e-09	5.264705e+01	5.655110e+02
4.890000e-06	1.128872e-08	4.859050e-09	5.248638e+01	5.636478e+02
4.900000e-06	1.125363e-08	4.871525e-09	5.232323e+01	5.617551e+02
4.910000e-06	1.121805e-08	4.859325e-09	5.215780e+01	5.598330e+02
4.920000e-06	1.118199e-08	4.835828e-09	5.199014e+01	5.578814e+02
4.930000e-06	1.114534e-08	4.813698e-09	5.181974e+01	5.559007e+02
4.940000e-06	1.110797e-08	4.793891e-09	5.164598e+01	5.538907e+02
4.950000e-06	1.106983e-08	4.778281e-09	5.146868e+01	5.518518e+02
4.960000e-06	1.103102e-08	4.778671e-09	5.128821e+01	5.497838e+02
4.970000e-06	1.099160e-08	4.770237e-09	5.110492e+01	5.476871e+02
4.980000e-06	1.095162e-08	4.742728e-09	5.091907e+01	5.455616e+02
4.990000e-06	1.091115e-08	4.729154e-09	5.073090e+01	5.434075e+02
5.000000e-06	1.087018e-08	4.708990e-09	5.054043e+01	5.412249e+02
5.010000e-06	1.082869e-08	4.676242e-09	5.034748e+01	5.390139e+02
5.020000e-06	1.078664e-08	4.662162e-09	5.015198e+01	5.367747e+02
5.030000e-06	1.074407e-08	4.652297e-09	4.995407e+01	5.345073e+02
5.040000e-06	1.070100e-08	4.639980e-09	4.975380e+01	5.322119e+02
5.050000e-06	1.065744e-08	4.627984e-09	4.955127e+01	5.298885e+02
5.060000e-06	1.061343e-08	4.599580e-09	4.934666e+01	5.275374e+02
5.070000e-06	1.056898e-08	4.572466e-09	4.914000e+01	5.251586e+02
5.080000e-06	1.052406e-08	4.551552e-09	4.893115e+01	5.227523e+02
5.090000e-06	1.047864e-08	4.529915e-09	4.871998e+01	5.203186e+02
5.100000e-06	1.043264e-08	4.514649e-09	4.850611e+01	5.178575e+02
5.110000e-06	1.038606e-08	4.494411e-09	4.828950e+01	5.153694e+02
5.120000e-06	1.033891e-08	4.474806e-09	4.807032e+01	5.128541e+02
5.130000e-06	1.029122e-08	4.458420e-09	4.784858e+01	5.103120e+02
5.140000e-06	1.024293e-08	4.435904e-09	4.762404e+01	5.077432e+02
5.150000e-06	1.019398e-08	4.406358e-09	4.739647e+01	5.051477e+02
5.160000e-06	1.014444e-08	4.376901e-09	4.716613e+01	5.025257e+02
5.170000e-06	1.009435e-08	4.360095e-09	4.693323e+01	4.998774e+02
5.180000e-06	1.004373e-08	4.347049e-09	4.669789e+01	4.972028e+02
5.190000e-06	9.992539e-09	4.326931e-09	4.645988e+01	4.945022e+02
5.200000e-06	9.940740e-09	4.301121e-09	4.621904e+01	4.917756e+02
5.210000e-06	9.888324e-09	4.271854e-09	4.597534e+01	4.890233e+02
5.220000e-06	9.835259e-09	4.244682e-09	4.572862e+01	4.862453e+02
5.230000e-06	9.781591e-09	4.220920e-09	4.547909e+01	4.834418e+02
5.240000e-06	9.727300e-09	4.197154e-09	4.522667e+01	4.806130e+02
5.250000e-06	9.672362e-09	4.172398e-09	4.497124e+01	4.777590e+02
5.260000e-06	9.616836e-09	4.143272e-09	4.471308e+01	4.748799e+02
5.270000e-06	9.560807e-09	4.115466e-09	4.445258e+01	4.719759e+02
5.280000e-06	9.504323e-09	4.093482e-09	4.418995e+01	4.690472e+02
5.290000e-06	9.447421e-09	4.069453e-09	4.392539e+01	4.660939e+02
5.300000e-06	9.390066e-09	4.042517e-09	4.365872e+01	4.631161e+02
5.310000e-06	9.332204e-09	4.016691e-09	4.338970e+01	4.601141e+02
5.320000e-06	9.273901e-09	3.994656e-09	4.311862e+01	4.570879e+02
5.330000e-06	9.215189e-09	3.973444e-09	4.284565e+01	4.540377e+02
5.340000e-06	9.156044e-09	3.947987e-09	4.257065e+01	4.509638e+02
5.350000e-06	9.096457e-09	3.917992e-09	4.229361e+01	4.478662e+02
5.360000e-06	9.036420e-09	3.884844e-09	4.201447e+01	4.447451e+02
5.370000e-06	8.975922e-09	3.854604e-09	4.173319e+01	4.416007e+02
5.380000e-06	8.914941e-09	3.829462e-09	4.144966e+01	4.384332e+02
5.390000e-06	8.853411e-09	3.805665e-09	4.116358e+01	4.352426e+02
5.400000e-06	8.791310e-09	3.778949e-09	4.087485e+01	4.320293e+02
5.410000e-06	8.728670e-09	3.746706e-09	4.058361e+01	4.287933e+02
5.420000e-06	8.665498e-09	3.714509e-09	4.028990e+01	4.255348e+02
5.430000e-06	8.601816e-09	3.684862e-09	3.999381e+01	4.222540e+02
5.440000e-06	8.537714e-09	3.654934e-09	3.969577e+01	4.189511e+02
5.450000e-06	8.473248e-09	3.622550e-09	3.939604e+01	4.156262e+02
5.460000e-06	8.408402e-09	3.590033e-09	3.909454e+01	4.122795e+02
5.470000e-06	8.343168e-09	3.562510e-09	3.879124e+01	4.089112e+02
5.480000e-06	8.277536e-09	3.537031e-09	3.848609e+01	4.055214e+02
5.490000e-06	8.211504e-09	3.509146e-09	3.817907e+01	4.021104e+02
5.500000e-06	8.145126e-09	3.475794e-09	3.787046e+01	3.986784e+02
5.510000e-06	8.078430e-09	3.438628e-09	3.756036e+01	3.952254e+02
5.520000e-06	8.011370e-09	3.405031e-09	3.724856e+01	3.917517e+02
5.530000e-06	7.943877e-09	3.374075e-09	3.693476e+01	3.882575e+02
5.540000e-06	7.875931e-09	3.339559e-09	3.661885e+01	3.847429e+02
5.550000e-06	7.807541e-09	3.301650e-09	3.630087e+01	3.812081e+02
5.560000e-06	7.738675e-09	3.266032e-09	3.598068e+01	3.776534e+02
5.570000e-06	7.669355e-09	3.235656e-09	3.565838e+01	3.740788e+02
5.580000e-06	7.599608e-09	3.206751e-09	3.533410e+01	3.704847e+02
5.590000e-06	7.529457e-09	3.174867e-09	3.500794e+01	3.668711e+02
5.600000e-06	7.458871e-09	3.140477e-09	3.467975e+01	3.632383e+02
5.610000e-06	7.387851e-09	3.106962e-09	3.434955e+01	3.595865e+02
5.620000e-06	7.316418e-09	3.076679e-09	3.401743e+01	3.559158e+02
5.630000e-06	7.244602e-09	3.044488e-09	3.368352e+01	3.522265e+02
5.640000e-06	7.172482e-09	3.008185e-09	3.334820e+01	3.485187e+02
5.650000e-06	7.100036e-09	2.971414e-09	3.301137e+01	3.447926e+02
5.660000e-06	7.027269e-09	2.936685e-09	3.267304e+01	3.410485e+02
5.670000e-06	6.954165e-09	2.904126e-09	3.233315e+01	3.372865e+02
5.680000e-06	6.880713e-09	2.871274e-09	3.199164e+01	3.335068e+02
5.690000e-06	6.806920e-09	2.836748e-09	3.164854e+01	3.297096e+02
5.700000e-06	6.732737e-09	2.800472e-09	3.130364e+01	3.258952e+02
5.710000e-06	6.658218e-09	2.763731e-09	3.095716e+01	3.220636e+02
5.720000e-06	6.583344e-09	2.727210e-09	3.060904e+01	3.182152e+02
5.730000e-06	6.508093e-09	2.689388e-09	3.025916e+01	3.143502e+02
5.740000e-06	6.432479e-09	2.649098e-09	2.990760e+01	3.104686e+02
5.750000e-06	6.356463e-09	2.608712e-09	2.955417e+01	3.065708e+02
5.760000e-06	6.280053e-09	2.572117e-09	2.919891e+01	3.026569e+02
5.770000e-06	6.203279e-09	2.539529e-09	2.884196e+01	2.987272e+02
5.780000e-06	6.126159e-09	2.507556e-09	2.848339e+01	2.947818e+02
5.790000e-06	6.048693e-09	2.471996e-09	2.812322e+01	2.908209e+02
5.800000e-06	5.970869e-09	2.430526e-09	2.776138e+01	2.868448e+02
5.810000e-06	5.892670e-09	2.388164e-09	2.739780e+01	2.828537e+02
5.820000e-06	5.814119e-09	2.349280e-09	2.703259e+01	2.788478e+02
5.830000e-06	5.735224e-09	2.313352e-09	2.666577e+01	2.748273e+02
5.840000e-06	5.655948e-09	2.277748e-09	2.629718e+01	2.707923e+02
5.850000e-06	5.576327e-09	2.240533e-09	2.592699e+01	2.667432e+02
5.860000e-06	5.496414e-09	2.205452e-09	2.555544e+01	2.626801e+02
5.870000e-06	5.416228e-09	2.172722e-09	2.518261e+01	2.586033e+02
5.880000e-06	5.335798e-09	2.138271e-09	2.480866e+01	2.545129e+02
5.890000e-06	5.255146e-09	2.100763e-09	2.443367e+01	2.504091e+02
5.900000e-06	5.174263e-09	2.060262e-09	2.405761e+01	2.462923e+02
5.910000e-06	5.093151e-09	2.021225e-09	2.368048e+01	2.421625e+02
5.920000e-06	5.011812e-09	1.986574e-09	2.330230e+01	2.380201e+02
5.930000e-06	4.930254e-09	1.952884e-09	2.292310e+01	2.338652e+02
5.940000e-06	4.848478e-09	1.918016e-09	2.254289e+01	2.296981e+02
5.950000e-06	4.766470e-09	1.882248e-09	2.216160e+01	2.255189e+02
5.960000e-06	4.684249e-09	1.846319e-09	2.177932e+01	2.213279e+02
5.970000e-06	4.601805e-09	1.811813e-09	2.139600e+01	2.171254e+02
5.980000e-06	4.519145e-09	1.776892e-09	2.101167e+01	2.129114e+02
5.990000e-06	4.436279e-09	1.738137e-09	2.062639e+01	2.086863e+02
6.000000e-06	4.353201e-09	1.698485e-09	2.024012e+01	2.044503e+02
6.010000e-06	4.269912e-09	1.659598e-09	1.985287e+01	2.002036e+02
6.020000e-06	4.186418e-09	1.621549e-09	1.946467e+01	1.959464e+02
6.030000e-06	4.102700e-09	1.586510e-09	1.907543e+01	1.916790e+02
6.040000e-06	4.018743e-09	1.551198e-09	1.868508e+01	1.874015e+02
6.050000e-06	3.934566e-09	1.517153e-09	1.829370e+01	1.831142e+02
6.060000e-06	3.850168e-09	1.484835e-09	1.790130e+01	1.788173e+02
6.070000e-06	3.765558e-09	1.450680e-09	1.750791e+01	1.745111e+02
6.080000e-06	3.680734e-09	1.414838e-09	1.711353e+01	1.701957e+02
6.090000e-06	3.595703e-09	1.376195e-09	1.671818e+01	1.658714e+02
6.100000e-06	3.510472e-09	1.337285e-09	1.632190e+01	1.615385e+02
6.110000e-06	3.425025e-09	1.298056e-09	1.592462e+01	1.571971e+02
6.120000e-06	3.339414e-09	1.258625e-09	1.552658e+01	1.528475e+02
6.130000e-06	3.253653e-09	1.221412e-09	1.512784e+01	1.484899e+02
6.140000e-06	3.167740e-09	1.187452e-09	1.472839e+01	1.441245e+02
6.150000e-06	3.081699e-09	1.156359e-09	1.432835e+01	1.397516e+02
6.160000e-06	2.995526e-09	1.124392e-09	1.392770e+01	1.353714e+02
6.170000e-06	2.909212e-09	1.090010e-09	1.352639e+01	1.309841e+02
6.180000e-06	2.822747e-09	1.053897e-09	1.312437e+01	1.265899e+02
6.190000e-06	2.736125e-09	1.016235e-09	1.272163e+01	1.221892e+02
6.200000e-06	2.649342e-09	9.772582e-10	1.231814e+01	1.177820e+02
6.210000e-06	2.562376e-09	9.355935e-10	1.191379e+01	1.133687e+02
6.220000e-06	2.475260e-09	8.969073e-10	1.150875e+01	1.089495e+02
6.230000e-06	2.387998e-09	8.639536e-10	1.110303e+01	1.045246e+02
6.240000e-06	2.300575e-09	8.345948e-10	1.069656e+01	1.000943e+02
6.250000e-06	2.213018e-09	8.062453e-10	1.028947e+01	9.565867e+01
6.260000e-06	2.125335e-09	7.714570e-10	9.881798e+00	9.121809e+01
6.270000e-06	2.037542e-09	7.314408e-10	9.473607e+00	8.677276e+01
6.280000e-06	1.949656e-09	6.907974e-10	9.064984e+00	8.232290e+01
6.290000e-06	1.861690e-09	6.522766e-10	8.655993e+00	7.786874e+01
6.300000e-06	1.773639e-09	6.152151e-10	8.246605e+00	7.341054e+01
6.310000e-06	1.685524e-09	5.754020e-10	7.836917e+00	6.894850e+01
6.320000e-06	1.597351e-09	5.365587e-10	7.426960e+00	6.448288e+01
6.330000e-06	1.509084e-09	5.022695e-10	7.016567e+00	6.001390e+01
6.340000e-06	1.420717e-09	4.718645e-10	6.605709e+00	5.554181e+01
6.350000e-06	1.332259e-09	4.409346e-10	6.194428e+00	5.106682e+01
6.360000e-06	1.243719e-09	4.013517e-10	5.782768e+00	4.658919e+01
6.370000e-06	1.155133e-09	3.576251e-10	5.370891e+00	4.210914e+01
6.380000e-06	1.066495e-09	3.147082e-10	4.958769e+00	3.762692e+01
6.390000e-06	9.778077e-10	2.737170e-10	4.546423e+00	3.314274e+01
6.400000e-06	8.890886e-10	2.381772e-10	4.133928e+00	2.865686e+01
6.410000e-06	8.003392e-10	2.009877e-10	3.721292e+00	2.416950e+01
6.420000e-06	7.115641e-10	1.654793e-10	3.308536e+00	1.968091e+01
6.430000e-06	6.227760e-10	1.305640e-10	2.895721e+00	1.519131e+01
6.440000e-06	5.339587e-10	9.101901e-11	2.482768e+00	1.070095e+01
6.450000e-06	4.450998e-10	5.276339e-11	2.069623e+00	6.210056e+00
6.460000e-06	3.562408e-10	1.411108e-11	1.656476e+00	1.718866e+00
6.470000e-06	2.673883e-10	-1.612252e-11	1.243360e+00	-2.772384e+00
6.480000e-06	1.785085e-10	-4.336227e-11	8.301176e-01	-7.263457e+00
6.490000e-06	8.961029e-11	-7.531373e-11	4.167891e-01	-1.175412e+01
6.500000e-06	7.067486e-13	-1.137762e-10	3.435849e-03	-1.624413e+01
6.510000e-06	-8.821876e-11	-1.604777e-10	-4.100194e-01	-2.073326e+01
6.520000e-06	-1.771563e-10	-2.020742e-10	-8.235304e-01	-2.522127e+01
6.530000e-06	-2.660813e-10	-2.415158e-10	-1.236983e+00	-2.970793e+01
6.540000e-06	-3.549715e-10	-2.785392e-10	-1.650275e+00	-3.419300e+01
6.550000e-06	-4.438115e-10	-3.107706e-10	-2.063333e+00	-3.867623e+01
6.560000e-06	-5.326249e-10	-3.407976e-10	-2.476267e+00	-4.315741e+01
6.570000e-06	-6.214068e-10	-3.687293e-10	-2.889054e+00	-4.763630e+01
6.580000e-06	-7.101248e-10	-4.042211e-10	-3.301545e+00	-5.211265e+01
6.590000e-06	-7.988029e-10	-4.469692e-10	-3.713850e+00	-5.658623e+01
6.600000e-06	-8.874552e-10	-4.911203e-10	-4.126035e+00	-6.105681e+01
6.610000e-06	-9.760787e-10	-5.315975e-10	-4.538086e+00	-6.552416e+01
6.620000e-06	-1.064645e-09	-5.642641e-10	-4.949870e+00	-6.998803e+01
6.630000e-06	-1.153172e-09	-5.926321e-10	-5.361474e+00	-7.444821e+01
6.640000e-06	-1.241659e-09	-6.228638e-10	-5.772891e+00	-7.890444e+01
6.650000e-06	-1.330075e-09	-6.568155e-10	-6.183977e+00	-8.335649e+01
6.660000e-06	-1.418417e-09	-6.929119e-10	-6.594721e+00	-8.780415e+01
6.670000e-06	-1.506672e-09	-7.319296e-10	-7.005056e+00	-9.224716e+01
6.680000e-06	-1.594859e-09	-7.737514e-10	-7.415079e+00	-9.668529e+01
6.690000e-06	-1.682962e-09	-8.151446e-10	-7.824709e+00	-1.011183e+02
6.700000e-06	-1.770937e-09	-8.521329e-10	-8.233744e+00	-1.055460e+02
6.710000e-06	-1.858797e-09	-8.830910e-10	-8.642247e+00	-1.099681e+02
6.720000e-06	-1.946549e-09	-9.123345e-10	-9.050245e+00	-1.143844e+02
6.730000e-06	-2.034174e-09	-9.476607e-10	-9.457653e+00	-1.187947e+02
6.740000e-06	-2.121708e-09	-9.881073e-10	-9.864638e+00	-1.231987e+02
6.750000e-06	-2.209137e-09	-1.026993e-09	-1.027114e+01	-1.275963e+02
6.760000e-06	-2.296410e-09	-1.061578e-09	-1.067691e+01	-1.319870e+02
6.770000e-06	-2.383549e-09	-1.096092e-09	-1.108206e+01	-1.363709e+02
6.780000e-06	-2.470584e-09	-1.134748e-09	-1.148672e+01	-1.407475e+02
6.790000e-06	-2.557493e-09	-1.176046e-09	-1.189080e+01	-1.451167e+02
6.800000e-06	-2.644250e-09	-1.213722e-09	-1.229417e+01	-1.494783e+02
6.810000e-06	-2.730865e-09	-1.244282e-09	-1.269689e+01	-1.538320e+02
6.820000e-06	-2.817299e-09	-1.276872e-09	-1.309876e+01	-1.581775e+02
6.830000e-06	-2.903547e-09	-1.315311e-09	-1.349976e+01	-1.625148e+02
6.840000e-06	-2.989656e-09	-1.354277e-09	-1.390012e+01	-1.668435e+02
6.850000e-06	-3.075606e-09	-1.391036e-09	-1.429974e+01	-1.711633e+02
6.860000e-06	-3.161384e-09	-1.424303e-09	-1.469856e+01	-1.754742e+02
6.870000e-06	-3.247000e-09	-1.458666e-09	-1.509662e+01	-1.797758e+02
6.880000e-06	-3.332454e-09	-1.494660e-09	-1.549394e+01	-1.840680e+02
6.890000e-06	-3.417734e-09	-1.527826e-09	-1.589044e+01	-1.883505e+02
6.900000e-06	-3.502845e-09	-1.556369e-09	-1.628616e+01	-1.926230e+02
6.910000e-06	-3.587781e-09	-1.584258e-09	-1.668107e+01	-1.968854e+02
6.920000e-06	-3.672534e-09	-1.619434e-09	-1.707512e+01	-2.011375e+02
6.930000e-06	-3.757096e-09	-1.659476e-09	-1.746829e+01	-2.053789e+02
6.940000e-06	-3.841450e-09	-1.698603e-09	-1.786049e+01	-2.096095e+02
6.950000e-06	-3.925570e-09	-1.733766e-09	-1.825160e+01	-2.138291e+02
6.960000e-06	-4.009440e-09	-1.765906e-09	-1.864155e+01	-2.180375e+02
6.970000e-06	-4.093069e-09	-1.798969e-09	-1.903038e+01	-2.222343e+02
6.980000e-06	-4.176442e-09	-1.835329e-09	-1.941801e+01	-2.264195e+02
6.990000e-06	-4.259583e-09	-1.871159e-09	-1.980458e+01	-2.305928e+02
7.000000e-06	-4.342507e-09	-1.903004e-09	-2.019013e+01	-2.347539e+02
7.010000e-06	-4.425229e-09	-1.935733e-09	-2.057474e+01	-2.389026e+02
7.020000e-06	-4.507745e-09	-1.971645e-09	-2.095840e+01	-2.430388e+02
7.030000e-06	-4.590053e-09	-2.012097e-09	-2.134109e+01	-2.471622e+02
7.040000e-06	-4.672192e-09	-2.051623e-09	-2.172299e+01	-2.512726e+02
7.050000e-06	-4.754162e-09	-2.084826e-09	-2.210410e+01	-2.553697e+02
7.060000e-06	-4.835917e-09	-2.117594e-09	-2.248422e+01	-2.594535e+02
7.070000e-06	-4.917436e-09	-2.152331e-09	-2.286324e+01	-2.635235e+02
7.080000e-06	-4.998732e-09	-2.190709e-09	-2.324122e+01	-2.675797e+02
7.090000e-06	-5.079817e-09	-2.227782e-09	-2.361822e+01	-2.716219e+02
7.100000e-06	-5.160661e-09	-2.262622e-09	-2.399410e+01	-2.756497e+02
7.110000e-06	-5.241238e-09	-2.298999e-09	-2.436874e+01	-2.796630e+02
7.120000e-06	-5.321549e-09	-2.334882e-09	-2.474214e+01	-2.836617e+02
7.130000e-06	-5.401572e-09	-2.369147e-09	-2.511421e+01	-2.876454e+02
7.140000e-06	-5.481314e-09	-2.399321e-09	-2.548497e+01	-2.916139e+02
7.150000e-06	-5.560724e-09	-2.429738e-09	-2.585418e+01	-2.955672e+02
7.160000e-06	-5.639753e-09	-2.464712e-09	-2.622162e+01	-2.995048e+02
7.170000e-06	-5.718440e-09	-2.503025e-09	-2.658747e+01	-3.034268e+02
7.180000e-06	-5.796834e-09	-2.539170e-09	-2.695196e+01	-3.073327e+02
7.190000e-06	-5.874926e-09	-2.568621e-09	-2.731504e+01	-3.112225e+02
7.200000e-06	-5.952676e-09	-2.600219e-09	-2.767654e+01	-3.150959e+02
7.210000e-06	-6.030093e-09	-2.636765e-09	-2.803648e+01	-3.189528e+02
7.220000e-06	-6.107134e-09	-2.673616e-09	-2.839468e+01	-3.227929e+02
7.230000e-06	-6.183763e-09	-2.708639e-09	-2.875096e+01	-3.266160e+02
7.240000e-06	-6.260000e-09	-2.740575e-09	-2.910542e+01	-3.304219e+02
7.250000e-06	-6.335814e-09	-2.775672e-09	-2.945791e+01	-3.342104e+02
7.260000e-06	-6.411214e-09	-2.813102e-09	-2.980848e+01	-3.379814e+02
7.270000e-06	-6.486251e-09	-2.847763e-09	-3.015736e+01	-3.417346e+02
7.280000e-06	-6.560967e-09	-2.877197e-09	-3.050475e+01	-3.454698e+02
7.290000e-06	-6.635358e-09	-2.909347e-09	-3.085063e+01	-3.491869e+02
7.300000e-06	-6.709404e-09	-2.947228e-09	-3.119490e+01	-3.528855e+02
7.310000e-06	-6.783109e-09	-2.985114e-09	-3.153759e+01	-3.565657e+02
7.320000e-06	-6.856494e-09	-3.021186e-09	-3.187879e+01	-3.602271e+02
7.330000e-06	-6.929573e-09	-3.049051e-09	-3.221857e+01	-3.638695e+02
7.340000e-06	-7.002353e-09	-3.075465e-09	-3.255696e+01	-3.674928e+02
7.350000e-06	-7.074829e-09	-3.102642e-09	-3.289393e+01	-3.710968e+02
7.360000e-06	-7.146984e-09	-3.134375e-09	-3.322942e+01	-3.746812e+02
7.370000e-06	-7.218769e-09	-3.172881e-09	-3.356318e+01	-3.782460e+02
7.380000e-06	-7.290144e-09	-3.211835e-09	-3.389503e+01	-3.817909e+02
7.390000e-06	-7.361102e-09	-3.252272e-09	-3.422495e+01	-3.853157e+02
7.400000e-06	-7.431630e-09	-3.286792e-09	-3.455287e+01	-3.888202e+02
7.410000e-06	-7.501745e-09	-3.313474e-09	-3.487886e+01	-3.923043e+02
7.420000e-06	-7.571458e-09	-3.336577e-09	-3.520298e+01	-3.957678e+02
7.430000e-06	-7.640782e-09	-3.359726e-09	-3.552531e+01	-3.992104e+02
7.440000e-06	-7.709687e-09	-3.388460e-09	-3.584567e+01	-4.026321e+02
7.450000e-06	-7.778150e-09	-3.423574e-09	-3.616399e+01	-4.060326e+02
7.460000e-06	-7.846183e-09	-3.463114e-09	-3.648031e+01	-4.094118e+02
7.470000e-06	-7.913783e-09	-3.500302e-09	-3.679461e+01	-4.127694e+02
7.480000e-06	-7.980979e-09	-3.530185e-09	-3.710703e+01	-4.161053e+02
7.490000e-06	-8.047799e-09	-3.557401e-09	-3.741771e+01	-4.194194e+02
7.500000e-06	-8.114254e-09	-3.585132e-09	-3.772670e+01	-4.227114e+02
7.510000e-06	-8.180321e-09	-3.613894e-09	-3.803387e+01	-4.259812e+02
7.520000e-06	-8.245975e-09	-3.643840e-09	-3.833913e+01	-4.292286e+02
7.530000e-06	-8.311231e-09	-3.676538e-09	-3.864253e+01	-4.324534e+02
7.540000e-06	-8.376102e-09	-3.709721e-09	-3.894415e+01	-4.356555e+02
7.550000e-06	-8.440600e-09	-3.740425e-09	-3.924403e+01	-4.388346e+02
7.560000e-06	-8.504736e-09	-3.770307e-09	-3.954223e+01	-4.419908e+02
7.570000e-06	-8.568489e-09	-3.798776e-09	-3.983864e+01	-4.451236e+02
7.580000e-06	-8.631789e-09	-3.827271e-09	-4.013296e+01	-4.482331e+02
7.590000e-06	-8.694601e-09	-3.855771e-09	-4.042499e+01	-4.513190e+02
7.600000e-06	-8.756902e-09	-3.884959e-09	-4.071466e+01	-4.543812e+02
7.610000e-06	-8.818669e-09	-3.915547e-09	-4.100184e+01	-4.574195e+02
7.620000e-06	-8.879942e-09	-3.944750e-09	-4.128673e+01	-4.604338e+02
7.630000e-06	-8.940704e-09	-3.973654e-09	-4.156924e+01	-4.634238e+02
7.640000e-06	-9.000922e-09	-4.004403e-09	-4.184922e+01	-4.663895e+02
7.650000e-06	-9.060637e-09	-4.037197e-09	-4.212687e+01	-4.693307e+02
7.660000e-06	-9.119898e-09	-4.069158e-09	-4.240240e+01	-4.722472e+02
7.670000e-06	-9.178752e-09	-4.098200e-09	-4.267603e+01	-4.751389e+02
7.680000e-06	-9.237213e-09	-4.125497e-09	-4.294785e+01	-4.780056e+02
7.690000e-06	-9.295195e-09	-4.153815e-09	-4.321743e+01	-4.808472e+02
7.700000e-06	-9.352681e-09	-4.183502e-09	-4.348471e+01	-4.836635e+02
7.710000e-06	-9.409723e-09	-4.213490e-09	-4.374993e+01	-4.864543e+02
7.720000e-06	-9.466344e-09	-4.242718e-09	-4.401318e+01	-4.892197e+02
7.730000e-06	-9.522536e-09	-4.270392e-09	-4.427445e+01	-4.919593e+02
7.740000e-06	-9.578274e-09	-4.298912e-09	-4.453360e+01	-4.946730e+02
7.750000e-06	-9.633490e-09	-4.329169e-09	-4.479032e+01	-4.973607e+02
7.760000e-06	-9.688125e-09	-4.357245e-09	-4.504435e+01	-5.000223e+02
7.770000e-06	-9.742169e-09	-4.380932e-09	-4.529562e+01	-5.026576e+02
7.780000e-06	-9.795579e-09	-4.404239e-09	-4.554395e+01	-5.052665e+02
7.790000e-06	-9.848320e-09	-4.431512e-09	-4.578917e+01	-5.078489e+02
7.800000e-06	-9.900393e-09	-4.461329e-09	-4.603128e+01	-5.104045e+02
7.810000e-06	-9.951867e-09	-4.487852e-09	-4.627060e+01	-5.129333e+02
7.820000e-06	-1.000280e-08	-4.509819e-09	-4.650743e+01	-5.154352e+02
7.830000e-06	-1.005320e-08	-4.532431e-09	-4.674177e+01	-5.179099e+02
7.840000e-06	-1.010305e-08	-4.559256e-09	-4.697351e+01	-5.203575e+02
7.850000e-06	-1.015226e-08	-4.586744e-09	-4.720233e+01	-5.227777e+02
7.860000e-06	-1.020079e-08	-4.608517e-09	-4.742794e+01	-5.251704e+02
7.870000e-06	-1.024866e-08	-4.625642e-09	-4.765051e+01	-5.275355e+02
7.880000e-06	-1.029590e-08	-4.643396e-09	-4.787019e+01	-5.298729e+02
7.890000e-06	-1.034257e-08	-4.665580e-09	-4.808715e+01	-5.321824e+02
7.900000e-06	-1.038870e-08	-4.690336e-09	-4.830166e+01	-5.344640e+02
7.910000e-06	-1.043433e-08	-4.713180e-09	-4.851378e+01	-5.367175e+02
7.920000e-06	-1.047946e-08	-4.732949e-09	-4.872362e+01	-5.389428e+02
7.930000e-06	-1.052415e-08	-4.756091e-09	-4.893142e+01	-5.411397e+02
7.940000e-06	-1.056840e-08	-4.783175e-09	-4.913716e+01	-5.433082e+02
7.950000e-06	-1.061218e-08	-4.805978e-09	-4.934070e+01	-5.454482e+02
7.960000e-06	-1.065551e-08	-4.823618e-09	-4.954217e+01	-5.475594e+02
7.970000e-06	-1.069842e-08	-4.835302e-09	-4.974167e+01	-5.496419e+02
7.980000e-06	-1.074087e-08	-4.849903e-09	-4.993905e+01	-5.516956e+02
7.990000e-06	-1.078281e-08	-4.867910e-09	-5.013404e+01	-5.537202e+02
8.000000e-06	-1.082424e-08	-4.884316e-09	-5.032665e+01	-5.557157e+02
8.010000e-06	-1.086516e-08	-4.900918e-09	-5.051692e+01	-5.576820e+02
8.020000e-06	-1.090558e-08	-4.917994e-09	-5.070484e+01	-5.596190e+02
8.030000e-06	-1.094552e-08	-4.943283e-09	-5.089058e+01	-5.615266e+02
8.040000e-06	-1.098497e-08	-4.969384e-09	-5.107398e+01	-5.634047e+02
8.050000e-06	-1.102387e-08	-4.987284e-09	-5.125484e+01	-5.652532e+02
8.060000e-06	-1.106211e-08	-4.992740e-09	-5.143262e+01	-5.670719e+02
8.070000e-06	-1.109958e-08	-4.993525e-09	-5.160687e+01	-5.688609e+02
8.080000e-06	-1.113633e-08	-5.004018e-09	-5.177774e+01	-5.706200e+02
8.090000e-06	-1.117244e-08	-5.021717e-09	-5.194560e+01	-5.723491e+02
8.100000e-06	-1.120800e-08	-5.042225e-09	-5.211096e+01	-5.740481e+02
8.110000e-06	-1.124311e-08	-5.059051e-09	-5.227418e+01	-5.757169e+02
8.120000e-06	-1.127772e-08	-5.075024e-09	-5.243514e+01	-5.773555e+02
8.130000e-06	-1.131180e-08	-5.092846e-09	-5.259359e+01	-5.789637e+02
8.140000e-06	-1.134530e-08	-5.108026e-09	-5.274932e+01	-5.805415e+02
8.150000e-06	-1.137823e-08	-5.115515e-09	-5.290244e+01	-5.820888e+02
8.160000e-06	-1.141064e-08	-5.116921e-09	-5.305312e+01	-5.836056e+02
8.170000e-06	-1.144253e-08	-5.123526e-09	-5.320140e+01	-5.850916e+02
8.180000e-06	-1.147392e-08	-5.139666e-09	-5.334734e+01	-5.865469e+02
8.190000e-06	-1.150469e-08	-5.161068e-09	-5.349039e+01	-5.879714e+02
8.200000e-06	-1.153469e-08	-5.175702e-09	-5.362989e+01	-5.893649e+02
8.210000e-06	-1.156384e-08	-5.181629e-09	-5.376543e+01	-5.907275e+02
8.220000e-06	-1.159223e-08	-5.187204e-09	-5.389742e+01	-5.920591e+02
8.230000e-06	-1.162006e-08	-5.196150e-09	-5.402682e+01	-5.933595e+02
8.240000e-06	-1.164744e-08	-5.206859e-09	-5.415410e+01	-5.946288e+02
8.250000e-06	-1.167432e-08	-5.214976e-09	-5.427911e+01	-5.958668e+02
8.260000e-06	-1.170062e-08	-5.221361e-09	-5.440136e+01	-5.970735e+02
8.270000e-06	-1.172630e-08	-5.229189e-09	-5.452077e+01	-5.982488e+02
8.280000e-06	-1.175136e-08	-5.240638e-09	-5.463731e+01	-5.993927e+02
8.290000e-06	-1.177583e-08	-5.251959e-09	-5.475108e+01	-6.005051e+02
8.300000e-06	-1.179982e-08	-5.257293e-09	-5.486261e+01	-6.015859e+02
8.310000e-06	-1.182336e-08	-5.258595e-09	-5.497205e+01	-6.026351e+02
8.320000e-06	-1.184634e-08	-5.262931e-09	-5.507891e+01	-6.036526e+02
8.330000e-06	-1.186856e-08	-5.273527e-09	-5.518223e+01	-6.046384e+02
8.340000e-06	-1.188989e-08	-5.285464e-09	-5.528140e+01	-6.055925e+02
8.350000e-06	-1.191040e-08	-5.291392e-09	-5.537676e+01	-6.065147e+02
8.360000e-06	-1.193029e-08	-5.290680e-09	-5.546925e+01	-6.074051e+02
8.370000e-06	-1.194973e-08	-5.292960e-09	-5.555960e+01	-6.082635e+02
8.380000e-06	-1.196869e-08	-5.302544e-09	-5.564779e+01	-6.090899e+02
8.390000e-06	-1.198710e-08	-5.313442e-09	-5.573339e+01	-6.098844e+02
8.400000e-06	-1.200494e-08	-5.319630e-09	-5.581630e+01	-6.106468e+02
8.410000e-06	-1.202217e-08	-5.320598e-09	-5.589644e+01	-6.113771e+02
8.420000e-06	-1.203880e-08	-5.321789e-09	-5.597373e+01	-6.120753e+02
8.430000e-06	-1.205488e-08	-5.326534e-09	-5.604854e+01	-6.127413e+02
8.440000e-06	-1.207052e-08	-5.332751e-09	-5.612125e+01	-6.133752e+02
8.450000e-06	-1.208560e-08	-5.337133e-09	-5.619136e+01	-6.139767e+02
8.460000e-06	-1.209977e-08	-5.341743e-09	-5.625721e+01	-6.145461e+02
8.470000e-06	-1.211288e-08	-5.347564e-09	-5.631819e+01	-6.150831e+02
8.480000e-06	-1.212517e-08	-5.355870e-09	-5.637531e+01	-6.155878e+02
8.490000e-06	-1.213681e-08	-5.359750e-09	-5.642947e+01	-6.160602e+02
8.500000e-06	-1.214787e-08	-5.355217e-09	-5.648087e+01	-6.165002e+02
8.510000e-06	-1.215829e-08	-5.348249e-09	-5.652933e+01	-6.169078e+02
8.520000e-06	-1.216811e-08	-5.344617e-09	-5.657498e+01	-6.172829e+02
8.530000e-06	-1.217735e-08	-5.353420e-09	-5.661795e+01	-6.176257e+02
8.540000e-06	-1.218598e-08	-5.364465e-09	-5.665806e+01	-6.179359e+02
8.550000e-06	-1.219406e-08	-5.371856e-09	-5.669564e+01	-6.182137e+02
8.560000e-06	-1.220171e-08	-5.373795e-09	-5.673121e+01	-6.184591e+02
8.570000e-06	-1.220887e-08	-5.372117e-09	-5.676448e+01	-6.186719e+02
8.580000e-06	-1.221528e-08	-5.370258e-09	-5.679428e+01	-6.188522e+02
8.590000e-06	-1.222075e-08	-5.364422e-09	-5.681974e+01	-6.190000e+02
8.600000e-06	-1.222534e-08	-5.358071e-09	-5.684107e+01	-6.191152e+02
8.610000e-06	-1.222929e-08	-5.352747e-09	-5.685945e+01	-6.191980e+02
8.620000e-06	-1.223282e-08	-5.356711e-09	-5.687585e+01	-6.192482e+02
8.630000e-06	-1.223583e-08	-5.364843e-09	-5.688985e+01	-6.192658e+02
8.640000e-06	-1.223822e-08	-5.367719e-09	-5.690097e+01	-6.192509e+02
8.650000e-06	-1.224006e-08	-5.364117e-09	-5.690952e+01	-6.192035e+02
8.660000e-06	-1.224135e-08	-5.353959e-09	-5.691550e+01	-6.191235e+02
8.670000e-06	-1.224191e-08	-5.344709e-09	-5.691812e+01	-6.190110e+02
