# Temperatura_=_20.0
# Concentracion g/m^3_=_10000.0
# C_Vs_to_Am_M_A/Vsm_=_116720831517.84952
# pendiente_HvsI_1/m_=_3716.3
# ordenada_HvsI_A/m_=_1297.0
# frecuencia_Hz_=_269774.08139107237
# Promedio de 26 ciclos

Tiempo_(s)	Campo_(V.s)	Magnetizacion_(V.s)	Campo_(kA/m)	Magnetizacion_(A/m)
0.000000e+00	-1.008253e-08	-4.484991e-09	-4.950713e+01	-5.213345e+02
1.000000e-08	-1.007997e-08	-4.485560e-09	-4.949456e+01	-5.210685e+02
2.000000e-08	-1.007464e-08	-4.483974e-09	-4.946841e+01	-5.206526e+02
3.000000e-08	-1.006670e-08	-4.478636e-09	-4.942942e+01	-5.200870e+02
4.000000e-08	-1.005591e-08	-4.471980e-09	-4.937641e+01	-5.193718e+02
5.000000e-08	-1.004210e-08	-4.459955e-09	-4.930864e+01	-5.185073e+02
6.000000e-08	-1.002530e-08	-4.445552e-09	-4.922613e+01	-5.174936e+02
7.000000e-08	-1.000583e-08	-4.425189e-09	-4.913053e+01	-5.163310e+02
8.000000e-08	-9.983915e-09	-4.400450e-09	-4.902292e+01	-5.150200e+02
9.000000e-08	-9.958946e-09	-4.427399e-09	-4.890032e+01	-5.135609e+02
1.000000e-07	-9.930465e-09	-4.437185e-09	-4.876047e+01	-5.119540e+02
1.100000e-07	-9.898654e-09	-4.390923e-09	-4.860427e+01	-5.101999e+02
1.200000e-07	-9.863828e-09	-4.378062e-09	-4.843327e+01	-5.082991e+02
1.300000e-07	-9.826572e-09	-4.336756e-09	-4.825034e+01	-5.062521e+02
1.400000e-07	-9.787475e-09	-4.256214e-09	-4.805836e+01	-5.040595e+02
1.500000e-07	-9.746024e-09	-4.334423e-09	-4.785483e+01	-5.017219e+02
1.600000e-07	-9.701811e-09	-4.292926e-09	-4.763773e+01	-4.992400e+02
1.700000e-07	-9.655141e-09	-4.199871e-09	-4.740857e+01	-4.966145e+02
1.800000e-07	-9.605400e-09	-4.305631e-09	-4.716434e+01	-4.938462e+02
1.900000e-07	-9.552485e-09	-4.215578e-09	-4.690451e+01	-4.909358e+02
2.000000e-07	-9.497174e-09	-4.156304e-09	-4.663293e+01	-4.878843e+02
2.100000e-07	-9.439213e-09	-4.200553e-09	-4.634832e+01	-4.846924e+02
2.200000e-07	-9.378571e-09	-4.089659e-09	-4.605056e+01	-4.813611e+02
2.300000e-07	-9.315371e-09	-4.079336e-09	-4.574024e+01	-4.778914e+02
2.400000e-07	-9.249311e-09	-4.083586e-09	-4.541587e+01	-4.742842e+02
2.500000e-07	-9.180597e-09	-4.027877e-09	-4.507847e+01	-4.705406e+02
2.600000e-07	-9.109279e-09	-4.029601e-09	-4.472829e+01	-4.666616e+02
2.700000e-07	-9.035153e-09	-3.964820e-09	-4.436431e+01	-4.626485e+02
2.800000e-07	-8.958179e-09	-3.917568e-09	-4.398635e+01	-4.585022e+02
2.900000e-07	-8.878339e-09	-3.875632e-09	-4.359433e+01	-4.542241e+02
3.000000e-07	-8.795812e-09	-3.851414e-09	-4.318910e+01	-4.498153e+02
3.100000e-07	-8.710806e-09	-3.823188e-09	-4.277170e+01	-4.452771e+02
3.200000e-07	-8.623356e-09	-3.765533e-09	-4.234231e+01	-4.406109e+02
3.300000e-07	-8.533348e-09	-3.753490e-09	-4.190035e+01	-4.358179e+02
3.400000e-07	-8.440893e-09	-3.682409e-09	-4.144638e+01	-4.308995e+02
3.500000e-07	-8.346072e-09	-3.640815e-09	-4.098079e+01	-4.258572e+02
3.600000e-07	-8.248609e-09	-3.602463e-09	-4.050223e+01	-4.206924e+02
3.700000e-07	-8.148561e-09	-3.525894e-09	-4.001097e+01	-4.154065e+02
3.800000e-07	-8.046083e-09	-3.502656e-09	-3.950778e+01	-4.100012e+02
3.900000e-07	-7.941176e-09	-3.465894e-09	-3.899267e+01	-4.044779e+02
4.000000e-07	-7.833909e-09	-3.421873e-09	-3.846597e+01	-3.988383e+02
4.100000e-07	-7.724466e-09	-3.365151e-09	-3.792858e+01	-3.930839e+02
4.200000e-07	-7.612888e-09	-3.298372e-09	-3.738071e+01	-3.872165e+02
4.300000e-07	-7.498900e-09	-3.246493e-09	-3.682101e+01	-3.812376e+02
4.400000e-07	-7.382423e-09	-3.195828e-09	-3.624909e+01	-3.751491e+02
4.500000e-07	-7.263680e-09	-3.155298e-09	-3.566603e+01	-3.689526e+02
4.600000e-07	-7.142917e-09	-3.096317e-09	-3.507306e+01	-3.626500e+02
4.700000e-07	-7.020243e-09	-3.038911e-09	-3.447071e+01	-3.562430e+02
4.800000e-07	-6.895653e-09	-2.986649e-09	-3.385895e+01	-3.497336e+02
4.900000e-07	-6.769199e-09	-2.922814e-09	-3.323804e+01	-3.431235e+02
5.000000e-07	-6.640840e-09	-2.864016e-09	-3.260777e+01	-3.364146e+02
5.100000e-07	-6.510573e-09	-2.797042e-09	-3.196814e+01	-3.296090e+02
5.200000e-07	-6.378499e-09	-2.739193e-09	-3.131962e+01	-3.227085e+02
5.300000e-07	-6.244786e-09	-2.691098e-09	-3.066307e+01	-3.157152e+02
5.400000e-07	-6.109504e-09	-2.636161e-09	-2.999881e+01	-3.086310e+02
5.500000e-07	-5.972476e-09	-2.571227e-09	-2.932597e+01	-3.014580e+02
5.600000e-07	-5.833570e-09	-2.494845e-09	-2.864392e+01	-2.941983e+02
5.700000e-07	-5.692771e-09	-2.425097e-09	-2.795257e+01	-2.868538e+02
5.800000e-07	-5.550190e-09	-2.363030e-09	-2.725247e+01	-2.794268e+02
5.900000e-07	-5.405968e-09	-2.302419e-09	-2.654431e+01	-2.719194e+02
6.000000e-07	-5.260199e-09	-2.237830e-09	-2.582856e+01	-2.643337e+02
6.100000e-07	-5.112985e-09	-2.169613e-09	-2.510571e+01	-2.566719e+02
6.200000e-07	-4.964379e-09	-2.105549e-09	-2.437603e+01	-2.489362e+02
6.300000e-07	-4.814386e-09	-2.041259e-09	-2.363953e+01	-2.411289e+02
6.400000e-07	-4.662930e-09	-1.972993e-09	-2.289585e+01	-2.332521e+02
6.500000e-07	-4.510008e-09	-1.900942e-09	-2.214498e+01	-2.253082e+02
6.600000e-07	-4.355718e-09	-1.828640e-09	-2.138739e+01	-2.172994e+02
6.700000e-07	-4.200084e-09	-1.760876e-09	-2.062319e+01	-2.092280e+02
6.800000e-07	-4.043154e-09	-1.694368e-09	-1.985263e+01	-2.010964e+02
6.900000e-07	-3.885020e-09	-1.623454e-09	-1.907616e+01	-1.929069e+02
7.000000e-07	-3.725698e-09	-1.547023e-09	-1.829387e+01	-1.846617e+02
7.100000e-07	-3.565210e-09	-1.469817e-09	-1.750584e+01	-1.763634e+02
7.200000e-07	-3.403689e-09	-1.398667e-09	-1.671274e+01	-1.680143e+02
7.300000e-07	-3.241210e-09	-1.329854e-09	-1.591494e+01	-1.596167e+02
7.400000e-07	-3.077755e-09	-1.258744e-09	-1.511234e+01	-1.511732e+02
7.500000e-07	-2.913303e-09	-1.186260e-09	-1.430485e+01	-1.426861e+02
7.600000e-07	-2.747897e-09	-1.113607e-09	-1.349267e+01	-1.341578e+02
7.700000e-07	-2.581716e-09	-1.042650e-09	-1.267670e+01	-1.255909e+02
7.800000e-07	-2.414878e-09	-9.707369e-10	-1.185749e+01	-1.169877e+02
7.900000e-07	-2.247388e-09	-8.953862e-10	-1.103508e+01	-1.083508e+02
8.000000e-07	-2.079277e-09	-8.170710e-10	-1.020962e+01	-9.968258e+01
8.100000e-07	-1.910571e-09	-7.421281e-10	-9.381244e+00	-9.098560e+01
8.200000e-07	-1.741330e-09	-6.716846e-10	-8.550239e+00	-8.226234e+01
8.300000e-07	-1.571663e-09	-6.007708e-10	-7.717139e+00	-7.351531e+01
8.400000e-07	-1.401675e-09	-5.265245e-10	-6.882468e+00	-6.474702e+01
8.500000e-07	-1.231423e-09	-4.489023e-10	-6.046500e+00	-5.595998e+01
8.600000e-07	-1.060941e-09	-3.731579e-10	-5.209400e+00	-4.715673e+01
8.700000e-07	-8.902366e-10	-2.994294e-10	-4.371208e+00	-3.833979e+01
8.800000e-07	-7.193164e-10	-2.259338e-10	-3.531957e+00	-2.951169e+01
8.900000e-07	-5.482510e-10	-1.500622e-10	-2.691993e+00	-2.067498e+01
9.000000e-07	-3.771189e-10	-7.244702e-11	-1.851702e+00	-1.183219e+01
9.100000e-07	-2.059684e-10	2.672691e-12	-1.011320e+00	-2.985857e+00
9.200000e-07	-3.481536e-11	7.578547e-11	-1.709268e-01	5.861469e+00
9.300000e-07	1.363486e-10	1.500214e-10	6.695207e-01	1.470725e+01
9.400000e-07	3.074931e-10	2.274595e-10	1.509873e+00	2.354894e+01
9.500000e-07	4.785560e-10	3.040190e-10	2.349824e+00	3.238401e+01
9.600000e-07	6.494977e-10	3.762146e-10	3.189180e+00	4.120990e+01
9.700000e-07	8.202704e-10	4.468292e-10	4.027706e+00	5.002410e+01
9.800000e-07	9.908297e-10	5.209113e-10	4.865185e+00	5.882406e+01
9.900000e-07	1.161151e-09	5.984077e-10	5.701494e+00	6.760725e+01
1.000000e-06	1.331216e-09	6.744921e-10	6.536546e+00	7.637116e+01
1.010000e-06	1.500986e-09	7.459040e-10	7.370147e+00	8.511326e+01
1.020000e-06	1.670429e-09	8.159038e-10	8.202147e+00	9.383104e+01
1.030000e-06	1.839507e-09	8.884970e-10	9.032352e+00	1.025220e+02
1.040000e-06	2.008123e-09	9.625247e-10	9.860286e+00	1.111836e+02
1.050000e-06	2.176188e-09	1.036239e-09	1.068552e+01	1.198135e+02
1.060000e-06	2.343636e-09	1.107513e-09	1.150772e+01	1.284090e+02
1.070000e-06	2.510474e-09	1.179109e-09	1.232692e+01	1.369678e+02
1.080000e-06	2.676714e-09	1.253660e-09	1.314320e+01	1.454874e+02
1.090000e-06	2.842257e-09	1.329205e-09	1.395605e+01	1.539653e+02
1.100000e-06	3.006980e-09	1.402894e-09	1.476487e+01	1.623991e+02
1.110000e-06	3.170789e-09	1.472208e-09	1.556920e+01	1.707863e+02
1.120000e-06	3.333647e-09	1.540787e-09	1.636886e+01	1.791247e+02
1.130000e-06	3.495547e-09	1.611541e-09	1.716382e+01	1.874117e+02
1.140000e-06	3.656454e-09	1.682750e-09	1.795390e+01	1.956450e+02
1.150000e-06	3.816271e-09	1.752464e-09	1.873864e+01	2.038222e+02
1.160000e-06	3.974944e-09	1.819958e-09	1.951775e+01	2.119410e+02
1.170000e-06	4.132453e-09	1.886786e-09	2.029115e+01	2.199990e+02
1.180000e-06	4.288686e-09	1.955552e-09	2.105829e+01	2.279940e+02
1.190000e-06	4.443544e-09	2.025250e-09	2.181867e+01	2.359236e+02
1.200000e-06	4.596985e-09	2.092613e-09	2.257209e+01	2.437855e+02
1.210000e-06	4.748953e-09	2.157263e-09	2.331828e+01	2.515775e+02
1.220000e-06	4.899452e-09	2.221686e-09	2.405726e+01	2.592974e+02
1.230000e-06	5.048508e-09	2.286840e-09	2.478915e+01	2.669429e+02
1.240000e-06	5.196085e-09	2.351414e-09	2.551379e+01	2.745119e+02
1.250000e-06	5.342157e-09	2.414017e-09	2.623103e+01	2.820021e+02
1.260000e-06	5.486657e-09	2.475510e-09	2.694055e+01	2.894114e+02
1.270000e-06	5.629520e-09	2.538361e-09	2.764203e+01	2.967377e+02
1.280000e-06	5.770698e-09	2.601978e-09	2.833524e+01	3.039789e+02
1.290000e-06	5.910112e-09	2.663312e-09	2.901979e+01	3.111328e+02
1.300000e-06	6.047747e-09	2.720982e-09	2.969561e+01	3.181975e+02
1.310000e-06	6.183604e-09	2.778511e-09	3.036269e+01	3.251709e+02
1.320000e-06	6.317753e-09	2.838659e-09	3.102139e+01	3.320511e+02
1.330000e-06	6.450198e-09	2.899603e-09	3.167171e+01	3.388359e+02
1.340000e-06	6.580836e-09	2.958604e-09	3.231317e+01	3.455235e+02
1.350000e-06	6.709640e-09	3.013947e-09	3.294562e+01	3.521120e+02
1.360000e-06	6.836628e-09	3.067347e-09	3.356916e+01	3.585995e+02
1.370000e-06	6.961834e-09	3.120902e-09	3.418395e+01	3.649840e+02
1.380000e-06	7.085174e-09	3.174446e-09	3.478957e+01	3.712638e+02
1.390000e-06	7.206529e-09	3.227872e-09	3.538544e+01	3.774371e+02
1.400000e-06	7.325852e-09	3.280648e-09	3.597134e+01	3.835020e+02
1.410000e-06	7.443046e-09	3.334567e-09	3.654679e+01	3.894569e+02
1.420000e-06	7.557944e-09	3.387065e-09	3.711096e+01	3.953001e+02
1.430000e-06	7.670533e-09	3.435891e-09	3.766379e+01	4.010298e+02
1.440000e-06	7.780982e-09	3.481060e-09	3.820611e+01	4.066444e+02
1.450000e-06	7.889338e-09	3.523997e-09	3.873817e+01	4.121423e+02
1.460000e-06	7.995446e-09	3.569995e-09	3.925918e+01	4.175219e+02
1.470000e-06	8.099189e-09	3.619251e-09	3.976858e+01	4.227816e+02
1.480000e-06	8.200583e-09	3.667185e-09	4.026644e+01	4.279201e+02
1.490000e-06	8.299536e-09	3.710747e-09	4.075232e+01	4.329357e+02
1.500000e-06	8.395950e-09	3.750940e-09	4.122573e+01	4.378270e+02
1.510000e-06	8.489967e-09	3.790496e-09	4.168737e+01	4.425927e+02
1.520000e-06	8.581606e-09	3.829980e-09	4.213733e+01	4.472314e+02
1.530000e-06	8.670723e-09	3.866869e-09	4.257491e+01	4.517417e+02
1.540000e-06	8.757362e-09	3.901960e-09	4.300033e+01	4.561223e+02
1.550000e-06	8.841552e-09	3.937832e-09	4.341371e+01	4.603720e+02
1.560000e-06	8.923154e-09	3.975572e-09	4.381440e+01	4.644896e+02
1.570000e-06	9.002104e-09	4.012480e-09	4.420205e+01	4.684738e+02
1.580000e-06	9.078330e-09	4.043896e-09	4.457634e+01	4.723236e+02
1.590000e-06	9.151769e-09	4.070617e-09	4.493694e+01	4.760378e+02
1.600000e-06	9.222571e-09	4.097422e-09	4.528459e+01	4.796153e+02
1.610000e-06	9.290768e-09	4.127502e-09	4.561945e+01	4.830552e+02
1.620000e-06	9.356243e-09	4.157068e-09	4.594095e+01	4.863564e+02
1.630000e-06	9.419101e-09	4.181840e-09	4.624959e+01	4.895180e+02
1.640000e-06	9.479438e-09	4.203931e-09	4.654585e+01	4.925391e+02
1.650000e-06	9.537124e-09	4.225804e-09	4.682910e+01	4.954187e+02
1.660000e-06	9.592098e-09	4.247259e-09	4.709903e+01	4.981562e+02
1.670000e-06	9.644139e-09	4.266600e-09	4.735457e+01	5.007507e+02
1.680000e-06	9.693100e-09	4.283766e-09	4.759497e+01	5.032014e+02
1.690000e-06	9.739313e-09	4.301113e-09	4.782189e+01	5.055077e+02
1.700000e-06	9.782903e-09	4.319287e-09	4.803592e+01	5.076689e+02
1.710000e-06	9.823720e-09	4.336446e-09	4.823634e+01	5.096843e+02
1.720000e-06	9.861866e-09	4.350250e-09	4.842364e+01	5.115535e+02
1.730000e-06	9.897386e-09	4.360389e-09	4.859805e+01	5.132757e+02
1.740000e-06	9.930127e-09	4.368825e-09	4.875882e+01	5.148507e+02
1.750000e-06	9.960173e-09	4.378306e-09	4.890635e+01	5.162778e+02
1.760000e-06	9.987505e-09	4.388770e-09	4.904056e+01	5.175567e+02
1.770000e-06	1.001193e-08	4.398933e-09	4.916049e+01	5.186871e+02
1.780000e-06	1.003359e-08	4.408265e-09	4.926684e+01	5.196685e+02
1.790000e-06	1.005254e-08	4.415392e-09	4.935988e+01	5.205008e+02
1.800000e-06	1.006855e-08	4.420447e-09	4.943850e+01	5.211836e+02
1.810000e-06	1.008149e-08	4.424336e-09	4.950203e+01	5.217169e+02
1.820000e-06	1.009128e-08	4.427202e-09	4.955011e+01	5.221003e+02
1.830000e-06	1.009811e-08	4.428847e-09	4.958366e+01	5.223339e+02
1.840000e-06	1.010214e-08	4.429892e-09	4.960341e+01	5.224175e+02
1.850000e-06	1.010325e-08	4.432625e-09	4.960890e+01	5.223512e+02
1.860000e-06	1.010159e-08	4.431313e-09	4.960075e+01	5.221349e+02
1.870000e-06	1.009720e-08	4.424741e-09	4.957917e+01	5.217687e+02
1.880000e-06	1.008999e-08	4.419818e-09	4.954377e+01	5.212527e+02
1.890000e-06	1.008000e-08	4.414482e-09	4.949470e+01	5.205871e+02
1.900000e-06	1.006705e-08	4.408306e-09	4.943115e+01	5.197721e+02
1.910000e-06	1.005130e-08	4.403833e-09	4.935377e+01	5.188078e+02
1.920000e-06	1.003309e-08	4.410329e-09	4.926440e+01	5.176946e+02
1.930000e-06	1.001235e-08	4.411014e-09	4.916254e+01	5.164328e+02
1.940000e-06	9.988512e-09	4.341178e-09	4.904549e+01	5.150227e+02
1.950000e-06	9.960755e-09	4.319100e-09	4.890920e+01	5.134648e+02
1.960000e-06	9.928935e-09	4.327137e-09	4.875296e+01	5.117595e+02
1.970000e-06	9.894191e-09	4.304237e-09	4.858235e+01	5.099073e+02
1.980000e-06	9.857553e-09	4.387963e-09	4.840246e+01	5.079087e+02
1.990000e-06	9.819304e-09	4.301499e-09	4.821465e+01	5.057643e+02
2.000000e-06	9.778774e-09	4.225283e-09	4.801564e+01	5.034747e+02
2.010000e-06	9.735470e-09	4.338841e-09	4.780300e+01	5.010405e+02
2.020000e-06	9.690021e-09	4.179204e-09	4.757984e+01	4.984626e+02
2.030000e-06	9.641685e-09	4.172439e-09	4.734250e+01	4.957415e+02
2.040000e-06	9.589760e-09	4.287171e-09	4.708754e+01	4.928782e+02
2.050000e-06	9.535148e-09	4.108046e-09	4.681939e+01	4.898734e+02
2.060000e-06	9.477948e-09	4.179949e-09	4.653852e+01	4.867279e+02
2.070000e-06	9.418301e-09	4.185553e-09	4.624564e+01	4.834427e+02
2.080000e-06	9.356182e-09	4.064326e-09	4.594063e+01	4.800188e+02
2.090000e-06	9.291048e-09	4.139612e-09	4.562081e+01	4.764570e+02
2.100000e-06	9.223293e-09	3.999617e-09	4.528812e+01	4.727585e+02
2.110000e-06	9.152695e-09	3.991173e-09	4.494147e+01	4.689243e+02
2.120000e-06	9.079227e-09	4.024402e-09	4.458072e+01	4.649555e+02
2.130000e-06	9.003202e-09	3.937761e-09	4.420743e+01	4.608532e+02
2.140000e-06	8.924220e-09	3.977339e-09	4.381961e+01	4.566187e+02
2.150000e-06	8.842674e-09	3.866230e-09	4.341920e+01	4.522530e+02
2.160000e-06	8.758564e-09	3.840918e-09	4.300621e+01	4.477576e+02
2.170000e-06	8.671683e-09	3.798170e-09	4.257960e+01	4.431336e+02
2.180000e-06	8.582291e-09	3.737204e-09	4.214068e+01	4.383825e+02
2.190000e-06	8.490322e-09	3.777922e-09	4.168909e+01	4.335055e+02
2.200000e-06	8.395983e-09	3.658138e-09	4.122587e+01	4.285041e+02
2.210000e-06	8.299188e-09	3.666911e-09	4.075058e+01	4.233797e+02
2.220000e-06	8.199958e-09	3.615195e-09	4.026335e+01	4.181338e+02
2.230000e-06	8.098315e-09	3.534450e-09	3.976426e+01	4.127679e+02
2.240000e-06	7.994051e-09	3.523987e-09	3.925230e+01	4.072835e+02
2.250000e-06	7.887592e-09	3.418698e-09	3.872956e+01	4.016822e+02
2.260000e-06	7.778886e-09	3.413301e-09	3.819580e+01	3.959656e+02
2.270000e-06	7.667850e-09	3.360742e-09	3.765059e+01	3.901354e+02
2.280000e-06	7.554503e-09	3.322677e-09	3.709403e+01	3.841932e+02
2.290000e-06	7.438675e-09	3.275018e-09	3.652530e+01	3.781408e+02
2.300000e-06	7.320575e-09	3.188567e-09	3.594540e+01	3.719799e+02
2.310000e-06	7.200341e-09	3.147711e-09	3.535503e+01	3.657122e+02
2.320000e-06	7.078242e-09	3.076410e-09	3.475550e+01	3.593395e+02
2.330000e-06	6.954250e-09	3.045555e-09	3.414668e+01	3.528638e+02
2.340000e-06	6.828208e-09	2.985638e-09	3.352779e+01	3.462868e+02
2.350000e-06	6.700224e-09	2.923442e-09	3.289936e+01	3.396104e+02
2.360000e-06	6.570433e-09	2.875746e-09	3.226206e+01	3.328366e+02
2.370000e-06	6.439021e-09	2.810134e-09	3.161680e+01	3.259672e+02
2.380000e-06	6.305861e-09	2.752586e-09	3.096296e+01	3.190044e+02
2.390000e-06	6.170929e-09	2.684511e-09	3.030042e+01	3.119500e+02
2.400000e-06	6.034239e-09	2.620009e-09	2.962925e+01	3.048061e+02
2.410000e-06	5.895773e-09	2.565074e-09	2.894936e+01	2.975748e+02
2.420000e-06	5.755559e-09	2.508380e-09	2.826088e+01	2.902581e+02
2.430000e-06	5.613628e-09	2.447246e-09	2.756397e+01	2.828581e+02
2.440000e-06	5.470101e-09	2.378354e-09	2.685922e+01	2.753770e+02
2.450000e-06	5.325024e-09	2.305987e-09	2.614687e+01	2.678169e+02
2.460000e-06	5.178446e-09	2.243448e-09	2.542714e+01	2.601800e+02
2.470000e-06	5.030389e-09	2.177796e-09	2.470015e+01	2.524685e+02
2.480000e-06	4.880846e-09	2.115705e-09	2.396587e+01	2.446845e+02
2.490000e-06	4.729824e-09	2.043777e-09	2.322432e+01	2.368304e+02
2.500000e-06	4.577365e-09	1.975320e-09	2.247572e+01	2.289083e+02
2.510000e-06	4.423605e-09	1.910427e-09	2.172073e+01	2.209207e+02
2.520000e-06	4.268533e-09	1.838966e-09	2.095929e+01	2.128696e+02
2.530000e-06	4.112098e-09	1.769191e-09	2.019117e+01	2.047576e+02
2.540000e-06	3.954354e-09	1.693331e-09	1.941661e+01	1.965868e+02
2.550000e-06	3.795300e-09	1.626561e-09	1.863563e+01	1.883597e+02
2.560000e-06	3.635077e-09	1.559642e-09	1.784891e+01	1.800786e+02
2.570000e-06	3.473793e-09	1.491062e-09	1.705697e+01	1.717459e+02
2.580000e-06	3.311542e-09	1.417096e-09	1.626028e+01	1.633639e+02
2.590000e-06	3.148286e-09	1.339858e-09	1.545867e+01	1.549352e+02
2.600000e-06	2.984008e-09	1.268051e-09	1.465203e+01	1.464621e+02
2.610000e-06	2.818836e-09	1.198192e-09	1.384101e+01	1.379470e+02
2.620000e-06	2.652803e-09	1.128426e-09	1.302575e+01	1.293924e+02
2.630000e-06	2.486046e-09	1.052835e-09	1.220694e+01	1.208008e+02
2.640000e-06	2.318672e-09	9.773058e-10	1.138510e+01	1.121746e+02
2.650000e-06	2.150704e-09	9.042555e-10	1.056035e+01	1.035163e+02
2.660000e-06	1.982095e-09	8.305192e-10	9.732448e+00	9.482840e+01
2.670000e-06	1.812939e-09	7.559772e-10	8.901859e+00	8.611337e+01
2.680000e-06	1.643431e-09	6.797252e-10	8.069543e+00	7.737373e+01
2.690000e-06	1.473619e-09	6.048314e-10	7.235730e+00	6.861199e+01
2.700000e-06	1.303528e-09	5.318315e-10	6.400552e+00	5.983067e+01
2.710000e-06	1.133196e-09	4.579826e-10	5.564188e+00	5.103229e+01
2.720000e-06	9.626224e-10	3.834780e-10	4.726639e+00	4.221938e+01
2.730000e-06	7.918401e-10	3.066287e-10	3.888064e+00	3.339446e+01
2.740000e-06	6.209203e-10	2.303832e-10	3.048815e+00	2.456009e+01
2.750000e-06	4.499281e-10	1.556808e-10	2.209210e+00	1.571878e+01
2.760000e-06	2.789080e-10	7.987431e-11	1.369469e+00	6.873097e+00
2.770000e-06	1.078633e-10	3.469194e-12	5.296068e-01	-1.974434e+00
2.780000e-06	-6.319097e-11	-7.139638e-11	-3.103027e-01	-1.082127e+01
2.790000e-06	-2.342054e-10	-1.437748e-10	-1.150016e+00	-1.966486e+01
2.800000e-06	-4.051471e-10	-2.163869e-10	-1.989373e+00	-2.850267e+01
2.810000e-06	-5.759794e-10	-2.886144e-10	-2.828192e+00	-3.733215e+01
2.820000e-06	-7.466634e-10	-3.621355e-10	-3.666284e+00	-4.615079e+01
2.830000e-06	-9.171744e-10	-4.390578e-10	-4.503525e+00	-5.495602e+01
2.840000e-06	-1.087474e-09	-5.170903e-10	-5.339731e+00	-6.374534e+01
2.850000e-06	-1.257529e-09	-5.937773e-10	-6.174730e+00	-7.251621e+01
2.860000e-06	-1.427334e-09	-6.677756e-10	-7.008506e+00	-8.126611e+01
2.870000e-06	-1.596864e-09	-7.413223e-10	-7.840933e+00	-8.999254e+01
2.880000e-06	-1.766068e-09	-8.152914e-10	-8.671757e+00	-9.869297e+01
2.890000e-06	-1.934882e-09	-8.890645e-10	-9.500669e+00	-1.073649e+02
2.900000e-06	-2.103215e-09	-9.626676e-10	-1.032722e+01	-1.160059e+02
2.910000e-06	-2.270999e-09	-1.035226e-09	-1.115106e+01	-1.246134e+02
2.920000e-06	-2.438184e-09	-1.107784e-09	-1.197198e+01	-1.331849e+02
2.930000e-06	-2.604709e-09	-1.180605e-09	-1.278964e+01	-1.417181e+02
2.940000e-06	-2.770500e-09	-1.252666e-09	-1.360371e+01	-1.502104e+02
2.950000e-06	-2.935500e-09	-1.323554e-09	-1.441389e+01	-1.586594e+02
2.960000e-06	-3.099641e-09	-1.394398e-09	-1.521985e+01	-1.670628e+02
2.970000e-06	-3.262852e-09	-1.467058e-09	-1.602125e+01	-1.754179e+02
2.980000e-06	-3.425091e-09	-1.539737e-09	-1.681788e+01	-1.837226e+02
2.990000e-06	-3.586338e-09	-1.611254e-09	-1.760963e+01	-1.919743e+02
3.000000e-06	-3.746492e-09	-1.681707e-09	-1.839602e+01	-2.001707e+02
3.010000e-06	-3.905410e-09	-1.751202e-09	-1.917633e+01	-2.083095e+02
3.020000e-06	-4.063057e-09	-1.820980e-09	-1.995041e+01	-2.163883e+02
3.030000e-06	-4.219426e-09	-1.890459e-09	-2.071821e+01	-2.244048e+02
3.040000e-06	-4.374448e-09	-1.958423e-09	-2.147940e+01	-2.323567e+02
3.050000e-06	-4.528136e-09	-2.025512e-09	-2.223403e+01	-2.402417e+02
3.060000e-06	-4.680515e-09	-2.093464e-09	-2.298225e+01	-2.480575e+02
3.070000e-06	-4.831453e-09	-2.162276e-09	-2.372338e+01	-2.558019e+02
3.080000e-06	-4.980891e-09	-2.230814e-09	-2.445715e+01	-2.634727e+02
3.090000e-06	-5.128861e-09	-2.297663e-09	-2.518371e+01	-2.710677e+02
3.100000e-06	-5.275338e-09	-2.361903e-09	-2.590294e+01	-2.785846e+02
3.110000e-06	-5.420350e-09	-2.425365e-09	-2.661497e+01	-2.860214e+02
3.120000e-06	-5.563790e-09	-2.490501e-09	-2.731929e+01	-2.933759e+02
3.130000e-06	-5.705501e-09	-2.555689e-09	-2.801512e+01	-3.006459e+02
3.140000e-06	-5.845444e-09	-2.619396e-09	-2.870226e+01	-3.078294e+02
3.150000e-06	-5.983615e-09	-2.682700e-09	-2.938071e+01	-3.149243e+02
3.160000e-06	-6.120093e-09	-2.746129e-09	-3.005085e+01	-3.219287e+02
3.170000e-06	-6.254868e-09	-2.809423e-09	-3.071261e+01	-3.288404e+02
3.180000e-06	-6.387865e-09	-2.871448e-09	-3.136565e+01	-3.356574e+02
3.190000e-06	-6.519087e-09	-2.931709e-09	-3.200998e+01	-3.423779e+02
3.200000e-06	-6.648573e-09	-2.990096e-09	-3.264578e+01	-3.489999e+02
3.210000e-06	-6.776294e-09	-3.048275e-09	-3.327292e+01	-3.555215e+02
3.220000e-06	-6.902145e-09	-3.106952e-09	-3.389087e+01	-3.619408e+02
3.230000e-06	-7.026077e-09	-3.164475e-09	-3.449940e+01	-3.682560e+02
3.240000e-06	-7.148124e-09	-3.220659e-09	-3.509867e+01	-3.744652e+02
3.250000e-06	-7.268233e-09	-3.275573e-09	-3.568842e+01	-3.805667e+02
3.260000e-06	-7.386193e-09	-3.329960e-09	-3.626763e+01	-3.865588e+02
3.270000e-06	-7.501831e-09	-3.384041e-09	-3.683544e+01	-3.924396e+02
3.280000e-06	-7.615047e-09	-3.435793e-09	-3.739135e+01	-3.982075e+02
3.290000e-06	-7.725858e-09	-3.485288e-09	-3.793545e+01	-4.038609e+02
3.300000e-06	-7.834461e-09	-3.533435e-09	-3.846871e+01	-4.093982e+02
3.310000e-06	-7.940989e-09	-3.582539e-09	-3.899179e+01	-4.148176e+02
3.320000e-06	-8.045358e-09	-3.632045e-09	-3.950426e+01	-4.201178e+02
3.330000e-06	-8.147349e-09	-3.680023e-09	-4.000505e+01	-4.252971e+02
3.340000e-06	-8.246886e-09	-3.725966e-09	-4.049379e+01	-4.303540e+02
3.350000e-06	-8.344127e-09	-3.768569e-09	-4.097127e+01	-4.352872e+02
3.360000e-06	-8.439045e-09	-3.810539e-09	-4.143733e+01	-4.400952e+02
3.370000e-06	-8.531485e-09	-3.853064e-09	-4.189123e+01	-4.447766e+02
3.380000e-06	-8.621480e-09	-3.894718e-09	-4.233312e+01	-4.493301e+02
3.390000e-06	-8.709023e-09	-3.935681e-09	-4.276297e+01	-4.537543e+02
3.400000e-06	-8.793973e-09	-3.974652e-09	-4.318010e+01	-4.580481e+02
3.410000e-06	-8.876360e-09	-4.011426e-09	-4.358463e+01	-4.622101e+02
3.420000e-06	-8.956269e-09	-4.047721e-09	-4.397700e+01	-4.662391e+02
3.430000e-06	-9.033467e-09	-4.083261e-09	-4.435606e+01	-4.701341e+02
3.440000e-06	-9.107802e-09	-4.116563e-09	-4.472105e+01	-4.738939e+02
3.450000e-06	-9.179397e-09	-4.148352e-09	-4.507260e+01	-4.775173e+02
3.460000e-06	-9.248286e-09	-4.179051e-09	-4.541085e+01	-4.810034e+02
3.470000e-06	-9.314543e-09	-4.208106e-09	-4.573619e+01	-4.843512e+02
3.480000e-06	-9.378241e-09	-4.235882e-09	-4.604896e+01	-4.875597e+02
3.490000e-06	-9.439271e-09	-4.261146e-09	-4.634863e+01	-4.906280e+02
3.500000e-06	-9.497620e-09	-4.284977e-09	-4.663513e+01	-4.935552e+02
3.510000e-06	-9.553299e-09	-4.308754e-09	-4.690853e+01	-4.963404e+02
3.520000e-06	-9.606135e-09	-4.331136e-09	-4.716796e+01	-4.989829e+02
3.530000e-06	-9.655941e-09	-4.350058e-09	-4.741252e+01	-5.014819e+02
3.540000e-06	-9.702722e-09	-4.366792e-09	-4.764222e+01	-5.038366e+02
3.550000e-06	-9.746892e-09	-4.384081e-09	-4.785910e+01	-5.060465e+02
3.560000e-06	-9.788692e-09	-4.402032e-09	-4.806435e+01	-5.081108e+02
3.570000e-06	-9.827910e-09	-4.418625e-09	-4.825691e+01	-5.100290e+02
3.580000e-06	-9.864405e-09	-4.432335e-09	-4.843611e+01	-5.118006e+02
3.590000e-06	-9.898214e-09	-4.443964e-09	-4.860212e+01	-5.134249e+02
3.600000e-06	-9.929262e-09	-4.453992e-09	-4.875457e+01	-5.149016e+02
3.610000e-06	-9.957443e-09	-4.462224e-09	-4.889295e+01	-5.162302e+02
3.620000e-06	-9.982884e-09	-4.469161e-09	-4.901787e+01	-5.174104e+02
3.630000e-06	-1.000555e-08	-4.475974e-09	-4.912917e+01	-5.184418e+02
3.640000e-06	-1.002537e-08	-4.482506e-09	-4.922648e+01	-5.193241e+02
3.650000e-06	-1.004242e-08	-4.488079e-09	-4.931018e+01	-5.200570e+02
3.660000e-06	-1.005647e-08	-4.492403e-09	-4.937916e+01	-5.206404e+02
3.670000e-06	-1.006737e-08	-4.495067e-09	-4.943272e+01	-5.210740e+02
3.680000e-06	-1.007536e-08	-4.496113e-09	-4.947193e+01	-5.213578e+02
3.690000e-06	-1.008043e-08	-4.495027e-09	-4.949683e+01	-5.214917e+02
3.700000e-06	-1.008264e-08	-4.490481e-09	-4.950769e+01	-5.214756e+02
