# Temperatura_=_20.0
# Concentracion g/m^3_=_10000.0
# C_Vs_to_Am_M_A/Vsm_=_116720831517.84952
# pendiente_HvsI_1/m_=_3716.3
# ordenada_HvsI_A/m_=_1297.0
# frecuencia_Hz_=_175665.2534009284
# Promedio de 26 ciclos

Tiempo_(s)	Campo_(V.s)	Magnetizacion_(V.s)	Campo_(kA/m)	Magnetizacion_(A/m)
0.000000e+00	-1.110628e-08	-4.717710e-09	-4.948520e+01	-5.500498e+02
1.000000e-08	-1.110553e-08	-4.720895e-09	-4.948182e+01	-5.498366e+02
2.000000e-08	-1.110344e-08	-4.723743e-09	-4.947251e+01	-5.495563e+02
3.000000e-08	-1.109985e-08	-4.723795e-09	-4.945653e+01	-5.492090e+02
4.000000e-08	-1.109507e-08	-4.723651e-09	-4.943521e+01	-5.487947e+02
5.000000e-08	-1.108917e-08	-4.719063e-09	-4.940893e+01	-5.483134e+02
6.000000e-08	-1.108202e-08	-4.705929e-09	-4.937708e+01	-5.477652e+02
7.000000e-08	-1.107368e-08	-4.683527e-09	-4.933993e+01	-5.471502e+02
8.000000e-08	-1.106402e-08	-4.662238e-09	-4.929687e+01	-5.464685e+02
9.000000e-08	-1.105262e-08	-4.698977e-09	-4.924608e+01	-5.457200e+02
1.000000e-07	-1.103936e-08	-4.747803e-09	-4.918702e+01	-5.449050e+02
1.100000e-07	-1.102426e-08	-4.725566e-09	-4.911974e+01	-5.440235e+02
1.200000e-07	-1.100741e-08	-4.707982e-09	-4.904466e+01	-5.430757e+02
1.300000e-07	-1.098933e-08	-4.631684e-09	-4.896408e+01	-5.420615e+02
1.400000e-07	-1.097042e-08	-4.579107e-09	-4.887982e+01	-5.409813e+02
1.500000e-07	-1.095053e-08	-4.682739e-09	-4.879123e+01	-5.398350e+02
1.600000e-07	-1.092948e-08	-4.593757e-09	-4.869744e+01	-5.386229e+02
1.700000e-07	-1.090735e-08	-4.561459e-09	-4.859882e+01	-5.373451e+02
1.800000e-07	-1.088397e-08	-4.718132e-09	-4.849464e+01	-5.360017e+02
1.900000e-07	-1.085932e-08	-4.578559e-09	-4.838483e+01	-5.345930e+02
2.000000e-07	-1.083363e-08	-4.537406e-09	-4.827035e+01	-5.331190e+02
2.100000e-07	-1.080651e-08	-4.622233e-09	-4.814954e+01	-5.315799e+02
2.200000e-07	-1.077791e-08	-4.484778e-09	-4.802209e+01	-5.299760e+02
2.300000e-07	-1.074804e-08	-4.488272e-09	-4.788902e+01	-5.283075e+02
2.400000e-07	-1.071685e-08	-4.542186e-09	-4.775005e+01	-5.265744e+02
2.500000e-07	-1.068451e-08	-4.493542e-09	-4.760592e+01	-5.247772e+02
2.600000e-07	-1.065099e-08	-4.526619e-09	-4.745661e+01	-5.229159e+02
2.700000e-07	-1.061603e-08	-4.483210e-09	-4.730082e+01	-5.209908e+02
2.800000e-07	-1.057965e-08	-4.424399e-09	-4.713871e+01	-5.190021e+02
2.900000e-07	-1.054197e-08	-4.398364e-09	-4.697084e+01	-5.169502e+02
3.000000e-07	-1.050307e-08	-4.397204e-09	-4.679750e+01	-5.148351e+02
3.100000e-07	-1.046294e-08	-4.413969e-09	-4.661871e+01	-5.126573e+02
3.200000e-07	-1.042150e-08	-4.386918e-09	-4.643407e+01	-5.104168e+02
3.300000e-07	-1.037865e-08	-4.378657e-09	-4.624317e+01	-5.081142e+02
3.400000e-07	-1.033444e-08	-4.327572e-09	-4.604616e+01	-5.057495e+02
3.500000e-07	-1.028899e-08	-4.301733e-09	-4.584366e+01	-5.033231e+02
3.600000e-07	-1.024227e-08	-4.293778e-09	-4.563548e+01	-5.008353e+02
3.700000e-07	-1.019425e-08	-4.228059e-09	-4.542152e+01	-4.982863e+02
3.800000e-07	-1.014484e-08	-4.231983e-09	-4.520140e+01	-4.956766e+02
3.900000e-07	-1.009381e-08	-4.241641e-09	-4.497404e+01	-4.930064e+02
4.000000e-07	-1.004125e-08	-4.226069e-09	-4.473983e+01	-4.902761e+02
4.100000e-07	-9.987396e-09	-4.203836e-09	-4.449988e+01	-4.874859e+02
4.200000e-07	-9.932390e-09	-4.136448e-09	-4.425479e+01	-4.846362e+02
4.300000e-07	-9.876286e-09	-4.100950e-09	-4.400482e+01	-4.817274e+02
4.400000e-07	-9.818998e-09	-4.080183e-09	-4.374956e+01	-4.787599e+02
4.500000e-07	-9.760407e-09	-4.073768e-09	-4.348850e+01	-4.757339e+02
4.600000e-07	-9.700468e-09	-4.046616e-09	-4.322144e+01	-4.726498e+02
4.700000e-07	-9.639353e-09	-4.014867e-09	-4.294913e+01	-4.695081e+02
4.800000e-07	-9.577165e-09	-3.994819e-09	-4.267205e+01	-4.663091e+02
4.900000e-07	-9.513934e-09	-3.963040e-09	-4.239031e+01	-4.630532e+02
5.000000e-07	-9.449635e-09	-3.934015e-09	-4.210382e+01	-4.597407e+02
5.100000e-07	-9.384151e-09	-3.894691e-09	-4.181205e+01	-4.563722e+02
5.200000e-07	-9.317439e-09	-3.858523e-09	-4.151481e+01	-4.529480e+02
5.300000e-07	-9.249526e-09	-3.843374e-09	-4.121222e+01	-4.494685e+02
5.400000e-07	-9.180567e-09	-3.821224e-09	-4.090496e+01	-4.459341e+02
5.500000e-07	-9.110622e-09	-3.789797e-09	-4.059332e+01	-4.423454e+02
5.600000e-07	-9.039645e-09	-3.745201e-09	-4.027707e+01	-4.387026e+02
5.700000e-07	-8.967575e-09	-3.705843e-09	-3.995596e+01	-4.350063e+02
5.800000e-07	-8.894359e-09	-3.678502e-09	-3.962974e+01	-4.312569e+02
5.900000e-07	-8.819983e-09	-3.655193e-09	-3.929835e+01	-4.274549e+02
6.000000e-07	-8.744369e-09	-3.626510e-09	-3.896144e+01	-4.236007e+02
6.100000e-07	-8.667493e-09	-3.587616e-09	-3.861891e+01	-4.196949e+02
6.200000e-07	-8.589372e-09	-3.548311e-09	-3.827083e+01	-4.157378e+02
6.300000e-07	-8.510042e-09	-3.511515e-09	-3.791737e+01	-4.117299e+02
6.400000e-07	-8.429599e-09	-3.476238e-09	-3.755895e+01	-4.076718e+02
6.500000e-07	-8.348026e-09	-3.441686e-09	-3.719549e+01	-4.035639e+02
6.600000e-07	-8.265408e-09	-3.403409e-09	-3.682738e+01	-3.994068e+02
6.700000e-07	-8.181906e-09	-3.368135e-09	-3.645533e+01	-3.952009e+02
6.800000e-07	-8.097549e-09	-3.339092e-09	-3.607946e+01	-3.909468e+02
6.900000e-07	-8.012358e-09	-3.305658e-09	-3.569989e+01	-3.866450e+02
7.000000e-07	-7.926334e-09	-3.265308e-09	-3.531660e+01	-3.822960e+02
7.100000e-07	-7.839427e-09	-3.216810e-09	-3.492938e+01	-3.779003e+02
7.200000e-07	-7.751598e-09	-3.173963e-09	-3.453804e+01	-3.734584e+02
7.300000e-07	-7.662808e-09	-3.138017e-09	-3.414243e+01	-3.689710e+02
7.400000e-07	-7.573062e-09	-3.108301e-09	-3.374256e+01	-3.644386e+02
7.500000e-07	-7.482388e-09	-3.072996e-09	-3.333855e+01	-3.598616e+02
7.600000e-07	-7.390722e-09	-3.030329e-09	-3.293012e+01	-3.552407e+02
7.700000e-07	-7.298062e-09	-2.985399e-09	-3.251727e+01	-3.505765e+02
7.800000e-07	-7.204562e-09	-2.944976e-09	-3.210067e+01	-3.458694e+02
7.900000e-07	-7.110329e-09	-2.903999e-09	-3.168080e+01	-3.411201e+02
8.000000e-07	-7.015345e-09	-2.859974e-09	-3.125759e+01	-3.363292e+02
8.100000e-07	-6.919513e-09	-2.814117e-09	-3.083060e+01	-3.314971e+02
8.200000e-07	-6.822757e-09	-2.772876e-09	-3.039950e+01	-3.266247e+02
8.300000e-07	-6.725148e-09	-2.735699e-09	-2.996459e+01	-3.217123e+02
8.400000e-07	-6.626774e-09	-2.697359e-09	-2.952627e+01	-3.167606e+02
8.500000e-07	-6.527579e-09	-2.650558e-09	-2.908430e+01	-3.117703e+02
8.600000e-07	-6.427471e-09	-2.601012e-09	-2.863826e+01	-3.067419e+02
8.700000e-07	-6.326519e-09	-2.555682e-09	-2.818846e+01	-3.016760e+02
8.800000e-07	-6.224874e-09	-2.515994e-09	-2.773557e+01	-2.965732e+02
8.900000e-07	-6.122620e-09	-2.475957e-09	-2.727996e+01	-2.914343e+02
9.000000e-07	-6.019745e-09	-2.429607e-09	-2.682159e+01	-2.862597e+02
9.100000e-07	-5.916157e-09	-2.378170e-09	-2.636004e+01	-2.810502e+02
9.200000e-07	-5.811769e-09	-2.328396e-09	-2.589494e+01	-2.758064e+02
9.300000e-07	-5.706632e-09	-2.282302e-09	-2.542649e+01	-2.705288e+02
9.400000e-07	-5.600863e-09	-2.235239e-09	-2.495522e+01	-2.652183e+02
9.500000e-07	-5.494475e-09	-2.185119e-09	-2.448120e+01	-2.598753e+02
9.600000e-07	-5.387402e-09	-2.133682e-09	-2.400412e+01	-2.545005e+02
9.700000e-07	-5.279596e-09	-2.086231e-09	-2.352378e+01	-2.490947e+02
9.800000e-07	-5.171079e-09	-2.040904e-09	-2.304027e+01	-2.436584e+02
9.900000e-07	-5.061905e-09	-1.991574e-09	-2.255384e+01	-2.381923e+02
1.000000e-06	-4.952149e-09	-1.937329e-09	-2.206481e+01	-2.326971e+02
1.010000e-06	-4.841878e-09	-1.883496e-09	-2.157348e+01	-2.271735e+02
1.020000e-06	-4.731096e-09	-1.832724e-09	-2.107988e+01	-2.216221e+02
1.030000e-06	-4.619737e-09	-1.786392e-09	-2.058371e+01	-2.160437e+02
1.040000e-06	-4.507755e-09	-1.739830e-09	-2.008476e+01	-2.104388e+02
1.050000e-06	-4.395162e-09	-1.689921e-09	-1.958310e+01	-2.048082e+02
1.060000e-06	-4.281977e-09	-1.638702e-09	-1.907879e+01	-1.991525e+02
1.070000e-06	-4.168210e-09	-1.590513e-09	-1.857189e+01	-1.934725e+02
1.080000e-06	-4.053892e-09	-1.541967e-09	-1.806253e+01	-1.877688e+02
1.090000e-06	-3.939065e-09	-1.491279e-09	-1.755091e+01	-1.820422e+02
1.100000e-06	-3.823729e-09	-1.436876e-09	-1.703702e+01	-1.762932e+02
1.110000e-06	-3.707849e-09	-1.382531e-09	-1.652070e+01	-1.705228e+02
1.120000e-06	-3.591397e-09	-1.330807e-09	-1.600184e+01	-1.647314e+02
1.130000e-06	-3.474414e-09	-1.280780e-09	-1.548061e+01	-1.589199e+02
1.140000e-06	-3.356989e-09	-1.228764e-09	-1.495741e+01	-1.530889e+02
1.150000e-06	-3.239173e-09	-1.176075e-09	-1.443247e+01	-1.472392e+02
1.160000e-06	-3.121010e-09	-1.124825e-09	-1.390598e+01	-1.413715e+02
1.170000e-06	-3.002519e-09	-1.075471e-09	-1.337803e+01	-1.354864e+02
1.180000e-06	-2.883679e-09	-1.026415e-09	-1.284853e+01	-1.295848e+02
1.190000e-06	-2.764494e-09	-9.754189e-10	-1.231749e+01	-1.236672e+02
1.200000e-06	-2.644976e-09	-9.223117e-10	-1.178496e+01	-1.177345e+02
1.210000e-06	-2.525136e-09	-8.695133e-10	-1.125100e+01	-1.117874e+02
1.220000e-06	-2.404992e-09	-8.182232e-10	-1.071568e+01	-1.058266e+02
1.230000e-06	-2.284567e-09	-7.669279e-10	-1.017912e+01	-9.985276e+01
1.240000e-06	-2.163872e-09	-7.147046e-10	-9.641352e+00	-9.386668e+01
1.250000e-06	-2.042915e-09	-6.622254e-10	-9.102414e+00	-8.786908e+01
1.260000e-06	-1.921726e-09	-6.104600e-10	-8.562446e+00	-8.186067e+01
1.270000e-06	-1.800327e-09	-5.613260e-10	-8.021538e+00	-7.584221e+01
1.280000e-06	-1.678735e-09	-5.125922e-10	-7.479772e+00	-6.981441e+01
1.290000e-06	-1.556960e-09	-4.611890e-10	-6.937192e+00	-6.377801e+01
1.300000e-06	-1.434998e-09	-4.067897e-10	-6.393776e+00	-5.773375e+01
1.310000e-06	-1.312853e-09	-3.520942e-10	-5.849550e+00	-5.168237e+01
1.320000e-06	-1.190559e-09	-2.998693e-10	-5.304656e+00	-4.562460e+01
1.330000e-06	-1.068128e-09	-2.486759e-10	-4.759152e+00	-3.956117e+01
1.340000e-06	-9.455674e-10	-1.979348e-10	-4.213070e+00	-3.349284e+01
1.350000e-06	-8.228965e-10	-1.462726e-10	-3.666498e+00	-2.742033e+01
1.360000e-06	-7.001251e-10	-9.595862e-11	-3.119478e+00	-2.134440e+01
1.370000e-06	-5.772665e-10	-4.749852e-11	-2.572069e+00	-1.526576e+01
1.380000e-06	-4.543308e-10	1.211673e-12	-2.024317e+00	-9.185183e+00
1.390000e-06	-3.313292e-10	5.246653e-11	-1.476271e+00	-3.103390e+00
1.400000e-06	-2.082829e-10	1.068517e-10	-9.280260e-01	2.978873e+00
1.410000e-06	-8.520240e-11	1.620153e-10	-3.796288e-01	9.060864e+00
1.420000e-06	3.790178e-11	2.152741e-10	1.688740e-01	1.514184e+01
1.430000e-06	1.610013e-10	2.674643e-10	7.173561e-01	2.122107e+01
1.440000e-06	2.840875e-10	3.182676e-10	1.265779e+00	2.729780e+01
1.450000e-06	4.071594e-10	3.683340e-10	1.814138e+00	3.337130e+01
1.460000e-06	5.301852e-10	4.174462e-10	2.362291e+00	3.944082e+01
1.470000e-06	6.531389e-10	4.686438e-10	2.910124e+00	4.550564e+01
1.480000e-06	7.760217e-10	5.229585e-10	3.457640e+00	5.156499e+01
1.490000e-06	8.988282e-10	5.783211e-10	4.004817e+00	5.761816e+01
1.500000e-06	1.021537e-09	6.322146e-10	4.551557e+00	6.366440e+01
1.510000e-06	1.144117e-09	6.843745e-10	5.097724e+00	6.970298e+01
1.520000e-06	1.266539e-09	7.352472e-10	5.643188e+00	7.573315e+01
1.530000e-06	1.388815e-09	7.841030e-10	6.188003e+00	8.175419e+01
1.540000e-06	1.510938e-09	8.329929e-10	6.732135e+00	8.776537e+01
1.550000e-06	1.632849e-09	8.840488e-10	7.275321e+00	9.376594e+01
1.560000e-06	1.754533e-09	9.364748e-10	7.817495e+00	9.975518e+01
1.570000e-06	1.875998e-09	9.879685e-10	8.358697e+00	1.057324e+02
1.580000e-06	1.997236e-09	1.038932e-09	8.898883e+00	1.116967e+02
1.590000e-06	2.118221e-09	1.090639e-09	9.437944e+00	1.176476e+02
1.600000e-06	2.238919e-09	1.142708e-09	9.975728e+00	1.235842e+02
1.610000e-06	2.359322e-09	1.193633e-09	1.051220e+01	1.295059e+02
1.620000e-06	2.479412e-09	1.243052e-09	1.104727e+01	1.354119e+02
1.630000e-06	2.599160e-09	1.292102e-09	1.158082e+01	1.413015e+02
1.640000e-06	2.718547e-09	1.343305e-09	1.211276e+01	1.471739e+02
1.650000e-06	2.837571e-09	1.396518e-09	1.264308e+01	1.530285e+02
1.660000e-06	2.956243e-09	1.450414e-09	1.317184e+01	1.588646e+02
1.670000e-06	3.074588e-09	1.502465e-09	1.369914e+01	1.646814e+02
1.680000e-06	3.192611e-09	1.552408e-09	1.422500e+01	1.704782e+02
1.690000e-06	3.310269e-09	1.601977e-09	1.474924e+01	1.762544e+02
1.700000e-06	3.427505e-09	1.651306e-09	1.527160e+01	1.820091e+02
1.710000e-06	3.544238e-09	1.699694e-09	1.579171e+01	1.877418e+02
1.720000e-06	3.660459e-09	1.745782e-09	1.630955e+01	1.934517e+02
1.730000e-06	3.776186e-09	1.791855e-09	1.682518e+01	1.991381e+02
1.740000e-06	3.891418e-09	1.842147e-09	1.733861e+01	2.048004e+02
1.750000e-06	4.006175e-09	1.894282e-09	1.784992e+01	2.104378e+02
1.760000e-06	4.120428e-09	1.945313e-09	1.835898e+01	2.160496e+02
1.770000e-06	4.234148e-09	1.993795e-09	1.886568e+01	2.216352e+02
1.780000e-06	4.347321e-09	2.040204e-09	1.936993e+01	2.271940e+02
1.790000e-06	4.459938e-09	2.086488e-09	1.987170e+01	2.327251e+02
1.800000e-06	4.571988e-09	2.132413e-09	2.037096e+01	2.382279e+02
1.810000e-06	4.683447e-09	2.178878e-09	2.086757e+01	2.437019e+02
1.820000e-06	4.794344e-09	2.225143e-09	2.136169e+01	2.491462e+02
1.830000e-06	4.904751e-09	2.272068e-09	2.185362e+01	2.545603e+02
1.840000e-06	5.014687e-09	2.318283e-09	2.234345e+01	2.599434e+02
1.850000e-06	5.124093e-09	2.363314e-09	2.283092e+01	2.652950e+02
1.860000e-06	5.232902e-09	2.407592e-09	2.331573e+01	2.706143e+02
1.870000e-06	5.341052e-09	2.449636e-09	2.379760e+01	2.759008e+02
1.880000e-06	5.448487e-09	2.491721e-09	2.427629e+01	2.811537e+02
1.890000e-06	5.555225e-09	2.536024e-09	2.475187e+01	2.863725e+02
1.900000e-06	5.661286e-09	2.581495e-09	2.522444e+01	2.915565e+02
1.910000e-06	5.766636e-09	2.623465e-09	2.569383e+01	2.967050e+02
1.920000e-06	5.871228e-09	2.661407e-09	2.615985e+01	3.018175e+02
1.930000e-06	5.975033e-09	2.698160e-09	2.662237e+01	3.068933e+02
1.940000e-06	6.078078e-09	2.736474e-09	2.708150e+01	3.119319e+02
1.950000e-06	6.180436e-09	2.777725e-09	2.753757e+01	3.169325e+02
1.960000e-06	6.282133e-09	2.820590e-09	2.799069e+01	3.218946e+02
1.970000e-06	6.383098e-09	2.863522e-09	2.844055e+01	3.268175e+02
1.980000e-06	6.483238e-09	2.905350e-09	2.888673e+01	3.317008e+02
1.990000e-06	6.582509e-09	2.944969e-09	2.932904e+01	3.365437e+02
2.000000e-06	6.680936e-09	2.982431e-09	2.976759e+01	3.413457e+02
2.010000e-06	6.778508e-09	3.017145e-09	3.020233e+01	3.461062e+02
2.020000e-06	6.875183e-09	3.050754e-09	3.063308e+01	3.508246e+02
2.030000e-06	6.970975e-09	3.087041e-09	3.105989e+01	3.555004e+02
2.040000e-06	7.065931e-09	3.127138e-09	3.148298e+01	3.601330e+02
2.050000e-06	7.160116e-09	3.167778e-09	3.190263e+01	3.647218e+02
2.060000e-06	7.253552e-09	3.205204e-09	3.231895e+01	3.692662e+02
2.070000e-06	7.346184e-09	3.240471e-09	3.273168e+01	3.737658e+02
2.080000e-06	7.437921e-09	3.275040e-09	3.314042e+01	3.782199e+02
2.090000e-06	7.528714e-09	3.308515e-09	3.354496e+01	3.826280e+02
2.100000e-06	7.618571e-09	3.340954e-09	3.394533e+01	3.869896e+02
2.110000e-06	7.707466e-09	3.373864e-09	3.434141e+01	3.913041e+02
2.120000e-06	7.795395e-09	3.407596e-09	3.473318e+01	3.955710e+02
2.130000e-06	7.882427e-09	3.441864e-09	3.512096e+01	3.997899e+02
2.140000e-06	7.968623e-09	3.476559e-09	3.550502e+01	4.039601e+02
2.150000e-06	8.053998e-09	3.510156e-09	3.588541e+01	4.080812e+02
2.160000e-06	8.138515e-09	3.541932e-09	3.626199e+01	4.121527e+02
2.170000e-06	8.222123e-09	3.572899e-09	3.663451e+01	4.161741e+02
2.180000e-06	8.304782e-09	3.603412e-09	3.700281e+01	4.201448e+02
2.190000e-06	8.386429e-09	3.634178e-09	3.736660e+01	4.240645e+02
2.200000e-06	8.467014e-09	3.664142e-09	3.772565e+01	4.279326e+02
2.210000e-06	8.546549e-09	3.693241e-09	3.808003e+01	4.317486e+02
2.220000e-06	8.625048e-09	3.722655e-09	3.842979e+01	4.355122e+02
2.230000e-06	8.702489e-09	3.753953e-09	3.877484e+01	4.392227e+02
2.240000e-06	8.778809e-09	3.785642e-09	3.911489e+01	4.428799e+02
2.250000e-06	8.853915e-09	3.814763e-09	3.944953e+01	4.464831e+02
2.260000e-06	8.927769e-09	3.841872e-09	3.977859e+01	4.500321e+02
2.270000e-06	9.000423e-09	3.868880e-09	4.010231e+01	4.535264e+02
2.280000e-06	9.071966e-09	3.897287e-09	4.042108e+01	4.569654e+02
2.290000e-06	9.142445e-09	3.925760e-09	4.073511e+01	4.603489e+02
2.300000e-06	9.211889e-09	3.952962e-09	4.104452e+01	4.636764e+02
2.310000e-06	9.280309e-09	3.978994e-09	4.134937e+01	4.669475e+02
2.320000e-06	9.347571e-09	4.005009e-09	4.164906e+01	4.701618e+02
2.330000e-06	9.413556e-09	4.030337e-09	4.194307e+01	4.733189e+02
2.340000e-06	9.478323e-09	4.054092e-09	4.223164e+01	4.764185e+02
2.350000e-06	9.541993e-09	4.076536e-09	4.251533e+01	4.794601e+02
2.360000e-06	9.604623e-09	4.098030e-09	4.279438e+01	4.824433e+02
2.370000e-06	9.666220e-09	4.120589e-09	4.306884e+01	4.853679e+02
2.380000e-06	9.726800e-09	4.144906e-09	4.333876e+01	4.882335e+02
2.390000e-06	9.786231e-09	4.169619e-09	4.360356e+01	4.910396e+02
2.400000e-06	9.844330e-09	4.193482e-09	4.386243e+01	4.937860e+02
2.410000e-06	9.901116e-09	4.215576e-09	4.411544e+01	4.964724e+02
2.420000e-06	9.956724e-09	4.237096e-09	4.436321e+01	4.990984e+02
2.430000e-06	1.001120e-08	4.258779e-09	4.460592e+01	5.016636e+02
2.440000e-06	1.006445e-08	4.278900e-09	4.484320e+01	5.041678e+02
2.450000e-06	1.011633e-08	4.296320e-09	4.507433e+01	5.066107e+02
2.460000e-06	1.016668e-08	4.312066e-09	4.529871e+01	5.089919e+02
2.470000e-06	1.021560e-08	4.328740e-09	4.551668e+01	5.113113e+02
2.480000e-06	1.026328e-08	4.348424e-09	4.572912e+01	5.135684e+02
2.490000e-06	1.030982e-08	4.369004e-09	4.593647e+01	5.157631e+02
2.500000e-06	1.035525e-08	4.388094e-09	4.613887e+01	5.178950e+02
2.510000e-06	1.039959e-08	4.405179e-09	4.633644e+01	5.199639e+02
2.520000e-06	1.044266e-08	4.421037e-09	4.652833e+01	5.219695e+02
2.530000e-06	1.048427e-08	4.436221e-09	4.671373e+01	5.239117e+02
2.540000e-06	1.052459e-08	4.450309e-09	4.689338e+01	5.257901e+02
2.550000e-06	1.056374e-08	4.462789e-09	4.706781e+01	5.276045e+02
2.560000e-06	1.060169e-08	4.475211e-09	4.723690e+01	5.293548e+02
2.570000e-06	1.063849e-08	4.490795e-09	4.740091e+01	5.310406e+02
2.580000e-06	1.067408e-08	4.508294e-09	4.755948e+01	5.326619e+02
2.590000e-06	1.070822e-08	4.524133e-09	4.771158e+01	5.342183e+02
2.600000e-06	1.074096e-08	4.536150e-09	4.785745e+01	5.357098e+02
2.610000e-06	1.077248e-08	4.545836e-09	4.799792e+01	5.371360e+02
2.620000e-06	1.080281e-08	4.556539e-09	4.813305e+01	5.384970e+02
2.630000e-06	1.083197e-08	4.567592e-09	4.826297e+01	5.397924e+02
2.640000e-06	1.085990e-08	4.576970e-09	4.838739e+01	5.410221e+02
2.650000e-06	1.088632e-08	4.583360e-09	4.850510e+01	5.421860e+02
2.660000e-06	1.091122e-08	4.588737e-09	4.861608e+01	5.432840e+02
2.670000e-06	1.093483e-08	4.597046e-09	4.872124e+01	5.443158e+02
2.680000e-06	1.095717e-08	4.607562e-09	4.882082e+01	5.452814e+02
2.690000e-06	1.097835e-08	4.617347e-09	4.891517e+01	5.461807e+02
2.700000e-06	1.099842e-08	4.624393e-09	4.900461e+01	5.470136e+02
2.710000e-06	1.101725e-08	4.629679e-09	4.908851e+01	5.477798e+02
2.720000e-06	1.103470e-08	4.635771e-09	4.916625e+01	5.484795e+02
2.730000e-06	1.105074e-08	4.641713e-09	4.923770e+01	5.491124e+02
2.740000e-06	1.106533e-08	4.644268e-09	4.930273e+01	5.496785e+02
2.750000e-06	1.107854e-08	4.644767e-09	4.936156e+01	5.501777e+02
2.760000e-06	1.109025e-08	4.647727e-09	4.941377e+01	5.506100e+02
2.770000e-06	1.110033e-08	4.654117e-09	4.945865e+01	5.509753e+02
2.780000e-06	1.110895e-08	4.660666e-09	4.949707e+01	5.512735e+02
2.790000e-06	1.111634e-08	4.663927e-09	4.953001e+01	5.515047e+02
2.800000e-06	1.112246e-08	4.663996e-09	4.955726e+01	5.516688e+02
2.810000e-06	1.112738e-08	4.665125e-09	4.957921e+01	5.517658e+02
2.820000e-06	1.113110e-08	4.668774e-09	4.959578e+01	5.517956e+02
2.830000e-06	1.113331e-08	4.671202e-09	4.960559e+01	5.517583e+02
2.840000e-06	1.113405e-08	4.671229e-09	4.960890e+01	5.516538e+02
2.850000e-06	1.113358e-08	4.669332e-09	4.960680e+01	5.514823e+02
2.860000e-06	1.113191e-08	4.664567e-09	4.959935e+01	5.512436e+02
2.870000e-06	1.112911e-08	4.662911e-09	4.958688e+01	5.509379e+02
2.880000e-06	1.112521e-08	4.662932e-09	4.956954e+01	5.505652e+02
2.890000e-06	1.111992e-08	4.659477e-09	4.954596e+01	5.501254e+02
2.900000e-06	1.111315e-08	4.658045e-09	4.951579e+01	5.496188e+02
2.910000e-06	1.110521e-08	4.671312e-09	4.948043e+01	5.490452e+02
2.920000e-06	1.109620e-08	4.694584e-09	4.944027e+01	5.484049e+02
2.930000e-06	1.108599e-08	4.634410e-09	4.939475e+01	5.476978e+02
2.940000e-06	1.107407e-08	4.560391e-09	4.934166e+01	5.469241e+02
2.950000e-06	1.105994e-08	4.561966e-09	4.927868e+01	5.460839e+02
2.960000e-06	1.104385e-08	4.574453e-09	4.920700e+01	5.451772e+02
2.970000e-06	1.102656e-08	4.690407e-09	4.912999e+01	5.442042e+02
2.980000e-06	1.100861e-08	4.641608e-09	4.905001e+01	5.431650e+02
2.990000e-06	1.098986e-08	4.530719e-09	4.896645e+01	5.420596e+02
3.000000e-06	1.096967e-08	4.677503e-09	4.887648e+01	5.408884e+02
3.010000e-06	1.094800e-08	4.560426e-09	4.877992e+01	5.396513e+02
3.020000e-06	1.092515e-08	4.466541e-09	4.867814e+01	5.383486e+02
3.030000e-06	1.090084e-08	4.660978e-09	4.856981e+01	5.369804e+02
3.040000e-06	1.087521e-08	4.524157e-09	4.845563e+01	5.355468e+02
3.050000e-06	1.084854e-08	4.481664e-09	4.833681e+01	5.340481e+02
3.060000e-06	1.082054e-08	4.610688e-09	4.821203e+01	5.324844e+02
3.070000e-06	1.079128e-08	4.451621e-09	4.808167e+01	5.308560e+02
3.080000e-06	1.076069e-08	4.495544e-09	4.794535e+01	5.291629e+02
3.090000e-06	1.072859e-08	4.504884e-09	4.780234e+01	5.274055e+02
3.100000e-06	1.069525e-08	4.393527e-09	4.765380e+01	5.255839e+02
3.110000e-06	1.066075e-08	4.518076e-09	4.750006e+01	5.236984e+02
3.120000e-06	1.062514e-08	4.474642e-09	4.734142e+01	5.217491e+02
3.130000e-06	1.058823e-08	4.482015e-09	4.717697e+01	5.197364e+02
3.140000e-06	1.054972e-08	4.486507e-09	4.700535e+01	5.176604e+02
3.150000e-06	1.050988e-08	4.354380e-09	4.682786e+01	5.155215e+02
3.160000e-06	1.046885e-08	4.388771e-09	4.664503e+01	5.133198e+02
3.170000e-06	1.042656e-08	4.345624e-09	4.645663e+01	5.110557e+02
3.180000e-06	1.038313e-08	4.376428e-09	4.626311e+01	5.087295e+02
3.190000e-06	1.033849e-08	4.372416e-09	4.606419e+01	5.063413e+02
3.200000e-06	1.029263e-08	4.291817e-09	4.585990e+01	5.038915e+02
3.210000e-06	1.024544e-08	4.353276e-09	4.564963e+01	5.013805e+02
3.220000e-06	1.019697e-08	4.253568e-09	4.543366e+01	4.988084e+02
3.230000e-06	1.014727e-08	4.236440e-09	4.521221e+01	4.961757e+02
3.240000e-06	1.009614e-08	4.211202e-09	4.498438e+01	4.934826e+02
3.250000e-06	1.004363e-08	4.148053e-09	4.475043e+01	4.907294e+02
3.260000e-06	9.989622e-09	4.211095e-09	4.450980e+01	4.879166e+02
3.270000e-06	9.934210e-09	4.160344e-09	4.426290e+01	4.850444e+02
3.280000e-06	9.877636e-09	4.154775e-09	4.401083e+01	4.821132e+02
3.290000e-06	9.819896e-09	4.097242e-09	4.375356e+01	4.791234e+02
3.300000e-06	9.761127e-09	4.040930e-09	4.349171e+01	4.760753e+02
3.310000e-06	9.701229e-09	4.039505e-09	4.322483e+01	4.729692e+02
3.320000e-06	9.640121e-09	4.000354e-09	4.295256e+01	4.698057e+02
3.330000e-06	9.577713e-09	4.006722e-09	4.267449e+01	4.665849e+02
3.340000e-06	9.514030e-09	3.959141e-09	4.239074e+01	4.633075e+02
3.350000e-06	9.449275e-09	3.937954e-09	4.210222e+01	4.599736e+02
3.360000e-06	9.383457e-09	3.911066e-09	4.180896e+01	4.565839e+02
3.370000e-06	9.316635e-09	3.861403e-09	4.151123e+01	4.531385e+02
3.380000e-06	9.248663e-09	3.836844e-09	4.120838e+01	4.496381e+02
3.390000e-06	9.179446e-09	3.793484e-09	4.089997e+01	4.460830e+02
3.400000e-06	9.108988e-09	3.779319e-09	4.058604e+01	4.424736e+02
3.410000e-06	9.037361e-09	3.760060e-09	4.026690e+01	4.388104e+02
3.420000e-06	8.964735e-09	3.730342e-09	3.994331e+01	4.350938e+02
3.430000e-06	8.891068e-09	3.693411e-09	3.961507e+01	4.313243e+02
3.440000e-06	8.816283e-09	3.644606e-09	3.928186e+01	4.275024e+02
3.450000e-06	8.740220e-09	3.608267e-09	3.894296e+01	4.236284e+02
3.460000e-06	8.662918e-09	3.580897e-09	3.859853e+01	4.197029e+02
3.470000e-06	8.584495e-09	3.551296e-09	3.824911e+01	4.157264e+02
3.480000e-06	8.504961e-09	3.518829e-09	3.789474e+01	4.116993e+02
3.490000e-06	8.424384e-09	3.475994e-09	3.753572e+01	4.076222e+02
3.500000e-06	8.342816e-09	3.443963e-09	3.717228e+01	4.034955e+02
3.510000e-06	8.260332e-09	3.407399e-09	3.680477e+01	3.993197e+02
3.520000e-06	8.176898e-09	3.368551e-09	3.643302e+01	3.950953e+02
3.530000e-06	8.092444e-09	3.331735e-09	3.605672e+01	3.908229e+02
3.540000e-06	8.006988e-09	3.294665e-09	3.567597e+01	3.865030e+02
3.550000e-06	7.920465e-09	3.269716e-09	3.529046e+01	3.821361e+02
3.560000e-06	7.832897e-09	3.232618e-09	3.490029e+01	3.777227e+02
3.570000e-06	7.744422e-09	3.192342e-09	3.450608e+01	3.732633e+02
3.580000e-06	7.655111e-09	3.144133e-09	3.410814e+01	3.687586e+02
3.590000e-06	7.564979e-09	3.103171e-09	3.370655e+01	3.642090e+02
3.600000e-06	7.473987e-09	3.071690e-09	3.330112e+01	3.596152e+02
3.610000e-06	7.382099e-09	3.039739e-09	3.289171e+01	3.549776e+02
3.620000e-06	7.289340e-09	3.002365e-09	3.247841e+01	3.502969e+02
3.630000e-06	7.195712e-09	2.958379e-09	3.206124e+01	3.455736e+02
3.640000e-06	7.101112e-09	2.916018e-09	3.163974e+01	3.408083e+02
3.650000e-06	7.005553e-09	2.873226e-09	3.121397e+01	3.360015e+02
3.660000e-06	6.909178e-09	2.831858e-09	3.078456e+01	3.311539e+02
3.670000e-06	6.812104e-09	2.788201e-09	3.035204e+01	3.262660e+02
3.680000e-06	6.714351e-09	2.744727e-09	2.991649e+01	3.213385e+02
3.690000e-06	6.615862e-09	2.704162e-09	2.947766e+01	3.163719e+02
3.700000e-06	6.516574e-09	2.664580e-09	2.903527e+01	3.113668e+02
3.710000e-06	6.416451e-09	2.623104e-09	2.858916e+01	3.063239e+02
3.720000e-06	6.315541e-09	2.577338e-09	2.813955e+01	3.012438e+02
3.730000e-06	6.213874e-09	2.529197e-09	2.768656e+01	2.961271e+02
3.740000e-06	6.111406e-09	2.485407e-09	2.723001e+01	2.909743e+02
3.750000e-06	6.008124e-09	2.443189e-09	2.676982e+01	2.857862e+02
3.760000e-06	5.904068e-09	2.399685e-09	2.630619e+01	2.805634e+02
3.770000e-06	5.799313e-09	2.354641e-09	2.583944e+01	2.753065e+02
3.780000e-06	5.693950e-09	2.310434e-09	2.536998e+01	2.700161e+02
3.790000e-06	5.587976e-09	2.268527e-09	2.489781e+01	2.646929e+02
3.800000e-06	5.481381e-09	2.226481e-09	2.442286e+01	2.593375e+02
3.810000e-06	5.374175e-09	2.180801e-09	2.394520e+01	2.539507e+02
3.820000e-06	5.266359e-09	2.130191e-09	2.346481e+01	2.485330e+02
3.830000e-06	5.157955e-09	2.080579e-09	2.298180e+01	2.430851e+02
3.840000e-06	5.048975e-09	2.033254e-09	2.249623e+01	2.376076e+02
3.850000e-06	4.939409e-09	1.986621e-09	2.200805e+01	2.321013e+02
3.860000e-06	4.829230e-09	1.939189e-09	2.151714e+01	2.265668e+02
3.870000e-06	4.718407e-09	1.891060e-09	2.102335e+01	2.210048e+02
3.880000e-06	4.606924e-09	1.844265e-09	2.052663e+01	2.154160e+02
3.890000e-06	4.494832e-09	1.797264e-09	2.002719e+01	2.098010e+02
3.900000e-06	4.382191e-09	1.750560e-09	1.952531e+01	2.041605e+02
3.910000e-06	4.268982e-09	1.704546e-09	1.902089e+01	1.984952e+02
3.920000e-06	4.155178e-09	1.656845e-09	1.851383e+01	1.928059e+02
3.930000e-06	4.040768e-09	1.608559e-09	1.800406e+01	1.870931e+02
3.940000e-06	3.925748e-09	1.560796e-09	1.749158e+01	1.813576e+02
3.950000e-06	3.810169e-09	1.512777e-09	1.697661e+01	1.756002e+02
3.960000e-06	3.694091e-09	1.461807e-09	1.645941e+01	1.698214e+02
3.970000e-06	3.577539e-09	1.409407e-09	1.594010e+01	1.640220e+02
3.980000e-06	3.460519e-09	1.359448e-09	1.541871e+01	1.582027e+02
3.990000e-06	3.343062e-09	1.312411e-09	1.489537e+01	1.523642e+02
4.000000e-06	3.225200e-09	1.266723e-09	1.437022e+01	1.465072e+02
4.010000e-06	3.106920e-09	1.220134e-09	1.384321e+01	1.406325e+02
4.020000e-06	2.988244e-09	1.171983e-09	1.331444e+01	1.347407e+02
4.030000e-06	2.869186e-09	1.121662e-09	1.278397e+01	1.288326e+02
4.040000e-06	2.749733e-09	1.069588e-09	1.225173e+01	1.229089e+02
4.050000e-06	2.629899e-09	1.017207e-09	1.171780e+01	1.169703e+02
4.060000e-06	2.509732e-09	9.638615e-10	1.118238e+01	1.110175e+02
4.070000e-06	2.389273e-09	9.124711e-10	1.064566e+01	1.050513e+02
4.080000e-06	2.268561e-09	8.654880e-10	1.010782e+01	9.907242e+01
4.090000e-06	2.147648e-09	8.217331e-10	9.569074e+00	9.308151e+01
4.100000e-06	2.026559e-09	7.776675e-10	9.029551e+00	8.707935e+01
4.110000e-06	1.905292e-09	7.301434e-10	8.489235e+00	8.106666e+01
4.120000e-06	1.783840e-09	6.792488e-10	7.948093e+00	7.504418e+01
4.130000e-06	1.662196e-09	6.269402e-10	7.406095e+00	6.901264e+01
4.140000e-06	1.540369e-09	5.750542e-10	6.863279e+00	6.297278e+01
4.150000e-06	1.418369e-09	5.228257e-10	6.319697e+00	5.692534e+01
4.160000e-06	1.296208e-09	4.717151e-10	5.775394e+00	5.087104e+01
4.170000e-06	1.173896e-09	4.230977e-10	5.230419e+00	4.481063e+01
4.180000e-06	1.051439e-09	3.751118e-10	4.684797e+00	3.874484e+01
4.190000e-06	9.288493e-10	3.273610e-10	4.138587e+00	3.267442e+01
4.200000e-06	8.061293e-10	2.788322e-10	3.591795e+00	2.660010e+01
4.210000e-06	6.832883e-10	2.276468e-10	3.044465e+00	2.052262e+01
4.220000e-06	5.603566e-10	1.738295e-10	2.496729e+00	1.444273e+01
4.230000e-06	4.373598e-10	1.201468e-10	1.948704e+00	8.361161e+00
4.240000e-06	3.143077e-10	6.772240e-11	1.400433e+00	2.278659e+00
4.250000e-06	1.912111e-10	1.496771e-11	8.519631e-01	-3.804037e+00
4.260000e-06	6.807800e-11	-3.630497e-11	3.033310e-01	-9.886185e+00
4.270000e-06	-5.506536e-11	-8.650638e-11	-2.453469e-01	-1.596705e+01
4.280000e-06	-1.781973e-10	-1.342192e-10	-7.939736e-01	-2.204588e+01
4.290000e-06	-3.013216e-10	-1.819942e-10	-1.342567e+00	-2.812194e+01
4.300000e-06	-4.244052e-10	-2.320292e-10	-1.890978e+00	-3.419449e+01
4.310000e-06	-5.474051e-10	-2.842224e-10	-2.439017e+00	-4.026279e+01
4.320000e-06	-6.703131e-10	-3.383359e-10	-2.986646e+00	-4.632611e+01
4.330000e-06	-7.931387e-10	-3.932584e-10	-3.533909e+00	-5.238369e+01
4.340000e-06	-9.158605e-10	-4.469430e-10	-4.080709e+00	-5.843481e+01
4.350000e-06	-1.038442e-09	-4.987578e-10	-4.626881e+00	-6.447873e+01
4.360000e-06	-1.160867e-09	-5.504526e-10	-5.172362e+00	-7.051471e+01
4.370000e-06	-1.283124e-09	-6.000732e-10	-5.717089e+00	-7.654201e+01
4.380000e-06	-1.405213e-09	-6.478439e-10	-6.261069e+00	-8.255991e+01
4.390000e-06	-1.527124e-09	-6.956186e-10	-6.804257e+00	-8.856767e+01
4.400000e-06	-1.648853e-09	-7.461125e-10	-7.346635e+00	-9.456455e+01
4.410000e-06	-1.770388e-09	-8.018153e-10	-7.888146e+00	-1.005498e+02
4.420000e-06	-1.891708e-09	-8.601858e-10	-8.428701e+00	-1.065228e+02
4.430000e-06	-2.012838e-09	-9.159127e-10	-8.968408e+00	-1.124827e+02
4.440000e-06	-2.133768e-09	-9.686697e-10	-9.507227e+00	-1.184287e+02
4.450000e-06	-2.254466e-09	-1.020683e-09	-1.004501e+01	-1.243603e+02
4.460000e-06	-2.374905e-09	-1.073196e-09	-1.058164e+01	-1.302767e+02
4.470000e-06	-2.495031e-09	-1.124372e-09	-1.111687e+01	-1.361771e+02
4.480000e-06	-2.614808e-09	-1.174151e-09	-1.165055e+01	-1.420608e+02
4.490000e-06	-2.734229e-09	-1.224018e-09	-1.218264e+01	-1.479271e+02
4.500000e-06	-2.853259e-09	-1.275304e-09	-1.271299e+01	-1.537754e+02
4.510000e-06	-2.971884e-09	-1.328263e-09	-1.324154e+01	-1.596048e+02
4.520000e-06	-3.090119e-09	-1.381009e-09	-1.376835e+01	-1.654147e+02
4.530000e-06	-3.207949e-09	-1.432665e-09	-1.429335e+01	-1.712043e+02
4.540000e-06	-3.325365e-09	-1.485064e-09	-1.481651e+01	-1.769730e+02
4.550000e-06	-3.442365e-09	-1.538998e-09	-1.533781e+01	-1.827201e+02
4.560000e-06	-3.558925e-09	-1.591917e-09	-1.585716e+01	-1.884448e+02
4.570000e-06	-3.675027e-09	-1.641965e-09	-1.637446e+01	-1.941465e+02
4.580000e-06	-3.790632e-09	-1.691423e-09	-1.688955e+01	-1.998244e+02
4.590000e-06	-3.905692e-09	-1.742616e-09	-1.740221e+01	-2.054780e+02
4.600000e-06	-4.020149e-09	-1.795035e-09	-1.791219e+01	-2.111064e+02
4.610000e-06	-4.133973e-09	-1.848303e-09	-1.841934e+01	-2.167090e+02
4.620000e-06	-4.247188e-09	-1.901701e-09	-1.892378e+01	-2.222851e+02
4.630000e-06	-4.359824e-09	-1.954137e-09	-1.942564e+01	-2.278341e+02
4.640000e-06	-4.471903e-09	-2.006053e-09	-1.992502e+01	-2.333552e+02
4.650000e-06	-4.583399e-09	-2.056780e-09	-2.042180e+01	-2.388478e+02
4.660000e-06	-4.694277e-09	-2.105371e-09	-2.091583e+01	-2.443112e+02
4.670000e-06	-4.804527e-09	-2.152598e-09	-2.140706e+01	-2.497448e+02
4.680000e-06	-4.914162e-09	-2.200735e-09	-2.189555e+01	-2.551478e+02
4.690000e-06	-5.023220e-09	-2.251189e-09	-2.238147e+01	-2.605197e+02
4.700000e-06	-5.131746e-09	-2.302971e-09	-2.286502e+01	-2.658598e+02
4.710000e-06	-5.239729e-09	-2.354198e-09	-2.334615e+01	-2.711674e+02
4.720000e-06	-5.347160e-09	-2.404614e-09	-2.382482e+01	-2.764419e+02
4.730000e-06	-5.454002e-09	-2.454866e-09	-2.430087e+01	-2.816827e+02
4.740000e-06	-5.560213e-09	-2.503862e-09	-2.477410e+01	-2.868890e+02
4.750000e-06	-5.665817e-09	-2.551097e-09	-2.524463e+01	-2.920603e+02
4.760000e-06	-5.770814e-09	-2.596002e-09	-2.571246e+01	-2.971959e+02
4.770000e-06	-5.875153e-09	-2.641109e-09	-2.617735e+01	-3.022953e+02
4.780000e-06	-5.978749e-09	-2.688550e-09	-2.663893e+01	-3.073577e+02
4.790000e-06	-6.081528e-09	-2.737174e-09	-2.709688e+01	-3.123826e+02
4.800000e-06	-6.183475e-09	-2.784960e-09	-2.755111e+01	-3.173694e+02
4.810000e-06	-6.284632e-09	-2.829951e-09	-2.800182e+01	-3.223174e+02
4.820000e-06	-6.385016e-09	-2.874001e-09	-2.844910e+01	-3.272261e+02
4.830000e-06	-6.484590e-09	-2.919410e-09	-2.889276e+01	-3.320948e+02
4.840000e-06	-6.583360e-09	-2.965572e-09	-2.933284e+01	-3.369230e+02
4.850000e-06	-6.681376e-09	-3.010433e-09	-2.976956e+01	-3.417101e+02
4.860000e-06	-6.778668e-09	-3.052474e-09	-3.020305e+01	-3.464554e+02
4.870000e-06	-6.875259e-09	-3.093310e-09	-3.063342e+01	-3.511585e+02
4.880000e-06	-6.971122e-09	-3.134819e-09	-3.106055e+01	-3.558187e+02
4.890000e-06	-7.066176e-09	-3.177666e-09	-3.148408e+01	-3.604355e+02
4.900000e-06	-7.160357e-09	-3.220468e-09	-3.190371e+01	-3.650082e+02
4.910000e-06	-7.253649e-09	-3.262161e-09	-3.231938e+01	-3.695364e+02
4.920000e-06	-7.346035e-09	-3.303145e-09	-3.273102e+01	-3.740196e+02
4.930000e-06	-7.437477e-09	-3.344741e-09	-3.313845e+01	-3.784570e+02
4.940000e-06	-7.527966e-09	-3.386490e-09	-3.354163e+01	-3.828483e+02
4.950000e-06	-7.617544e-09	-3.425712e-09	-3.394075e+01	-3.871929e+02
4.960000e-06	-7.706279e-09	-3.461969e-09	-3.433612e+01	-3.914902e+02
4.970000e-06	-7.794184e-09	-3.498950e-09	-3.472779e+01	-3.957397e+02
4.980000e-06	-7.881185e-09	-3.538693e-09	-3.511544e+01	-3.999410e+02
4.990000e-06	-7.967211e-09	-3.578466e-09	-3.549873e+01	-4.040934e+02
5.000000e-06	-8.052238e-09	-3.614920e-09	-3.587758e+01	-4.081965e+02
5.010000e-06	-8.136241e-09	-3.647977e-09	-3.625186e+01	-4.122499e+02
5.020000e-06	-8.219242e-09	-3.681703e-09	-3.662168e+01	-4.162529e+02
5.030000e-06	-8.301310e-09	-3.717490e-09	-3.698735e+01	-4.202051e+02
5.040000e-06	-8.382476e-09	-3.753552e-09	-3.734899e+01	-4.241060e+02
5.050000e-06	-8.462753e-09	-3.787102e-09	-3.770667e+01	-4.279552e+02
5.060000e-06	-8.542078e-09	-3.817954e-09	-3.806011e+01	-4.317522e+02
5.070000e-06	-8.620320e-09	-3.849441e-09	-3.840873e+01	-4.354965e+02
5.080000e-06	-8.697342e-09	-3.883693e-09	-3.875191e+01	-4.391876e+02
5.090000e-06	-8.773078e-09	-3.918579e-09	-3.908935e+01	-4.428252e+02
5.100000e-06	-8.847595e-09	-3.950110e-09	-3.942137e+01	-4.464088e+02
5.110000e-06	-8.920992e-09	-3.977911e-09	-3.974840e+01	-4.499378e+02
5.120000e-06	-8.993371e-09	-4.003984e-09	-4.007089e+01	-4.534120e+02
5.130000e-06	-9.064739e-09	-4.030247e-09	-4.038888e+01	-4.568309e+02
5.140000e-06	-9.134947e-09	-4.056459e-09	-4.070170e+01	-4.601940e+02
5.150000e-06	-9.203921e-09	-4.082269e-09	-4.100902e+01	-4.635010e+02
5.160000e-06	-9.271702e-09	-4.109962e-09	-4.131103e+01	-4.667514e+02
5.170000e-06	-9.338382e-09	-4.139930e-09	-4.160812e+01	-4.699449e+02
5.180000e-06	-9.404019e-09	-4.169874e-09	-4.190058e+01	-4.730810e+02
5.190000e-06	-9.468618e-09	-4.196464e-09	-4.218841e+01	-4.761595e+02
5.200000e-06	-9.532177e-09	-4.218334e-09	-4.247160e+01	-4.791798e+02
5.210000e-06	-9.594564e-09	-4.237520e-09	-4.274957e+01	-4.821417e+02
5.220000e-06	-9.655643e-09	-4.256637e-09	-4.302172e+01	-4.850448e+02
5.230000e-06	-9.715494e-09	-4.277550e-09	-4.328839e+01	-4.878887e+02
5.240000e-06	-9.774248e-09	-4.300157e-09	-4.355017e+01	-4.906731e+02
5.250000e-06	-9.831909e-09	-4.324294e-09	-4.380709e+01	-4.933976e+02
5.260000e-06	-9.888448e-09	-4.348956e-09	-4.405900e+01	-4.960619e+02
5.270000e-06	-9.943886e-09	-4.372015e-09	-4.430601e+01	-4.986657e+02
5.280000e-06	-9.998040e-09	-4.391852e-09	-4.454730e+01	-5.012087e+02
5.290000e-06	-1.005071e-08	-4.408014e-09	-4.478196e+01	-5.036906e+02
5.300000e-06	-1.010196e-08	-4.421795e-09	-4.501032e+01	-5.061110e+02
5.310000e-06	-1.015185e-08	-4.435459e-09	-4.523263e+01	-5.084696e+02
5.320000e-06	-1.020025e-08	-4.451536e-09	-4.544825e+01	-5.107663e+02
5.330000e-06	-1.024712e-08	-4.471001e-09	-4.565712e+01	-5.130006e+02
5.340000e-06	-1.029277e-08	-4.491297e-09	-4.586049e+01	-5.151723e+02
5.350000e-06	-1.033737e-08	-4.508231e-09	-4.605920e+01	-5.172813e+02
5.360000e-06	-1.038098e-08	-4.519941e-09	-4.625351e+01	-5.193271e+02
5.370000e-06	-1.042358e-08	-4.528296e-09	-4.644335e+01	-5.213095e+02
5.380000e-06	-1.046506e-08	-4.538431e-09	-4.662814e+01	-5.232284e+02
5.390000e-06	-1.050537e-08	-4.552921e-09	-4.680776e+01	-5.250834e+02
5.400000e-06	-1.054457e-08	-4.569267e-09	-4.698243e+01	-5.268744e+02
5.410000e-06	-1.058243e-08	-4.583703e-09	-4.715112e+01	-5.286012e+02
5.420000e-06	-1.061880e-08	-4.595077e-09	-4.731317e+01	-5.302634e+02
5.430000e-06	-1.065391e-08	-4.605371e-09	-4.746959e+01	-5.318610e+02
5.440000e-06	-1.068782e-08	-4.615880e-09	-4.762070e+01	-5.333937e+02
5.450000e-06	-1.072048e-08	-4.626107e-09	-4.776622e+01	-5.348613e+02
5.460000e-06	-1.075193e-08	-4.635374e-09	-4.790634e+01	-5.362637e+02
5.470000e-06	-1.078203e-08	-4.644415e-09	-4.804044e+01	-5.376007e+02
5.480000e-06	-1.081061e-08	-4.655611e-09	-4.816779e+01	-5.388721e+02
5.490000e-06	-1.083788e-08	-4.667868e-09	-4.828928e+01	-5.400777e+02
5.500000e-06	-1.086393e-08	-4.675940e-09	-4.840536e+01	-5.412175e+02
5.510000e-06	-1.088869e-08	-4.679591e-09	-4.851567e+01	-5.422913e+02
5.520000e-06	-1.091225e-08	-4.683676e-09	-4.862066e+01	-5.432990e+02
5.530000e-06	-1.093453e-08	-4.690827e-09	-4.871993e+01	-5.442403e+02
5.540000e-06	-1.095528e-08	-4.700102e-09	-4.881239e+01	-5.451153e+02
5.550000e-06	-1.097468e-08	-4.707066e-09	-4.889881e+01	-5.459238e+02
5.560000e-06	-1.099288e-08	-4.710737e-09	-4.897993e+01	-5.466657e+02
5.570000e-06	-1.100985e-08	-4.711979e-09	-4.905553e+01	-5.473409e+02
5.580000e-06	-1.102562e-08	-4.713529e-09	-4.912581e+01	-5.479494e+02
5.590000e-06	-1.104004e-08	-4.716895e-09	-4.919002e+01	-5.484910e+02
5.600000e-06	-1.105278e-08	-4.719566e-09	-4.924680e+01	-5.489658e+02
5.610000e-06	-1.106396e-08	-4.722181e-09	-4.929663e+01	-5.493735e+02
5.620000e-06	-1.107381e-08	-4.725670e-09	-4.934050e+01	-5.497143e+02
5.630000e-06	-1.108240e-08	-4.731381e-09	-4.937879e+01	-5.499880e+02
5.640000e-06	-1.108984e-08	-4.736085e-09	-4.941192e+01	-5.501946e+02
5.650000e-06	-1.109589e-08	-4.734781e-09	-4.943888e+01	-5.503342e+02
5.660000e-06	-1.110038e-08	-4.729115e-09	-4.945888e+01	-5.504066e+02
5.670000e-06	-1.110356e-08	-4.723759e-09	-4.947307e+01	-5.504118e+02
5.680000e-06	-1.110558e-08	-4.721177e-09	-4.948207e+01	-5.503499e+02
5.690000e-06	-1.110635e-08	-4.719163e-09	-4.948548e+01	-5.502209e+02
