# Temperatura_=_20.0
# Concentracion g/m^3_=_10000.0
# C_Vs_to_Am_M_A/Vsm_=_116720831517.84952
# pendiente_HvsI_1/m_=_3716.3
# ordenada_HvsI_A/m_=_1297.0
# frecuencia_Hz_=_175558.96123711896
# Promedio de 25 ciclos

Tiempo_(s)	Campo_(V.s)	Magnetizacion_(V.s)	Campo_(kA/m)	Magnetizacion_(A/m)
0.000000e+00	-7.719968e-09	-3.225983e-09	-3.470235e+01	-3.761102e+02
1.000000e-08	-7.719463e-09	-3.223901e-09	-3.470008e+01	-3.758840e+02
2.000000e-08	-7.718176e-09	-3.221139e-09	-3.469429e+01	-3.756119e+02
3.000000e-08	-7.715757e-09	-3.218204e-09	-3.468342e+01	-3.752941e+02
4.000000e-08	-7.712191e-09	-3.215406e-09	-3.466739e+01	-3.749306e+02
5.000000e-08	-7.707801e-09	-3.211093e-09	-3.464766e+01	-3.745214e+02
6.000000e-08	-7.702687e-09	-3.205333e-09	-3.462467e+01	-3.740667e+02
7.000000e-08	-7.696714e-09	-3.198449e-09	-3.459782e+01	-3.735663e+02
8.000000e-08	-7.689814e-09	-3.196479e-09	-3.456680e+01	-3.730205e+02
9.000000e-08	-7.681968e-09	-3.205106e-09	-3.453153e+01	-3.724293e+02
1.000000e-07	-7.673076e-09	-3.215088e-09	-3.449156e+01	-3.717927e+02
1.100000e-07	-7.662906e-09	-3.210980e-09	-3.444585e+01	-3.711109e+02
1.200000e-07	-7.651538e-09	-3.179248e-09	-3.439475e+01	-3.703838e+02
1.300000e-07	-7.639358e-09	-3.155990e-09	-3.434000e+01	-3.696117e+02
1.400000e-07	-7.626415e-09	-3.160174e-09	-3.428181e+01	-3.687946e+02
1.500000e-07	-7.612535e-09	-3.142027e-09	-3.421942e+01	-3.679325e+02
1.600000e-07	-7.597767e-09	-3.127174e-09	-3.415304e+01	-3.670256e+02
1.700000e-07	-7.581824e-09	-3.142677e-09	-3.408137e+01	-3.660741e+02
1.800000e-07	-7.564485e-09	-3.125228e-09	-3.400343e+01	-3.650779e+02
1.900000e-07	-7.546362e-09	-3.091992e-09	-3.392196e+01	-3.640373e+02
2.000000e-07	-7.527693e-09	-3.091485e-09	-3.383804e+01	-3.629524e+02
2.100000e-07	-7.508135e-09	-3.077960e-09	-3.375013e+01	-3.618233e+02
2.200000e-07	-7.487774e-09	-3.048713e-09	-3.365860e+01	-3.606501e+02
2.300000e-07	-7.466708e-09	-3.046797e-09	-3.356390e+01	-3.594330e+02
2.400000e-07	-7.444731e-09	-3.052059e-09	-3.346511e+01	-3.581722e+02
2.500000e-07	-7.421920e-09	-3.046331e-09	-3.336258e+01	-3.568677e+02
2.600000e-07	-7.398378e-09	-3.032667e-09	-3.325675e+01	-3.555197e+02
2.700000e-07	-7.373964e-09	-3.002769e-09	-3.314701e+01	-3.541285e+02
2.800000e-07	-7.348668e-09	-2.975180e-09	-3.303330e+01	-3.526942e+02
2.900000e-07	-7.322361e-09	-2.962948e-09	-3.291505e+01	-3.512169e+02
3.000000e-07	-7.294865e-09	-2.959569e-09	-3.279145e+01	-3.496968e+02
3.100000e-07	-7.266365e-09	-2.959946e-09	-3.266334e+01	-3.481341e+02
3.200000e-07	-7.237050e-09	-2.943732e-09	-3.253156e+01	-3.465291e+02
3.300000e-07	-7.206972e-09	-2.923298e-09	-3.239636e+01	-3.448818e+02
3.400000e-07	-7.176106e-09	-2.914671e-09	-3.225761e+01	-3.431926e+02
3.500000e-07	-7.144405e-09	-2.894760e-09	-3.211511e+01	-3.414615e+02
3.600000e-07	-7.111989e-09	-2.868260e-09	-3.196939e+01	-3.396889e+02
3.700000e-07	-7.078844e-09	-2.854387e-09	-3.182040e+01	-3.378749e+02
3.800000e-07	-7.044682e-09	-2.846175e-09	-3.166684e+01	-3.360198e+02
3.900000e-07	-7.009349e-09	-2.838537e-09	-3.150801e+01	-3.341237e+02
4.000000e-07	-6.973077e-09	-2.825967e-09	-3.134496e+01	-3.321869e+02
4.100000e-07	-6.936093e-09	-2.799853e-09	-3.117872e+01	-3.302097e+02
4.200000e-07	-6.898351e-09	-2.771846e-09	-3.100906e+01	-3.281923e+02
4.300000e-07	-6.859746e-09	-2.757670e-09	-3.083552e+01	-3.261349e+02
4.400000e-07	-6.820257e-09	-2.745723e-09	-3.065801e+01	-3.240378e+02
4.500000e-07	-6.780054e-09	-2.727521e-09	-3.047730e+01	-3.219013e+02
4.600000e-07	-6.739297e-09	-2.709270e-09	-3.029409e+01	-3.197255e+02
4.700000e-07	-6.697744e-09	-2.689160e-09	-3.010730e+01	-3.175108e+02
4.800000e-07	-6.655055e-09	-2.669479e-09	-2.991541e+01	-3.152574e+02
4.900000e-07	-6.611293e-09	-2.648399e-09	-2.971870e+01	-3.129656e+02
5.000000e-07	-6.566764e-09	-2.624463e-09	-2.951853e+01	-3.106358e+02
5.100000e-07	-6.521547e-09	-2.603140e-09	-2.931527e+01	-3.082680e+02
5.200000e-07	-6.475564e-09	-2.586374e-09	-2.910857e+01	-3.058628e+02
5.300000e-07	-6.428804e-09	-2.570249e-09	-2.889838e+01	-3.034203e+02
5.400000e-07	-6.381282e-09	-2.549626e-09	-2.868476e+01	-3.009408e+02
5.500000e-07	-6.333082e-09	-2.523013e-09	-2.846809e+01	-2.984247e+02
5.600000e-07	-6.284153e-09	-2.495570e-09	-2.824815e+01	-2.958722e+02
5.700000e-07	-6.234213e-09	-2.472031e-09	-2.802367e+01	-2.932837e+02
5.800000e-07	-6.183173e-09	-2.452625e-09	-2.779423e+01	-2.906595e+02
5.900000e-07	-6.131200e-09	-2.433104e-09	-2.756061e+01	-2.879999e+02
6.000000e-07	-6.078450e-09	-2.412125e-09	-2.732349e+01	-2.853052e+02
6.100000e-07	-6.024932e-09	-2.388241e-09	-2.708292e+01	-2.825758e+02
6.200000e-07	-5.970634e-09	-2.361307e-09	-2.683884e+01	-2.798119e+02
6.300000e-07	-5.915619e-09	-2.334329e-09	-2.659154e+01	-2.770140e+02
6.400000e-07	-5.859977e-09	-2.307691e-09	-2.634142e+01	-2.741823e+02
6.500000e-07	-5.803768e-09	-2.281410e-09	-2.608875e+01	-2.713172e+02
6.600000e-07	-5.746925e-09	-2.256305e-09	-2.583323e+01	-2.684191e+02
6.700000e-07	-5.689272e-09	-2.232475e-09	-2.557408e+01	-2.654883e+02
6.800000e-07	-5.630723e-09	-2.208066e-09	-2.531089e+01	-2.625251e+02
6.900000e-07	-5.571338e-09	-2.180204e-09	-2.504395e+01	-2.595300e+02
7.000000e-07	-5.511224e-09	-2.150411e-09	-2.477373e+01	-2.565032e+02
7.100000e-07	-5.450480e-09	-2.122582e-09	-2.450067e+01	-2.534452e+02
7.200000e-07	-5.389165e-09	-2.098808e-09	-2.422505e+01	-2.503564e+02
7.300000e-07	-5.327280e-09	-2.075768e-09	-2.394687e+01	-2.472370e+02
7.400000e-07	-5.264823e-09	-2.049862e-09	-2.366612e+01	-2.440875e+02
7.500000e-07	-5.201780e-09	-2.020053e-09	-2.338273e+01	-2.409083e+02
7.600000e-07	-5.138102e-09	-1.988112e-09	-2.309649e+01	-2.376998e+02
7.700000e-07	-5.073827e-09	-1.957923e-09	-2.280757e+01	-2.344622e+02
7.800000e-07	-5.009038e-09	-1.929048e-09	-2.251633e+01	-2.311962e+02
7.900000e-07	-4.943682e-09	-1.900254e-09	-2.222255e+01	-2.279019e+02
8.000000e-07	-4.877593e-09	-1.871354e-09	-2.192547e+01	-2.245799e+02
8.100000e-07	-4.810676e-09	-1.843119e-09	-2.162466e+01	-2.212305e+02
8.200000e-07	-4.743050e-09	-1.814805e-09	-2.132068e+01	-2.178542e+02
8.300000e-07	-4.674938e-09	-1.784122e-09	-2.101450e+01	-2.144513e+02
8.400000e-07	-4.606425e-09	-1.749560e-09	-2.070653e+01	-2.110224e+02
8.500000e-07	-4.537473e-09	-1.714461e-09	-2.039658e+01	-2.075676e+02
8.600000e-07	-4.468051e-09	-1.683758e-09	-2.008452e+01	-2.040877e+02
8.700000e-07	-4.398118e-09	-1.656426e-09	-1.977016e+01	-2.005828e+02
8.800000e-07	-4.327657e-09	-1.627474e-09	-1.945343e+01	-1.970535e+02
8.900000e-07	-4.256703e-09	-1.594657e-09	-1.913448e+01	-1.935002e+02
9.000000e-07	-4.185266e-09	-1.559403e-09	-1.881336e+01	-1.899233e+02
9.100000e-07	-4.113355e-09	-1.524413e-09	-1.849011e+01	-1.863233e+02
9.200000e-07	-4.041024e-09	-1.490422e-09	-1.816497e+01	-1.827005e+02
9.300000e-07	-3.968310e-09	-1.457958e-09	-1.783811e+01	-1.790555e+02
9.400000e-07	-3.895122e-09	-1.426206e-09	-1.750912e+01	-1.753887e+02
9.500000e-07	-3.821341e-09	-1.394235e-09	-1.717746e+01	-1.717005e+02
9.600000e-07	-3.746908e-09	-1.362335e-09	-1.684288e+01	-1.679914e+02
9.700000e-07	-3.671835e-09	-1.331269e-09	-1.650542e+01	-1.642618e+02
9.800000e-07	-3.596177e-09	-1.299151e-09	-1.616532e+01	-1.605121e+02
9.900000e-07	-3.520016e-09	-1.264884e-09	-1.582297e+01	-1.567430e+02
1.000000e-06	-3.443428e-09	-1.231452e-09	-1.547869e+01	-1.529547e+02
1.010000e-06	-3.366446e-09	-1.201610e-09	-1.513265e+01	-1.491477e+02
1.020000e-06	-3.289067e-09	-1.172186e-09	-1.478482e+01	-1.453226e+02
1.030000e-06	-3.211276e-09	-1.139174e-09	-1.443514e+01	-1.414798e+02
1.040000e-06	-3.133063e-09	-1.102862e-09	-1.408356e+01	-1.376197e+02
1.050000e-06	-3.054403e-09	-1.066884e-09	-1.372997e+01	-1.337428e+02
1.060000e-06	-2.975259e-09	-1.033455e-09	-1.337421e+01	-1.298497e+02
1.070000e-06	-2.895633e-09	-1.002599e-09	-1.301628e+01	-1.259407e+02
1.080000e-06	-2.815542e-09	-9.724042e-10	-1.265626e+01	-1.220163e+02
1.090000e-06	-2.734983e-09	-9.396564e-10	-1.229414e+01	-1.180771e+02
1.100000e-06	-2.654018e-09	-9.050480e-10	-1.193019e+01	-1.141234e+02
1.110000e-06	-2.572724e-09	-8.701680e-10	-1.156476e+01	-1.101559e+02
1.120000e-06	-2.491157e-09	-8.359372e-10	-1.119810e+01	-1.061749e+02
1.130000e-06	-2.409352e-09	-8.021867e-10	-1.083038e+01	-1.021809e+02
1.140000e-06	-2.327333e-09	-7.681899e-10	-1.046169e+01	-9.817450e+01
1.150000e-06	-2.245088e-09	-7.349731e-10	-1.009199e+01	-9.415610e+01
1.160000e-06	-2.162589e-09	-7.022325e-10	-9.721140e+00	-9.012621e+01
1.170000e-06	-2.079849e-09	-6.688537e-10	-9.349214e+00	-8.608532e+01
1.180000e-06	-1.996881e-09	-6.355116e-10	-8.976263e+00	-8.203392e+01
1.190000e-06	-1.913695e-09	-6.015099e-10	-8.602328e+00	-7.797251e+01
1.200000e-06	-1.830301e-09	-5.656715e-10	-8.227460e+00	-7.390157e+01
1.210000e-06	-1.746707e-09	-5.291321e-10	-7.851692e+00	-6.982161e+01
1.220000e-06	-1.662938e-09	-4.947890e-10	-7.475140e+00	-6.573313e+01
1.230000e-06	-1.579014e-09	-4.622143e-10	-7.097887e+00	-6.163660e+01
1.240000e-06	-1.494940e-09	-4.289623e-10	-6.719963e+00	-5.753255e+01
1.250000e-06	-1.410737e-09	-3.955273e-10	-6.341459e+00	-5.342146e+01
1.260000e-06	-1.326426e-09	-3.631415e-10	-5.962464e+00	-4.930384e+01
1.270000e-06	-1.242006e-09	-3.308055e-10	-5.582987e+00	-4.518018e+01
1.280000e-06	-1.157481e-09	-2.983302e-10	-5.203032e+00	-4.105099e+01
1.290000e-06	-1.072861e-09	-2.648244e-10	-4.822652e+00	-3.691678e+01
1.300000e-06	-9.881584e-10	-2.288759e-10	-4.441902e+00	-3.277804e+01
1.310000e-06	-9.033718e-10	-1.915204e-10	-4.060774e+00	-2.863527e+01
1.320000e-06	-8.185086e-10	-1.562300e-10	-3.679301e+00	-2.448899e+01
1.330000e-06	-7.335728e-10	-1.237970e-10	-3.297503e+00	-2.033970e+01
1.340000e-06	-6.485629e-10	-9.028347e-11	-2.915371e+00	-1.618789e+01
1.350000e-06	-5.634837e-10	-5.326891e-11	-2.532928e+00	-1.203409e+01
1.360000e-06	-4.783325e-10	-1.615929e-11	-2.150161e+00	-7.878782e+00
1.370000e-06	-3.931293e-10	1.895856e-11	-1.767160e+00	-3.722484e+00
1.380000e-06	-3.079004e-10	5.311265e-11	-1.384045e+00	4.342994e-01
1.390000e-06	-2.226348e-10	8.825858e-11	-1.000764e+00	4.591064e+00
1.400000e-06	-1.373426e-10	1.250384e-10	-6.173634e-01	8.747304e+00
1.410000e-06	-5.203402e-11	1.617777e-10	-2.338893e-01	1.290251e+01
1.420000e-06	3.329331e-11	1.970014e-10	1.496691e-01	1.705619e+01
1.430000e-06	1.186127e-10	2.299932e-10	5.331921e-01	2.120782e+01
1.440000e-06	2.039171e-10	2.628296e-10	9.166473e-01	2.535690e+01
1.450000e-06	2.892041e-10	2.969062e-10	1.300025e+00	2.950293e+01
1.460000e-06	3.744731e-10	3.322273e-10	1.683321e+00	3.364541e+01
1.470000e-06	4.597123e-10	3.680088e-10	2.066483e+00	3.778382e+01
1.480000e-06	5.449025e-10	4.027408e-10	2.449425e+00	4.191768e+01
1.490000e-06	6.300358e-10	4.380786e-10	2.832112e+00	4.604646e+01
1.500000e-06	7.150899e-10	4.747556e-10	3.214442e+00	5.016968e+01
1.510000e-06	8.000576e-10	5.100659e-10	3.596384e+00	5.428682e+01
1.520000e-06	8.849547e-10	5.428357e-10	3.978009e+00	5.839740e+01
1.530000e-06	9.697656e-10	5.745814e-10	4.359246e+00	6.250090e+01
1.540000e-06	1.054483e-09	6.077804e-10	4.740062e+00	6.659683e+01
1.550000e-06	1.139099e-09	6.428956e-10	5.120423e+00	7.068469e+01
1.560000e-06	1.223597e-09	6.781032e-10	5.500257e+00	7.476398e+01
1.570000e-06	1.307979e-09	7.104645e-10	5.879566e+00	7.883421e+01
1.580000e-06	1.392239e-09	7.413884e-10	6.258327e+00	8.289488e+01
1.590000e-06	1.476367e-09	7.745910e-10	6.636498e+00	8.694550e+01
1.600000e-06	1.560342e-09	8.090735e-10	7.013978e+00	9.098557e+01
1.610000e-06	1.644142e-09	8.422927e-10	7.390669e+00	9.501461e+01
1.620000e-06	1.727759e-09	8.727363e-10	7.766542e+00	9.903211e+01
1.630000e-06	1.811179e-09	9.022081e-10	8.141525e+00	1.030376e+02
1.640000e-06	1.894363e-09	9.343037e-10	8.515448e+00	1.070306e+02
1.650000e-06	1.977300e-09	9.669748e-10	8.888262e+00	1.110106e+02
1.660000e-06	2.059994e-09	9.982917e-10	9.259983e+00	1.149771e+02
1.670000e-06	2.142429e-09	1.029138e-09	9.630540e+00	1.189297e+02
1.680000e-06	2.224603e-09	1.061116e-09	9.999922e+00	1.228678e+02
1.690000e-06	2.306522e-09	1.095377e-09	1.036816e+01	1.267910e+02
1.700000e-06	2.388191e-09	1.129312e-09	1.073527e+01	1.306988e+02
1.710000e-06	2.469593e-09	1.159214e-09	1.110119e+01	1.345908e+02
1.720000e-06	2.550715e-09	1.185357e-09	1.146585e+01	1.384664e+02
1.730000e-06	2.631542e-09	1.212659e-09	1.182917e+01	1.423252e+02
1.740000e-06	2.712027e-09	1.243615e-09	1.219096e+01	1.461667e+02
1.750000e-06	2.792132e-09	1.275663e-09	1.255105e+01	1.499904e+02
1.760000e-06	2.871843e-09	1.305916e-09	1.290936e+01	1.537960e+02
1.770000e-06	2.951148e-09	1.335373e-09	1.326584e+01	1.575828e+02
1.780000e-06	3.030053e-09	1.366308e-09	1.362053e+01	1.613506e+02
1.790000e-06	3.108558e-09	1.397937e-09	1.397342e+01	1.650987e+02
1.800000e-06	3.186672e-09	1.427142e-09	1.432456e+01	1.688267e+02
1.810000e-06	3.264404e-09	1.452729e-09	1.467397e+01	1.725343e+02
1.820000e-06	3.341752e-09	1.478113e-09	1.502167e+01	1.762209e+02
1.830000e-06	3.418716e-09	1.508120e-09	1.536763e+01	1.798861e+02
1.840000e-06	3.495277e-09	1.540641e-09	1.571178e+01	1.835294e+02
1.850000e-06	3.571411e-09	1.570611e-09	1.605402e+01	1.871504e+02
1.860000e-06	3.647048e-09	1.597815e-09	1.639401e+01	1.907487e+02
1.870000e-06	3.722099e-09	1.625736e-09	1.673138e+01	1.943238e+02
1.880000e-06	3.796498e-09	1.656382e-09	1.706581e+01	1.978754e+02
1.890000e-06	3.870240e-09	1.686450e-09	1.739729e+01	2.014028e+02
1.900000e-06	3.943398e-09	1.712367e-09	1.772614e+01	2.049058e+02
1.910000e-06	4.016066e-09	1.735978e-09	1.805280e+01	2.083839e+02
1.920000e-06	4.088297e-09	1.762112e-09	1.837749e+01	2.118367e+02
1.930000e-06	4.160096e-09	1.791865e-09	1.870024e+01	2.152637e+02
1.940000e-06	4.231457e-09	1.821436e-09	1.902101e+01	2.186646e+02
1.950000e-06	4.302335e-09	1.847623e-09	1.933962e+01	2.220389e+02
1.960000e-06	4.372679e-09	1.873044e-09	1.965582e+01	2.253862e+02
1.970000e-06	4.442474e-09	1.902589e-09	1.996956e+01	2.287061e+02
1.980000e-06	4.511747e-09	1.933671e-09	2.028096e+01	2.319982e+02
1.990000e-06	4.580559e-09	1.961944e-09	2.059028e+01	2.352621e+02
2.000000e-06	4.648955e-09	1.985982e-09	2.089773e+01	2.384975e+02
2.010000e-06	4.716880e-09	2.008153e-09	2.120306e+01	2.417038e+02
2.020000e-06	4.784199e-09	2.032792e-09	2.150566e+01	2.448808e+02
2.030000e-06	4.850760e-09	2.059838e-09	2.180487e+01	2.480280e+02
2.040000e-06	4.916505e-09	2.087203e-09	2.210040e+01	2.511451e+02
2.050000e-06	4.981553e-09	2.112378e-09	2.239280e+01	2.542316e+02
2.060000e-06	5.046066e-09	2.135392e-09	2.268279e+01	2.572872e+02
2.070000e-06	5.110101e-09	2.159938e-09	2.297064e+01	2.603116e+02
2.080000e-06	5.173611e-09	2.185759e-09	2.325613e+01	2.633043e+02
2.090000e-06	5.236551e-09	2.209715e-09	2.353905e+01	2.662650e+02
2.100000e-06	5.298929e-09	2.232473e-09	2.381945e+01	2.691934e+02
2.110000e-06	5.360737e-09	2.256648e-09	2.409729e+01	2.720890e+02
2.120000e-06	5.421973e-09	2.282412e-09	2.437255e+01	2.749516e+02
2.130000e-06	5.482681e-09	2.306710e-09	2.464544e+01	2.777807e+02
2.140000e-06	5.542866e-09	2.329407e-09	2.491598e+01	2.805761e+02
2.150000e-06	5.602378e-09	2.352248e-09	2.518350e+01	2.833373e+02
2.160000e-06	5.660996e-09	2.375886e-09	2.544699e+01	2.860642e+02
2.170000e-06	5.718667e-09	2.399714e-09	2.570623e+01	2.887562e+02
2.180000e-06	5.775552e-09	2.422681e-09	2.596194e+01	2.914132e+02
2.190000e-06	5.831819e-09	2.445603e-09	2.621487e+01	2.940347e+02
2.200000e-06	5.887498e-09	2.468513e-09	2.646515e+01	2.966205e+02
2.210000e-06	5.942536e-09	2.489966e-09	2.671255e+01	2.991702e+02
2.220000e-06	5.996890e-09	2.510747e-09	2.695688e+01	3.016835e+02
2.230000e-06	6.050551e-09	2.531350e-09	2.719809e+01	3.041602e+02
2.240000e-06	6.103466e-09	2.550390e-09	2.743596e+01	3.065999e+02
2.250000e-06	6.155543e-09	2.569131e-09	2.767005e+01	3.090023e+02
2.260000e-06	6.206629e-09	2.589528e-09	2.789969e+01	3.113672e+02
2.270000e-06	6.256629e-09	2.610315e-09	2.812444e+01	3.136942e+02
2.280000e-06	6.305670e-09	2.630223e-09	2.834489e+01	3.159830e+02
2.290000e-06	6.353960e-09	2.649300e-09	2.856196e+01	3.182335e+02
2.300000e-06	6.401568e-09	2.668495e-09	2.877596e+01	3.204452e+02
2.310000e-06	6.448466e-09	2.687722e-09	2.898678e+01	3.226181e+02
2.320000e-06	6.494611e-09	2.705202e-09	2.919420e+01	3.247516e+02
2.330000e-06	6.539997e-09	2.720473e-09	2.939822e+01	3.268457e+02
2.340000e-06	6.584723e-09	2.736628e-09	2.959927e+01	3.289001e+02
2.350000e-06	6.628861e-09	2.754971e-09	2.979768e+01	3.309145e+02
2.360000e-06	6.672215e-09	2.773225e-09	2.999256e+01	3.328886e+02
2.370000e-06	6.714496e-09	2.789115e-09	3.018262e+01	3.348223e+02
2.380000e-06	6.755734e-09	2.803626e-09	3.036799e+01	3.367153e+02
2.390000e-06	6.796174e-09	2.818592e-09	3.054977e+01	3.385673e+02
2.400000e-06	6.835908e-09	2.834909e-09	3.072838e+01	3.403782e+02
2.410000e-06	6.874895e-09	2.852464e-09	3.090363e+01	3.421476e+02
2.420000e-06	6.913103e-09	2.868199e-09	3.107539e+01	3.438755e+02
2.430000e-06	6.950520e-09	2.881371e-09	3.124358e+01	3.455616e+02
2.440000e-06	6.987223e-09	2.894501e-09	3.140857e+01	3.472057e+02
2.450000e-06	7.023268e-09	2.909551e-09	3.157059e+01	3.488075e+02
2.460000e-06	7.058450e-09	2.925705e-09	3.172874e+01	3.503669e+02
2.470000e-06	7.092514e-09	2.940882e-09	3.188186e+01	3.518838e+02
2.480000e-06	7.125560e-09	2.954129e-09	3.203041e+01	3.533578e+02
2.490000e-06	7.157834e-09	2.965580e-09	3.217548e+01	3.547889e+02
2.500000e-06	7.189365e-09	2.977534e-09	3.231722e+01	3.561769e+02
2.510000e-06	7.220095e-09	2.991136e-09	3.245536e+01	3.575215e+02
2.520000e-06	7.250004e-09	3.003996e-09	3.258980e+01	3.588227e+02
2.530000e-06	7.279116e-09	3.014836e-09	3.272066e+01	3.600803e+02
2.540000e-06	7.307542e-09	3.025235e-09	3.284844e+01	3.612940e+02
2.550000e-06	7.335192e-09	3.036880e-09	3.297273e+01	3.624639e+02
2.560000e-06	7.361728e-09	3.049813e-09	3.309201e+01	3.635897e+02
2.570000e-06	7.387075e-09	3.061626e-09	3.320595e+01	3.646712e+02
2.580000e-06	7.411480e-09	3.070316e-09	3.331565e+01	3.657085e+02
2.590000e-06	7.435049e-09	3.077851e-09	3.342160e+01	3.667012e+02
2.600000e-06	7.457767e-09	3.085955e-09	3.352372e+01	3.676494e+02
2.610000e-06	7.479631e-09	3.095498e-09	3.362200e+01	3.685529e+02
2.620000e-06	7.500690e-09	3.105495e-09	3.371667e+01	3.694115e+02
2.630000e-06	7.521064e-09	3.114168e-09	3.380825e+01	3.702253e+02
2.640000e-06	7.540667e-09	3.122735e-09	3.389637e+01	3.709940e+02
2.650000e-06	7.559317e-09	3.131559e-09	3.398020e+01	3.717176e+02
2.660000e-06	7.577040e-09	3.139807e-09	3.405987e+01	3.723960e+02
2.670000e-06	7.593863e-09	3.146805e-09	3.413549e+01	3.730292e+02
2.680000e-06	7.609647e-09	3.152136e-09	3.420645e+01	3.736170e+02
2.690000e-06	7.624383e-09	3.157344e-09	3.427268e+01	3.741593e+02
2.700000e-06	7.638172e-09	3.164025e-09	3.433467e+01	3.746562e+02
2.710000e-06	7.651036e-09	3.171424e-09	3.439249e+01	3.751075e+02
2.720000e-06	7.662917e-09	3.176867e-09	3.444590e+01	3.755132e+02
2.730000e-06	7.673611e-09	3.179655e-09	3.449397e+01	3.758732e+02
2.740000e-06	7.683072e-09	3.182910e-09	3.453650e+01	3.761876e+02
2.750000e-06	7.691593e-09	3.189286e-09	3.457480e+01	3.764562e+02
2.760000e-06	7.699322e-09	3.196404e-09	3.460954e+01	3.766790e+02
2.770000e-06	7.706192e-09	3.201828e-09	3.464042e+01	3.768560e+02
2.780000e-06	7.712153e-09	3.204617e-09	3.466722e+01	3.769872e+02
2.790000e-06	7.717264e-09	3.206757e-09	3.469020e+01	3.770726e+02
2.800000e-06	7.721658e-09	3.209561e-09	3.470995e+01	3.771121e+02
2.810000e-06	7.725209e-09	3.211529e-09	3.472591e+01	3.771057e+02
2.820000e-06	7.727587e-09	3.212685e-09	3.473660e+01	3.770535e+02
2.830000e-06	7.728806e-09	3.212986e-09	3.474208e+01	3.769555e+02
2.840000e-06	7.729165e-09	3.213011e-09	3.474369e+01	3.768116e+02
2.850000e-06	7.728740e-09	3.212474e-09	3.474178e+01	3.766219e+02
2.860000e-06	7.727492e-09	3.210881e-09	3.473617e+01	3.763864e+02
2.870000e-06	7.725413e-09	3.208851e-09	3.472683e+01	3.761052e+02
2.880000e-06	7.722535e-09	3.206454e-09	3.471389e+01	3.757782e+02
2.890000e-06	7.718974e-09	3.204822e-09	3.469788e+01	3.754055e+02
2.900000e-06	7.714646e-09	3.203856e-09	3.467843e+01	3.749872e+02
2.910000e-06	7.709240e-09	3.204822e-09	3.465413e+01	3.745233e+02
2.920000e-06	7.702692e-09	3.206853e-09	3.462469e+01	3.740138e+02
2.930000e-06	7.695292e-09	3.193939e-09	3.459142e+01	3.734589e+02
2.940000e-06	7.687008e-09	3.167494e-09	3.455419e+01	3.728586e+02
2.950000e-06	7.677423e-09	3.149834e-09	3.451110e+01	3.722129e+02
2.960000e-06	7.666504e-09	3.164403e-09	3.446202e+01	3.715220e+02
2.970000e-06	7.654851e-09	3.185144e-09	3.440964e+01	3.707859e+02
2.980000e-06	7.642870e-09	3.172233e-09	3.435578e+01	3.700047e+02
2.990000e-06	7.629971e-09	3.165833e-09	3.429780e+01	3.691785e+02
3.000000e-06	7.615593e-09	3.174268e-09	3.423316e+01	3.683074e+02
3.010000e-06	7.600231e-09	3.156375e-09	3.416411e+01	3.673916e+02
3.020000e-06	7.584210e-09	3.148219e-09	3.409209e+01	3.664310e+02
3.030000e-06	7.567110e-09	3.155881e-09	3.401523e+01	3.654260e+02
3.040000e-06	7.549064e-09	3.132794e-09	3.393411e+01	3.643764e+02
3.050000e-06	7.530399e-09	3.117553e-09	3.385020e+01	3.632826e+02
3.060000e-06	7.510931e-09	3.130866e-09	3.376269e+01	3.621446e+02
3.070000e-06	7.490709e-09	3.115453e-09	3.367179e+01	3.609626e+02
3.080000e-06	7.469633e-09	3.089302e-09	3.357705e+01	3.597367e+02
3.090000e-06	7.447249e-09	3.079637e-09	3.347643e+01	3.584671e+02
3.100000e-06	7.423781e-09	3.062259e-09	3.337094e+01	3.571538e+02
3.110000e-06	7.399594e-09	3.060822e-09	3.326221e+01	3.557972e+02
3.120000e-06	7.374480e-09	3.069541e-09	3.314933e+01	3.543973e+02
3.130000e-06	7.348441e-09	3.047383e-09	3.303228e+01	3.529543e+02
3.140000e-06	7.321649e-09	3.016903e-09	3.291184e+01	3.514683e+02
3.150000e-06	7.294159e-09	2.991935e-09	3.278827e+01	3.499397e+02
3.160000e-06	7.265889e-09	2.976154e-09	3.266119e+01	3.483685e+02
3.170000e-06	7.236398e-09	2.976153e-09	3.252862e+01	3.467549e+02
3.180000e-06	7.205623e-09	2.970543e-09	3.239029e+01	3.450992e+02
3.190000e-06	7.173996e-09	2.960368e-09	3.224812e+01	3.434015e+02
3.200000e-06	7.141601e-09	2.946104e-09	3.210250e+01	3.416621e+02
3.210000e-06	7.108389e-09	2.930716e-09	3.195320e+01	3.398811e+02
3.220000e-06	7.074395e-09	2.911188e-09	3.180040e+01	3.380588e+02
3.230000e-06	7.039603e-09	2.882173e-09	3.164400e+01	3.361954e+02
3.240000e-06	7.004103e-09	2.866415e-09	3.148443e+01	3.342911e+02
3.250000e-06	6.967823e-09	2.861392e-09	3.132134e+01	3.323462e+02
3.260000e-06	6.930517e-09	2.855508e-09	3.115365e+01	3.303609e+02
3.270000e-06	6.892099e-09	2.844700e-09	3.098095e+01	3.283354e+02
3.280000e-06	6.852808e-09	2.816794e-09	3.080433e+01	3.262699e+02
3.290000e-06	6.812869e-09	2.790759e-09	3.062480e+01	3.241649e+02
3.300000e-06	6.772173e-09	2.773752e-09	3.044187e+01	3.220204e+02
3.310000e-06	6.730686e-09	2.761085e-09	3.025538e+01	3.198367e+02
3.320000e-06	6.688434e-09	2.748781e-09	3.006545e+01	3.176142e+02
3.330000e-06	6.645456e-09	2.730435e-09	2.987226e+01	3.153530e+02
3.340000e-06	6.601846e-09	2.711129e-09	2.967622e+01	3.130536e+02
3.350000e-06	6.557514e-09	2.689380e-09	2.947694e+01	3.107160e+02
3.360000e-06	6.512363e-09	2.667618e-09	2.927398e+01	3.083407e+02
3.370000e-06	6.466400e-09	2.646306e-09	2.906737e+01	3.059279e+02
3.380000e-06	6.419695e-09	2.623772e-09	2.885743e+01	3.034779e+02
3.390000e-06	6.372223e-09	2.610260e-09	2.864403e+01	3.009910e+02
3.400000e-06	6.323846e-09	2.596568e-09	2.842657e+01	2.984675e+02
3.410000e-06	6.274625e-09	2.577995e-09	2.820531e+01	2.959077e+02
3.420000e-06	6.224695e-09	2.556838e-09	2.798087e+01	2.933120e+02
3.430000e-06	6.174032e-09	2.527900e-09	2.775313e+01	2.906806e+02
3.440000e-06	6.122565e-09	2.502111e-09	2.752178e+01	2.880138e+02
3.450000e-06	6.070175e-09	2.480908e-09	2.728628e+01	2.853121e+02
3.460000e-06	6.016758e-09	2.462317e-09	2.704617e+01	2.825756e+02
3.470000e-06	5.962333e-09	2.444081e-09	2.680152e+01	2.798048e+02
3.480000e-06	5.907122e-09	2.420275e-09	2.655334e+01	2.770000e+02
3.490000e-06	5.851323e-09	2.395377e-09	2.630251e+01	2.741615e+02
3.500000e-06	5.794886e-09	2.370754e-09	2.604882e+01	2.712897e+02
3.510000e-06	5.737756e-09	2.345828e-09	2.579201e+01	2.683849e+02
3.520000e-06	5.679938e-09	2.320618e-09	2.553211e+01	2.654475e+02
3.530000e-06	5.621466e-09	2.295205e-09	2.526927e+01	2.624778e+02
3.540000e-06	5.562416e-09	2.271935e-09	2.500383e+01	2.594762e+02
3.550000e-06	5.502839e-09	2.247075e-09	2.473603e+01	2.564431e+02
3.560000e-06	5.442630e-09	2.221325e-09	2.446538e+01	2.533788e+02
3.570000e-06	5.381568e-09	2.194032e-09	2.419089e+01	2.502837e+02
3.580000e-06	5.319604e-09	2.166287e-09	2.391236e+01	2.471582e+02
3.590000e-06	5.256870e-09	2.142033e-09	2.363036e+01	2.440026e+02
3.600000e-06	5.193530e-09	2.118489e-09	2.334564e+01	2.408174e+02
3.610000e-06	5.129666e-09	2.094634e-09	2.305856e+01	2.376029e+02
3.620000e-06	5.065251e-09	2.067838e-09	2.276901e+01	2.343595e+02
3.630000e-06	5.000253e-09	2.037991e-09	2.247683e+01	2.310876e+02
3.640000e-06	4.934661e-09	2.009152e-09	2.218198e+01	2.277877e+02
3.650000e-06	4.868499e-09	1.980287e-09	2.188458e+01	2.244600e+02
3.660000e-06	4.801785e-09	1.954652e-09	2.158468e+01	2.211051e+02
3.670000e-06	4.734574e-09	1.929180e-09	2.128256e+01	2.177233e+02
3.680000e-06	4.666933e-09	1.901165e-09	2.097851e+01	2.143151e+02
3.690000e-06	4.598784e-09	1.872245e-09	2.067217e+01	2.108808e+02
3.700000e-06	4.529947e-09	1.841675e-09	2.036273e+01	2.074208e+02
3.710000e-06	4.460279e-09	1.811947e-09	2.004957e+01	2.039357e+02
3.720000e-06	4.389834e-09	1.780912e-09	1.973291e+01	2.004258e+02
3.730000e-06	4.318824e-09	1.749785e-09	1.941371e+01	1.968915e+02
3.740000e-06	4.247392e-09	1.720074e-09	1.909261e+01	1.933333e+02
3.750000e-06	4.175601e-09	1.691271e-09	1.876990e+01	1.897516e+02
3.760000e-06	4.103411e-09	1.662666e-09	1.844539e+01	1.861468e+02
3.770000e-06	4.030751e-09	1.631367e-09	1.811878e+01	1.825195e+02
3.780000e-06	3.957596e-09	1.599439e-09	1.778994e+01	1.788699e+02
3.790000e-06	3.883959e-09	1.568050e-09	1.745893e+01	1.751986e+02
3.800000e-06	3.809885e-09	1.537877e-09	1.712595e+01	1.715060e+02
3.810000e-06	3.735405e-09	1.507960e-09	1.679116e+01	1.677926e+02
3.820000e-06	3.660510e-09	1.475616e-09	1.645449e+01	1.640588e+02
3.830000e-06	3.585139e-09	1.443660e-09	1.611569e+01	1.603051e+02
3.840000e-06	3.509257e-09	1.413109e-09	1.577459e+01	1.565319e+02
3.850000e-06	3.432828e-09	1.382304e-09	1.543103e+01	1.527397e+02
3.860000e-06	3.355771e-09	1.349818e-09	1.508465e+01	1.489289e+02
3.870000e-06	3.278051e-09	1.317437e-09	1.473529e+01	1.451000e+02
3.880000e-06	3.199741e-09	1.286021e-09	1.438327e+01	1.412535e+02
3.890000e-06	3.120994e-09	1.254509e-09	1.402929e+01	1.373899e+02
3.900000e-06	3.041911e-09	1.222711e-09	1.367380e+01	1.335095e+02
3.910000e-06	2.962513e-09	1.188456e-09	1.331690e+01	1.296130e+02
3.920000e-06	2.882829e-09	1.153389e-09	1.295871e+01	1.257007e+02
3.930000e-06	2.802866e-09	1.120755e-09	1.259926e+01	1.217731e+02
3.940000e-06	2.722626e-09	1.089286e-09	1.223857e+01	1.178308e+02
3.950000e-06	2.642110e-09	1.056800e-09	1.187664e+01	1.138741e+02
3.960000e-06	2.561306e-09	1.022391e-09	1.151341e+01	1.099036e+02
3.970000e-06	2.480183e-09	9.881549e-10	1.114875e+01	1.059198e+02
3.980000e-06	2.398737e-09	9.546470e-10	1.078264e+01	1.019231e+02
3.990000e-06	2.317014e-09	9.201210e-10	1.041528e+01	9.791409e+01
4.000000e-06	2.235066e-09	8.837589e-10	1.004692e+01	9.389315e+01
4.010000e-06	2.152905e-09	8.472248e-10	9.677591e+00	8.986082e+01
4.020000e-06	2.070517e-09	8.125248e-10	9.307245e+00	8.581758e+01
4.030000e-06	1.987909e-09	7.781787e-10	8.935910e+00	8.176394e+01
4.040000e-06	1.905121e-09	7.438340e-10	8.563765e+00	7.770037e+01
4.050000e-06	1.822175e-09	7.090679e-10	8.190910e+00	7.362737e+01
4.060000e-06	1.739067e-09	6.722833e-10	7.817329e+00	6.954545e+01
4.070000e-06	1.655789e-09	6.354581e-10	7.442980e+00	6.545510e+01
4.080000e-06	1.572356e-09	6.003993e-10	7.067935e+00	6.135681e+01
4.090000e-06	1.488792e-09	5.652550e-10	6.692301e+00	5.725108e+01
4.100000e-06	1.405111e-09	5.290624e-10	6.316142e+00	5.313842e+01
4.110000e-06	1.321309e-09	4.930576e-10	5.939443e+00	4.901932e+01
4.120000e-06	1.237354e-09	4.576011e-10	5.562054e+00	4.489429e+01
4.130000e-06	1.153228e-09	4.220253e-10	5.183893e+00	4.076382e+01
4.140000e-06	1.068956e-09	3.848264e-10	4.805078e+00	3.662843e+01
4.150000e-06	9.845467e-10	3.457428e-10	4.425650e+00	3.248860e+01
4.160000e-06	8.999825e-10	3.063408e-10	4.045523e+00	2.834485e+01
4.170000e-06	8.152766e-10	2.681145e-10	3.664759e+00	2.419769e+01
4.180000e-06	7.304326e-10	2.315281e-10	3.283374e+00	2.004760e+01
4.190000e-06	6.454538e-10	1.949513e-10	2.901384e+00	1.589511e+01
4.200000e-06	5.603694e-10	1.567124e-10	2.518918e+00	1.174071e+01
4.210000e-06	4.752001e-10	1.168977e-10	2.136072e+00	7.584917e+00
4.220000e-06	3.899359e-10	7.684255e-11	1.752798e+00	3.428227e+00
4.230000e-06	3.045965e-10	3.758388e-11	1.369187e+00	-7.288519e-01
4.240000e-06	2.192149e-10	-8.462415e-13	9.853860e-01	-4.885812e+00
4.250000e-06	1.338009e-10	-3.873656e-11	6.014391e-01	-9.042149e+00
4.260000e-06	4.835612e-11	-7.616571e-11	2.173537e-01	-1.319736e+01
4.270000e-06	-3.711223e-11	-1.123228e-10	-1.668375e-01	-1.735093e+01
4.280000e-06	-1.225654e-10	-1.484370e-10	-5.509603e-01	-2.150236e+01
4.290000e-06	-2.079767e-10	-1.866324e-10	-9.348949e-01	-2.565115e+01
4.300000e-06	-2.933570e-10	-2.269036e-10	-1.318690e+00	-2.979679e+01
4.310000e-06	-3.786925e-10	-2.671911e-10	-1.702284e+00	-3.393877e+01
4.320000e-06	-4.639683e-10	-3.036458e-10	-2.085609e+00	-3.807659e+01
4.330000e-06	-5.491786e-10	-3.370108e-10	-2.468640e+00	-4.220975e+01
4.340000e-06	-6.343045e-10	-3.708933e-10	-2.851292e+00	-4.633775e+01
4.350000e-06	-7.193502e-10	-4.052122e-10	-3.233583e+00	-5.046008e+01
4.360000e-06	-8.043069e-10	-4.394485e-10	-3.615474e+00	-5.457624e+01
4.370000e-06	-8.891289e-10	-4.761485e-10	-3.996760e+00	-5.868573e+01
4.380000e-06	-9.737739e-10	-5.164458e-10	-4.377250e+00	-6.278806e+01
4.390000e-06	-1.058214e-09	-5.579356e-10	-4.756821e+00	-6.688271e+01
4.400000e-06	-1.142466e-09	-5.969624e-10	-5.135543e+00	-7.096920e+01
4.410000e-06	-1.226560e-09	-6.335313e-10	-5.513559e+00	-7.504702e+01
4.420000e-06	-1.310498e-09	-6.697459e-10	-5.890871e+00	-7.911568e+01
4.430000e-06	-1.394279e-09	-7.058144e-10	-6.267480e+00	-8.317469e+01
4.440000e-06	-1.477911e-09	-7.440461e-10	-6.643415e+00	-8.722355e+01
4.450000e-06	-1.561399e-09	-7.836536e-10	-7.018709e+00	-9.126176e+01
4.460000e-06	-1.644726e-09	-8.213745e-10	-7.393275e+00	-9.528884e+01
4.470000e-06	-1.727874e-09	-8.582505e-10	-7.767036e+00	-9.930430e+01
4.480000e-06	-1.810834e-09	-8.961584e-10	-8.139954e+00	-1.033077e+02
4.490000e-06	-1.893584e-09	-9.356190e-10	-8.511928e+00	-1.072984e+02
4.500000e-06	-1.976134e-09	-9.737126e-10	-8.883002e+00	-1.112761e+02
4.510000e-06	-2.058485e-09	-1.008270e-09	-9.253184e+00	-1.152402e+02
4.520000e-06	-2.140614e-09	-1.041572e-09	-9.622364e+00	-1.191902e+02
4.530000e-06	-2.222517e-09	-1.077205e-09	-9.990532e+00	-1.231257e+02
4.540000e-06	-2.304187e-09	-1.114661e-09	-1.035765e+01	-1.270462e+02
4.550000e-06	-2.385611e-09	-1.150999e-09	-1.072366e+01	-1.309513e+02
4.560000e-06	-2.466791e-09	-1.185468e-09	-1.108858e+01	-1.348403e+02
4.570000e-06	-2.547676e-09	-1.220848e-09	-1.145217e+01	-1.387129e+02
4.580000e-06	-2.628246e-09	-1.258670e-09	-1.181434e+01	-1.425686e+02
4.590000e-06	-2.708530e-09	-1.297644e-09	-1.217523e+01	-1.464070e+02
4.600000e-06	-2.788552e-09	-1.333458e-09	-1.253494e+01	-1.502275e+02
4.610000e-06	-2.868336e-09	-1.365055e-09	-1.289358e+01	-1.540297e+02
4.620000e-06	-2.947856e-09	-1.397630e-09	-1.325104e+01	-1.578131e+02
4.630000e-06	-3.027051e-09	-1.433118e-09	-1.360703e+01	-1.615773e+02
4.640000e-06	-3.105854e-09	-1.470159e-09	-1.396126e+01	-1.653218e+02
4.650000e-06	-3.184203e-09	-1.504928e-09	-1.431345e+01	-1.690461e+02
4.660000e-06	-3.262023e-09	-1.537043e-09	-1.466326e+01	-1.727499e+02
4.670000e-06	-3.339257e-09	-1.569773e-09	-1.501044e+01	-1.764326e+02
4.680000e-06	-3.415911e-09	-1.604375e-09	-1.535500e+01	-1.800938e+02
4.690000e-06	-3.492040e-09	-1.639499e-09	-1.569722e+01	-1.837331e+02
4.700000e-06	-3.567691e-09	-1.673164e-09	-1.603728e+01	-1.873500e+02
4.710000e-06	-3.642874e-09	-1.705624e-09	-1.637523e+01	-1.909440e+02
4.720000e-06	-3.717593e-09	-1.737538e-09	-1.671111e+01	-1.945148e+02
4.730000e-06	-3.791839e-09	-1.768220e-09	-1.704485e+01	-1.980620e+02
4.740000e-06	-3.865626e-09	-1.797543e-09	-1.737654e+01	-2.015849e+02
4.750000e-06	-3.938953e-09	-1.826421e-09	-1.770615e+01	-2.050834e+02
4.760000e-06	-4.011804e-09	-1.856730e-09	-1.803363e+01	-2.085568e+02
4.770000e-06	-4.084187e-09	-1.889554e-09	-1.835900e+01	-2.120048e+02
4.780000e-06	-4.156137e-09	-1.923147e-09	-1.868243e+01	-2.154271e+02
4.790000e-06	-4.227691e-09	-1.954752e-09	-1.900407e+01	-2.188230e+02
4.800000e-06	-4.298829e-09	-1.984612e-09	-1.932385e+01	-2.221924e+02
4.810000e-06	-4.369467e-09	-2.014337e-09	-1.964138e+01	-2.255346e+02
4.820000e-06	-4.439447e-09	-2.044289e-09	-1.995595e+01	-2.288494e+02
4.830000e-06	-4.508674e-09	-2.073678e-09	-2.026713e+01	-2.321363e+02
4.840000e-06	-4.577189e-09	-2.101746e-09	-2.057511e+01	-2.353949e+02
4.850000e-06	-4.645091e-09	-2.129535e-09	-2.088034e+01	-2.386249e+02
4.860000e-06	-4.712479e-09	-2.158015e-09	-2.118326e+01	-2.418258e+02
4.870000e-06	-4.779393e-09	-2.186732e-09	-2.148405e+01	-2.449973e+02
4.880000e-06	-4.845789e-09	-2.215104e-09	-2.178251e+01	-2.481389e+02
4.890000e-06	-4.911631e-09	-2.242240e-09	-2.207848e+01	-2.512503e+02
4.900000e-06	-4.976925e-09	-2.269383e-09	-2.237198e+01	-2.543311e+02
4.910000e-06	-5.041652e-09	-2.296983e-09	-2.266294e+01	-2.573809e+02
4.920000e-06	-5.105813e-09	-2.324247e-09	-2.295135e+01	-2.603994e+02
4.930000e-06	-5.169448e-09	-2.350488e-09	-2.323740e+01	-2.633862e+02
4.940000e-06	-5.232555e-09	-2.374765e-09	-2.352108e+01	-2.663409e+02
4.950000e-06	-5.295026e-09	-2.398343e-09	-2.380189e+01	-2.692631e+02
4.960000e-06	-5.356728e-09	-2.422859e-09	-2.407925e+01	-2.721526e+02
4.970000e-06	-5.417623e-09	-2.449420e-09	-2.435298e+01	-2.750089e+02
4.980000e-06	-5.477772e-09	-2.477030e-09	-2.462336e+01	-2.778317e+02
4.990000e-06	-5.537296e-09	-2.502736e-09	-2.489093e+01	-2.806207e+02
5.000000e-06	-5.596249e-09	-2.526589e-09	-2.515594e+01	-2.833756e+02
5.010000e-06	-5.654593e-09	-2.549900e-09	-2.541820e+01	-2.860959e+02
5.020000e-06	-5.712297e-09	-2.571772e-09	-2.567759e+01	-2.887814e+02
5.030000e-06	-5.769331e-09	-2.591861e-09	-2.593396e+01	-2.914317e+02
5.040000e-06	-5.825697e-09	-2.611716e-09	-2.618734e+01	-2.940465e+02
5.050000e-06	-5.881458e-09	-2.633245e-09	-2.643799e+01	-2.966255e+02
5.060000e-06	-5.936616e-09	-2.656379e-09	-2.668593e+01	-2.991684e+02
5.070000e-06	-5.990977e-09	-2.680333e-09	-2.693029e+01	-3.016749e+02
5.080000e-06	-6.044348e-09	-2.703432e-09	-2.717020e+01	-3.041447e+02
5.090000e-06	-6.096737e-09	-2.723983e-09	-2.740570e+01	-3.065774e+02
5.100000e-06	-6.148258e-09	-2.742919e-09	-2.763729e+01	-3.089727e+02
5.110000e-06	-6.199006e-09	-2.762165e-09	-2.786541e+01	-3.113305e+02
5.120000e-06	-6.248985e-09	-2.781226e-09	-2.809007e+01	-3.136503e+02
5.130000e-06	-6.298121e-09	-2.799463e-09	-2.831094e+01	-3.159320e+02
5.140000e-06	-6.346268e-09	-2.817387e-09	-2.852737e+01	-3.181752e+02
5.150000e-06	-6.393371e-09	-2.834994e-09	-2.873911e+01	-3.203796e+02
5.160000e-06	-6.439606e-09	-2.852933e-09	-2.894694e+01	-3.225451e+02
5.170000e-06	-6.485164e-09	-2.871671e-09	-2.915173e+01	-3.246712e+02
5.180000e-06	-6.530063e-09	-2.889896e-09	-2.935356e+01	-3.267578e+02
5.190000e-06	-6.574275e-09	-2.906639e-09	-2.955230e+01	-3.288047e+02
5.200000e-06	-6.617865e-09	-2.922357e-09	-2.974824e+01	-3.308115e+02
5.210000e-06	-6.660868e-09	-2.937837e-09	-2.994154e+01	-3.327780e+02
5.220000e-06	-6.703174e-09	-2.951211e-09	-3.013172e+01	-3.347040e+02
5.230000e-06	-6.744738e-09	-2.962377e-09	-3.031855e+01	-3.365893e+02
5.240000e-06	-6.785538e-09	-2.973130e-09	-3.050195e+01	-3.384336e+02
5.250000e-06	-6.825589e-09	-2.984803e-09	-3.068199e+01	-3.402366e+02
5.260000e-06	-6.864988e-09	-2.999349e-09	-3.085909e+01	-3.419983e+02
5.270000e-06	-6.903597e-09	-3.014577e-09	-3.103265e+01	-3.437183e+02
5.280000e-06	-6.941153e-09	-3.029027e-09	-3.120146e+01	-3.453964e+02
5.290000e-06	-6.977650e-09	-3.040767e-09	-3.136552e+01	-3.470325e+02
5.300000e-06	-7.013314e-09	-3.050430e-09	-3.152584e+01	-3.486264e+02
5.310000e-06	-7.048267e-09	-3.060677e-09	-3.168296e+01	-3.501778e+02
5.320000e-06	-7.082442e-09	-3.071269e-09	-3.183658e+01	-3.516866e+02
5.330000e-06	-7.115782e-09	-3.080905e-09	-3.198645e+01	-3.531525e+02
5.340000e-06	-7.148297e-09	-3.089718e-09	-3.213261e+01	-3.545755e+02
5.350000e-06	-7.180073e-09	-3.098899e-09	-3.227544e+01	-3.559552e+02
5.360000e-06	-7.211112e-09	-3.108644e-09	-3.241497e+01	-3.572917e+02
5.370000e-06	-7.241160e-09	-3.118438e-09	-3.255004e+01	-3.585846e+02
5.380000e-06	-7.270035e-09	-3.127373e-09	-3.267984e+01	-3.598339e+02
5.390000e-06	-7.297930e-09	-3.134777e-09	-3.280523e+01	-3.610394e+02
5.400000e-06	-7.325078e-09	-3.142895e-09	-3.292726e+01	-3.622009e+02
5.410000e-06	-7.351435e-09	-3.151852e-09	-3.304574e+01	-3.633183e+02
5.420000e-06	-7.376912e-09	-3.159446e-09	-3.316026e+01	-3.643915e+02
5.430000e-06	-7.401496e-09	-3.164657e-09	-3.327077e+01	-3.654203e+02
5.440000e-06	-7.425308e-09	-3.168867e-09	-3.337781e+01	-3.664047e+02
5.450000e-06	-7.448423e-09	-3.174803e-09	-3.348171e+01	-3.673444e+02
5.460000e-06	-7.470550e-09	-3.182283e-09	-3.358118e+01	-3.682394e+02
5.470000e-06	-7.491465e-09	-3.189592e-09	-3.367519e+01	-3.690895e+02
5.480000e-06	-7.511374e-09	-3.194411e-09	-3.376469e+01	-3.698948e+02
5.490000e-06	-7.530518e-09	-3.198404e-09	-3.385075e+01	-3.706550e+02
5.500000e-06	-7.548873e-09	-3.203219e-09	-3.393325e+01	-3.713700e+02
5.510000e-06	-7.566386e-09	-3.207671e-09	-3.401198e+01	-3.720399e+02
5.520000e-06	-7.583030e-09	-3.209527e-09	-3.408679e+01	-3.726644e+02
5.530000e-06	-7.598866e-09	-3.210039e-09	-3.415798e+01	-3.732436e+02
5.540000e-06	-7.613935e-09	-3.212547e-09	-3.422572e+01	-3.737774e+02
5.550000e-06	-7.627898e-09	-3.217496e-09	-3.428848e+01	-3.742656e+02
5.560000e-06	-7.640541e-09	-3.221911e-09	-3.434531e+01	-3.747083e+02
5.570000e-06	-7.652068e-09	-3.224333e-09	-3.439713e+01	-3.751053e+02
5.580000e-06	-7.662649e-09	-3.226638e-09	-3.444469e+01	-3.754567e+02
5.590000e-06	-7.672343e-09	-3.229125e-09	-3.448827e+01	-3.757624e+02
5.600000e-06	-7.681158e-09	-3.231094e-09	-3.452789e+01	-3.760223e+02
5.610000e-06	-7.689161e-09	-3.232208e-09	-3.456387e+01	-3.762365e+02
5.620000e-06	-7.696451e-09	-3.233586e-09	-3.459664e+01	-3.764048e+02
5.630000e-06	-7.702795e-09	-3.235559e-09	-3.462515e+01	-3.765274e+02
5.640000e-06	-7.707904e-09	-3.237215e-09	-3.464812e+01	-3.766040e+02
5.650000e-06	-7.711930e-09	-3.237005e-09	-3.466622e+01	-3.766349e+02
5.660000e-06	-7.715162e-09	-3.234021e-09	-3.468074e+01	-3.766198e+02
5.670000e-06	-7.717602e-09	-3.230364e-09	-3.469171e+01	-3.765590e+02
5.680000e-06	-7.719215e-09	-3.228383e-09	-3.469896e+01	-3.764522e+02
5.690000e-06	-7.719951e-09	-3.227686e-09	-3.470227e+01	-3.762997e+02
