# Temperatura_=_20.0
# Concentracion g/m^3_=_10000.0
# C_Vs_to_Am_M_A/Vsm_=_116720831517.84952
# pendiente_HvsI_1/m_=_3716.3
# ordenada_HvsI_A/m_=_1297.0
# frecuencia_Hz_=_115238.0182864666
# Promedio de 26 ciclos

Tiempo_(s)	Campo_(V.s)	Magnetizacion_(V.s)	Campo_(kA/m)	Magnetizacion_(A/m)
0.000000e+00	-1.062313e-08	-4.669061e-09	-4.957597e+01	-5.508394e+02
1.000000e-08	-1.062295e-08	-4.666775e-09	-4.957513e+01	-5.507954e+02
2.000000e-08	-1.062254e-08	-4.668832e-09	-4.957320e+01	-5.507226e+02
3.000000e-08	-1.062177e-08	-4.668113e-09	-4.956963e+01	-5.506208e+02
4.000000e-08	-1.062053e-08	-4.662592e-09	-4.956383e+01	-5.504902e+02
5.000000e-08	-1.061862e-08	-4.658324e-09	-4.955490e+01	-5.503307e+02
6.000000e-08	-1.061591e-08	-4.653053e-09	-4.954225e+01	-5.501424e+02
7.000000e-08	-1.061243e-08	-4.637231e-09	-4.952601e+01	-5.499252e+02
8.000000e-08	-1.060835e-08	-4.622919e-09	-4.950698e+01	-5.496791e+02
9.000000e-08	-1.060383e-08	-4.658484e-09	-4.948589e+01	-5.494043e+02
1.000000e-07	-1.059875e-08	-4.726845e-09	-4.946217e+01	-5.491006e+02
1.100000e-07	-1.059283e-08	-4.726809e-09	-4.943457e+01	-5.487681e+02
1.200000e-07	-1.058608e-08	-4.617708e-09	-4.940306e+01	-5.484068e+02
1.300000e-07	-1.057881e-08	-4.549542e-09	-4.936914e+01	-5.480168e+02
1.400000e-07	-1.057137e-08	-4.648911e-09	-4.933442e+01	-5.475980e+02
1.500000e-07	-1.056370e-08	-4.679720e-09	-4.929862e+01	-5.471506e+02
1.600000e-07	-1.055556e-08	-4.518962e-09	-4.926063e+01	-5.466744e+02
1.700000e-07	-1.054701e-08	-4.557080e-09	-4.922073e+01	-5.461695e+02
1.800000e-07	-1.053803e-08	-4.744148e-09	-4.917884e+01	-5.456360e+02
1.900000e-07	-1.052824e-08	-4.637816e-09	-4.913315e+01	-5.450739e+02
2.000000e-07	-1.051751e-08	-4.492370e-09	-4.908304e+01	-5.444833e+02
2.100000e-07	-1.050613e-08	-4.602141e-09	-4.902995e+01	-5.438640e+02
2.200000e-07	-1.049423e-08	-4.643616e-09	-4.897442e+01	-5.432162e+02
2.300000e-07	-1.048168e-08	-4.473745e-09	-4.891585e+01	-5.425400e+02
2.400000e-07	-1.046850e-08	-4.514056e-09	-4.885434e+01	-5.418353e+02
2.500000e-07	-1.045483e-08	-4.685393e-09	-4.879053e+01	-5.411021e+02
2.600000e-07	-1.044055e-08	-4.584568e-09	-4.872392e+01	-5.403406e+02
2.700000e-07	-1.042551e-08	-4.477283e-09	-4.865374e+01	-5.395508e+02
2.800000e-07	-1.040968e-08	-4.549561e-09	-4.857986e+01	-5.387327e+02
2.900000e-07	-1.039304e-08	-4.526386e-09	-4.850218e+01	-5.378863e+02
3.000000e-07	-1.037570e-08	-4.447087e-09	-4.842127e+01	-5.370117e+02
3.100000e-07	-1.035790e-08	-4.546017e-09	-4.833822e+01	-5.361089e+02
3.200000e-07	-1.033970e-08	-4.569924e-09	-4.825327e+01	-5.351780e+02
3.300000e-07	-1.032103e-08	-4.449003e-09	-4.816614e+01	-5.342191e+02
3.400000e-07	-1.030193e-08	-4.474439e-09	-4.807702e+01	-5.332321e+02
3.500000e-07	-1.028243e-08	-4.525225e-09	-4.798599e+01	-5.322172e+02
3.600000e-07	-1.026245e-08	-4.443578e-09	-4.789275e+01	-5.311743e+02
3.700000e-07	-1.024205e-08	-4.412856e-09	-4.779754e+01	-5.301036e+02
3.800000e-07	-1.022126e-08	-4.448700e-09	-4.770052e+01	-5.290051e+02
3.900000e-07	-1.019996e-08	-4.436728e-09	-4.760112e+01	-5.278789e+02
4.000000e-07	-1.017810e-08	-4.446244e-09	-4.749911e+01	-5.267250e+02
4.100000e-07	-1.015572e-08	-4.433479e-09	-4.739469e+01	-5.255434e+02
4.200000e-07	-1.013279e-08	-4.353800e-09	-4.728765e+01	-5.243343e+02
4.300000e-07	-1.010929e-08	-4.348521e-09	-4.717799e+01	-5.230977e+02
4.400000e-07	-1.008535e-08	-4.385501e-09	-4.706629e+01	-5.218337e+02
4.500000e-07	-1.006105e-08	-4.371858e-09	-4.695285e+01	-5.205422e+02
4.600000e-07	-1.003634e-08	-4.359785e-09	-4.683756e+01	-5.192235e+02
4.700000e-07	-1.001113e-08	-4.349033e-09	-4.671991e+01	-5.178776e+02
4.800000e-07	-9.985229e-09	-4.318224e-09	-4.659903e+01	-5.165045e+02
4.900000e-07	-9.958553e-09	-4.321072e-09	-4.647454e+01	-5.151043e+02
5.000000e-07	-9.931166e-09	-4.315288e-09	-4.634673e+01	-5.136771e+02
5.100000e-07	-9.903227e-09	-4.264793e-09	-4.621634e+01	-5.122229e+02
5.200000e-07	-9.874878e-09	-4.254182e-09	-4.608405e+01	-5.107419e+02
5.300000e-07	-9.846127e-09	-4.270443e-09	-4.594987e+01	-5.092341e+02
5.400000e-07	-9.816880e-09	-4.264049e-09	-4.581338e+01	-5.076996e+02
5.500000e-07	-9.787108e-09	-4.245787e-09	-4.567444e+01	-5.061385e+02
5.600000e-07	-9.756837e-09	-4.214823e-09	-4.553318e+01	-5.045508e+02
5.700000e-07	-9.726049e-09	-4.179382e-09	-4.538949e+01	-5.029367e+02
5.800000e-07	-9.694740e-09	-4.173649e-09	-4.524338e+01	-5.012962e+02
5.900000e-07	-9.662957e-09	-4.178373e-09	-4.509506e+01	-4.996294e+02
6.000000e-07	-9.630805e-09	-4.155403e-09	-4.494501e+01	-4.979364e+02
6.100000e-07	-9.598360e-09	-4.133042e-09	-4.479360e+01	-4.962172e+02
6.200000e-07	-9.565582e-09	-4.120543e-09	-4.464063e+01	-4.944721e+02
6.300000e-07	-9.532280e-09	-4.109918e-09	-4.448521e+01	-4.927010e+02
6.400000e-07	-9.498274e-09	-4.100639e-09	-4.432652e+01	-4.909041e+02
6.500000e-07	-9.463507e-09	-4.077927e-09	-4.416427e+01	-4.890814e+02
6.600000e-07	-9.428034e-09	-4.042891e-09	-4.399872e+01	-4.872331e+02
6.700000e-07	-9.392004e-09	-4.020291e-09	-4.383058e+01	-4.853593e+02
6.800000e-07	-9.355558e-09	-4.014741e-09	-4.366049e+01	-4.834599e+02
6.900000e-07	-9.318744e-09	-4.002455e-09	-4.348869e+01	-4.815353e+02
7.000000e-07	-9.281532e-09	-3.981929e-09	-4.331503e+01	-4.795853e+02
7.100000e-07	-9.243869e-09	-3.960214e-09	-4.313926e+01	-4.776102e+02
7.200000e-07	-9.205704e-09	-3.946098e-09	-4.296116e+01	-4.756101e+02
7.300000e-07	-9.167032e-09	-3.938860e-09	-4.278068e+01	-4.735850e+02
7.400000e-07	-9.127878e-09	-3.921014e-09	-4.259796e+01	-4.715351e+02
7.500000e-07	-9.088301e-09	-3.888014e-09	-4.241326e+01	-4.694605e+02
7.600000e-07	-9.048373e-09	-3.854916e-09	-4.222693e+01	-4.673612e+02
7.700000e-07	-9.008109e-09	-3.838651e-09	-4.203902e+01	-4.652374e+02
7.800000e-07	-8.967441e-09	-3.833252e-09	-4.184923e+01	-4.630892e+02
7.900000e-07	-8.926301e-09	-3.824700e-09	-4.165724e+01	-4.609168e+02
8.000000e-07	-8.884635e-09	-3.804269e-09	-4.146280e+01	-4.587201e+02
8.100000e-07	-8.842349e-09	-3.782221e-09	-4.126546e+01	-4.564994e+02
8.200000e-07	-8.799379e-09	-3.766468e-09	-4.106493e+01	-4.542548e+02
8.300000e-07	-8.755767e-09	-3.747394e-09	-4.086140e+01	-4.519863e+02
8.400000e-07	-8.711664e-09	-3.720864e-09	-4.065558e+01	-4.496941e+02
8.500000e-07	-8.667197e-09	-3.689427e-09	-4.044806e+01	-4.473784e+02
8.600000e-07	-8.622368e-09	-3.667184e-09	-4.023886e+01	-4.450392e+02
8.700000e-07	-8.577152e-09	-3.654735e-09	-4.002784e+01	-4.426766e+02
8.800000e-07	-8.531539e-09	-3.642417e-09	-3.981497e+01	-4.402908e+02
8.900000e-07	-8.485534e-09	-3.622047e-09	-3.960028e+01	-4.378819e+02
9.000000e-07	-8.439128e-09	-3.594404e-09	-3.938371e+01	-4.354501e+02
9.100000e-07	-8.392303e-09	-3.569747e-09	-3.916519e+01	-4.329954e+02
9.200000e-07	-8.345053e-09	-3.550224e-09	-3.894468e+01	-4.305180e+02
9.300000e-07	-8.297369e-09	-3.532156e-09	-3.872215e+01	-4.280181e+02
9.400000e-07	-8.249272e-09	-3.506931e-09	-3.849770e+01	-4.254957e+02
9.500000e-07	-8.200750e-09	-3.478691e-09	-3.827125e+01	-4.229509e+02
9.600000e-07	-8.151775e-09	-3.457312e-09	-3.804269e+01	-4.203840e+02
9.700000e-07	-8.102301e-09	-3.442303e-09	-3.781181e+01	-4.177950e+02
9.800000e-07	-8.052269e-09	-3.424527e-09	-3.757833e+01	-4.151842e+02
9.900000e-07	-8.001649e-09	-3.397347e-09	-3.734209e+01	-4.125515e+02
1.000000e-06	-7.950443e-09	-3.368550e-09	-3.710313e+01	-4.098972e+02
1.010000e-06	-7.898704e-09	-3.345987e-09	-3.686167e+01	-4.072214e+02
1.020000e-06	-7.846494e-09	-3.327476e-09	-3.661802e+01	-4.045243e+02
1.030000e-06	-7.793867e-09	-3.303526e-09	-3.637242e+01	-4.018059e+02
1.040000e-06	-7.740847e-09	-3.272801e-09	-3.612499e+01	-3.990665e+02
1.050000e-06	-7.687428e-09	-3.244754e-09	-3.587569e+01	-3.963061e+02
1.060000e-06	-7.633600e-09	-3.223969e-09	-3.562449e+01	-3.935249e+02
1.070000e-06	-7.579346e-09	-3.205319e-09	-3.537130e+01	-3.907232e+02
1.080000e-06	-7.524667e-09	-3.181816e-09	-3.511612e+01	-3.879009e+02
1.090000e-06	-7.469608e-09	-3.154496e-09	-3.485917e+01	-3.850582e+02
1.100000e-06	-7.414216e-09	-3.129031e-09	-3.460067e+01	-3.821954e+02
1.110000e-06	-7.358505e-09	-3.109289e-09	-3.434068e+01	-3.793125e+02
1.120000e-06	-7.302461e-09	-3.088903e-09	-3.407913e+01	-3.764097e+02
1.130000e-06	-7.246087e-09	-3.062820e-09	-3.381604e+01	-3.734872e+02
1.140000e-06	-7.189407e-09	-3.033846e-09	-3.355153e+01	-3.705451e+02
1.150000e-06	-7.132379e-09	-3.008362e-09	-3.328539e+01	-3.675836e+02
1.160000e-06	-7.074973e-09	-2.987722e-09	-3.301749e+01	-3.646027e+02
1.170000e-06	-7.017167e-09	-2.966156e-09	-3.274772e+01	-3.616028e+02
1.180000e-06	-6.958910e-09	-2.940979e-09	-3.247585e+01	-3.585839e+02
1.190000e-06	-6.900200e-09	-2.914304e-09	-3.220187e+01	-3.555462e+02
1.200000e-06	-6.841030e-09	-2.892651e-09	-3.192573e+01	-3.524898e+02
1.210000e-06	-6.781406e-09	-2.874315e-09	-3.164748e+01	-3.494149e+02
1.220000e-06	-6.721349e-09	-2.853060e-09	-3.136721e+01	-3.463217e+02
1.230000e-06	-6.660923e-09	-2.824832e-09	-3.108521e+01	-3.432104e+02
1.240000e-06	-6.600189e-09	-2.792031e-09	-3.080178e+01	-3.400810e+02
1.250000e-06	-6.539170e-09	-2.764153e-09	-3.051702e+01	-3.369338e+02
1.260000e-06	-6.477891e-09	-2.742274e-09	-3.023104e+01	-3.337690e+02
1.270000e-06	-6.416345e-09	-2.722615e-09	-2.994382e+01	-3.305866e+02
1.280000e-06	-6.354515e-09	-2.699962e-09	-2.965527e+01	-3.273869e+02
1.290000e-06	-6.292377e-09	-2.674855e-09	-2.936528e+01	-3.241700e+02
1.300000e-06	-6.229912e-09	-2.651240e-09	-2.907377e+01	-3.209361e+02
1.310000e-06	-6.167127e-09	-2.627968e-09	-2.878077e+01	-3.176853e+02
1.320000e-06	-6.104055e-09	-2.602822e-09	-2.848642e+01	-3.144180e+02
1.330000e-06	-6.040715e-09	-2.573805e-09	-2.819083e+01	-3.111341e+02
1.340000e-06	-5.977094e-09	-2.544876e-09	-2.789392e+01	-3.078339e+02
1.350000e-06	-5.913201e-09	-2.520276e-09	-2.759575e+01	-3.045175e+02
1.360000e-06	-5.849031e-09	-2.499108e-09	-2.729628e+01	-3.011852e+02
1.370000e-06	-5.784552e-09	-2.474098e-09	-2.699537e+01	-2.978370e+02
1.380000e-06	-5.719770e-09	-2.444430e-09	-2.669304e+01	-2.944733e+02
1.390000e-06	-5.654703e-09	-2.415061e-09	-2.638939e+01	-2.910941e+02
1.400000e-06	-5.589342e-09	-2.388489e-09	-2.608436e+01	-2.876996e+02
1.410000e-06	-5.523677e-09	-2.366469e-09	-2.577792e+01	-2.842901e+02
1.420000e-06	-5.457708e-09	-2.343362e-09	-2.547006e+01	-2.808656e+02
1.430000e-06	-5.391423e-09	-2.315776e-09	-2.516072e+01	-2.774264e+02
1.440000e-06	-5.324815e-09	-2.286456e-09	-2.484987e+01	-2.739726e+02
1.450000e-06	-5.257890e-09	-2.260330e-09	-2.453755e+01	-2.705045e+02
1.460000e-06	-5.190647e-09	-2.236240e-09	-2.422374e+01	-2.670222e+02
1.470000e-06	-5.123088e-09	-2.210694e-09	-2.390846e+01	-2.635258e+02
1.480000e-06	-5.055242e-09	-2.184273e-09	-2.359183e+01	-2.600157e+02
1.490000e-06	-4.987101e-09	-2.157238e-09	-2.327383e+01	-2.564919e+02
1.500000e-06	-4.918669e-09	-2.130625e-09	-2.295448e+01	-2.529546e+02
1.510000e-06	-4.850002e-09	-2.102944e-09	-2.263402e+01	-2.494041e+02
1.520000e-06	-4.781117e-09	-2.073758e-09	-2.231255e+01	-2.458405e+02
1.530000e-06	-4.712042e-09	-2.044218e-09	-2.199019e+01	-2.422640e+02
1.540000e-06	-4.642791e-09	-2.017724e-09	-2.166701e+01	-2.386748e+02
1.550000e-06	-4.573356e-09	-1.992650e-09	-2.134297e+01	-2.350730e+02
1.560000e-06	-4.503740e-09	-1.965972e-09	-2.101808e+01	-2.314590e+02
1.570000e-06	-4.433916e-09	-1.938204e-09	-2.069223e+01	-2.278327e+02
1.580000e-06	-4.363836e-09	-1.908814e-09	-2.036518e+01	-2.241946e+02
1.590000e-06	-4.293517e-09	-1.881356e-09	-2.003702e+01	-2.205446e+02
1.600000e-06	-4.222993e-09	-1.855099e-09	-1.970790e+01	-2.168831e+02
1.610000e-06	-4.152254e-09	-1.827494e-09	-1.937777e+01	-2.132103e+02
1.620000e-06	-4.081286e-09	-1.797709e-09	-1.904658e+01	-2.095262e+02
1.630000e-06	-4.010087e-09	-1.766327e-09	-1.871431e+01	-2.058311e+02
1.640000e-06	-3.938673e-09	-1.736545e-09	-1.838104e+01	-2.021253e+02
1.650000e-06	-3.867071e-09	-1.708248e-09	-1.804688e+01	-1.984088e+02
1.660000e-06	-3.795299e-09	-1.681006e-09	-1.771193e+01	-1.946819e+02
1.670000e-06	-3.723346e-09	-1.652296e-09	-1.737615e+01	-1.909448e+02
1.680000e-06	-3.651216e-09	-1.623143e-09	-1.703953e+01	-1.871977e+02
1.690000e-06	-3.578918e-09	-1.595451e-09	-1.670213e+01	-1.834408e+02
1.700000e-06	-3.506454e-09	-1.565591e-09	-1.636395e+01	-1.796742e+02
1.710000e-06	-3.433813e-09	-1.532363e-09	-1.602495e+01	-1.758982e+02
1.720000e-06	-3.360987e-09	-1.499417e-09	-1.568509e+01	-1.721130e+02
1.730000e-06	-3.287977e-09	-1.471228e-09	-1.534437e+01	-1.683188e+02
1.740000e-06	-3.214761e-09	-1.446173e-09	-1.500268e+01	-1.645157e+02
1.750000e-06	-3.141335e-09	-1.420941e-09	-1.466002e+01	-1.607040e+02
1.760000e-06	-3.067732e-09	-1.391798e-09	-1.431653e+01	-1.568838e+02
1.770000e-06	-2.993971e-09	-1.359303e-09	-1.397230e+01	-1.530554e+02
1.780000e-06	-2.920031e-09	-1.326937e-09	-1.362724e+01	-1.492190e+02
1.790000e-06	-2.845910e-09	-1.295889e-09	-1.328134e+01	-1.453747e+02
1.800000e-06	-2.771623e-09	-1.266068e-09	-1.293466e+01	-1.415229e+02
1.810000e-06	-2.697179e-09	-1.237586e-09	-1.258724e+01	-1.376636e+02
1.820000e-06	-2.622588e-09	-1.211638e-09	-1.223914e+01	-1.337970e+02
1.830000e-06	-2.547860e-09	-1.185459e-09	-1.189040e+01	-1.299235e+02
1.840000e-06	-2.472982e-09	-1.157016e-09	-1.154097e+01	-1.260431e+02
1.850000e-06	-2.397933e-09	-1.125018e-09	-1.119073e+01	-1.221561e+02
1.860000e-06	-2.322743e-09	-1.091843e-09	-1.083983e+01	-1.182627e+02
1.870000e-06	-2.247424e-09	-1.061488e-09	-1.048834e+01	-1.143631e+02
1.880000e-06	-2.171929e-09	-1.033240e-09	-1.013601e+01	-1.104574e+02
1.890000e-06	-2.096265e-09	-1.004929e-09	-9.782907e+00	-1.065460e+02
1.900000e-06	-2.020441e-09	-9.744618e-10	-9.429052e+00	-1.026290e+02
1.910000e-06	-1.944450e-09	-9.428076e-10	-9.074421e+00	-9.870659e+01
1.920000e-06	-1.868324e-09	-9.117289e-10	-8.719157e+00	-9.477900e+01
1.930000e-06	-1.792081e-09	-8.825718e-10	-8.363343e+00	-9.084644e+01
1.940000e-06	-1.715720e-09	-8.515976e-10	-8.006983e+00	-8.690910e+01
1.950000e-06	-1.639275e-09	-8.170847e-10	-7.650230e+00	-8.296720e+01
1.960000e-06	-1.562763e-09	-7.821672e-10	-7.293165e+00	-7.902094e+01
1.970000e-06	-1.486190e-09	-7.485648e-10	-6.935812e+00	-7.507052e+01
1.980000e-06	-1.409546e-09	-7.164360e-10	-6.578131e+00	-7.111617e+01
1.990000e-06	-1.332807e-09	-6.851526e-10	-6.220008e+00	-6.715807e+01
2.000000e-06	-1.255992e-09	-6.547791e-10	-5.861527e+00	-6.319645e+01
2.010000e-06	-1.179099e-09	-6.247961e-10	-5.502683e+00	-5.923151e+01
2.020000e-06	-1.102129e-09	-5.963507e-10	-5.143480e+00	-5.526345e+01
2.030000e-06	-1.025100e-09	-5.656574e-10	-4.784001e+00	-5.129249e+01
2.040000e-06	-9.480089e-10	-5.295058e-10	-4.424233e+00	-4.731882e+01
2.050000e-06	-8.708676e-10	-4.901500e-10	-4.064230e+00	-4.334267e+01
2.060000e-06	-7.936796e-10	-4.525827e-10	-3.704010e+00	-3.936424e+01
2.070000e-06	-7.164351e-10	-4.208245e-10	-3.343526e+00	-3.538374e+01
2.080000e-06	-6.391576e-10	-3.913894e-10	-2.982888e+00	-3.140137e+01
2.090000e-06	-5.618652e-10	-3.613640e-10	-2.622180e+00	-2.741735e+01
2.100000e-06	-4.845456e-10	-3.302332e-10	-2.261345e+00	-2.343188e+01
2.110000e-06	-4.072213e-10	-2.990963e-10	-1.900488e+00	-1.944518e+01
2.120000e-06	-3.298994e-10	-2.645154e-10	-1.539643e+00	-1.545745e+01
2.130000e-06	-2.525669e-10	-2.251125e-10	-1.178748e+00	-1.146889e+01
2.140000e-06	-1.752305e-10	-1.849953e-10	-8.178344e-01	-7.479733e+00
2.150000e-06	-9.787812e-11	-1.473539e-10	-4.568467e-01	-3.490172e+00
2.160000e-06	-2.049059e-11	-1.161268e-10	-9.569485e-02	4.995813e-01
2.170000e-06	5.692381e-11	-8.849780e-11	2.655823e-01	4.489316e+00
2.180000e-06	1.343248e-10	-6.119777e-11	6.267967e-01	8.478824e+00
2.190000e-06	2.117275e-10	-3.110479e-11	9.880193e-01	1.246790e+01
2.200000e-06	2.891279e-10	2.953312e-12	1.349231e+00	1.645632e+01
2.210000e-06	3.665078e-10	3.695626e-11	1.710347e+00	2.044390e+01
2.220000e-06	4.438714e-10	7.062330e-11	2.071387e+00	2.443040e+01
2.230000e-06	5.211917e-10	1.058293e-10	2.432225e+00	2.841564e+01
2.240000e-06	5.984578e-10	1.427730e-10	2.792811e+00	3.239940e+01
2.250000e-06	6.756604e-10	1.773102e-10	3.153100e+00	3.638146e+01
2.260000e-06	7.528203e-10	2.087840e-10	3.513189e+00	4.036163e+01
2.270000e-06	8.299465e-10	2.409191e-10	3.873121e+00	4.433968e+01
2.280000e-06	9.070127e-10	2.763794e-10	4.232773e+00	4.831543e+01
2.290000e-06	9.840353e-10	3.134594e-10	4.592222e+00	5.228864e+01
2.300000e-06	1.061031e-09	3.473926e-10	4.951547e+00	5.625913e+01
2.310000e-06	1.137986e-09	3.787397e-10	5.310678e+00	6.022667e+01
2.320000e-06	1.214882e-09	4.101886e-10	5.669538e+00	6.419106e+01
2.330000e-06	1.291719e-09	4.451813e-10	6.028120e+00	6.815210e+01
2.340000e-06	1.368481e-09	4.832156e-10	6.386354e+00	7.210957e+01
2.350000e-06	1.445151e-09	5.192296e-10	6.744156e+00	7.606327e+01
2.360000e-06	1.521725e-09	5.519002e-10	7.101509e+00	8.001299e+01
2.370000e-06	1.598177e-09	5.843096e-10	7.458297e+00	8.395852e+01
2.380000e-06	1.674501e-09	6.180994e-10	7.814483e+00	8.789966e+01
2.390000e-06	1.750723e-09	6.499950e-10	8.170197e+00	9.183620e+01
2.400000e-06	1.826829e-09	6.801823e-10	8.525368e+00	9.576794e+01
2.410000e-06	1.902801e-09	7.113047e-10	8.879914e+00	9.969466e+01
2.420000e-06	1.978657e-09	7.458026e-10	9.233918e+00	1.036162e+02
2.430000e-06	2.054396e-09	7.844505e-10	9.587374e+00	1.075322e+02
2.440000e-06	2.130006e-09	8.230847e-10	9.940233e+00	1.114427e+02
2.450000e-06	2.205485e-09	8.574545e-10	1.029247e+01	1.153473e+02
2.460000e-06	2.280810e-09	8.882361e-10	1.064400e+01	1.192459e+02
2.470000e-06	2.355977e-09	9.198870e-10	1.099479e+01	1.231382e+02
2.480000e-06	2.430989e-09	9.528693e-10	1.134486e+01	1.270241e+02
2.490000e-06	2.505838e-09	9.859978e-10	1.169416e+01	1.309033e+02
2.500000e-06	2.580500e-09	1.020282e-09	1.204259e+01	1.347757e+02
2.510000e-06	2.654970e-09	1.057006e-09	1.239013e+01	1.386410e+02
2.520000e-06	2.729294e-09	1.094621e-09	1.273698e+01	1.424991e+02
2.530000e-06	2.803477e-09	1.131411e-09	1.308318e+01	1.463497e+02
2.540000e-06	2.877494e-09	1.165972e-09	1.342859e+01	1.501926e+02
2.550000e-06	2.951333e-09	1.199036e-09	1.377319e+01	1.540277e+02
2.560000e-06	3.024995e-09	1.233733e-09	1.411695e+01	1.578547e+02
2.570000e-06	3.098480e-09	1.269687e-09	1.445989e+01	1.616734e+02
2.580000e-06	3.171806e-09	1.306710e-09	1.480209e+01	1.654837e+02
2.590000e-06	3.244976e-09	1.342920e-09	1.514356e+01	1.692853e+02
2.600000e-06	3.317966e-09	1.378581e-09	1.548419e+01	1.730780e+02
2.610000e-06	3.390765e-09	1.415066e-09	1.582393e+01	1.768617e+02
2.620000e-06	3.463351e-09	1.450674e-09	1.616267e+01	1.806361e+02
2.630000e-06	3.535715e-09	1.484728e-09	1.650038e+01	1.844010e+02
2.640000e-06	3.607884e-09	1.516721e-09	1.683717e+01	1.881563e+02
2.650000e-06	3.679861e-09	1.549527e-09	1.717308e+01	1.919017e+02
2.660000e-06	3.751640e-09	1.584546e-09	1.750806e+01	1.956371e+02
2.670000e-06	3.823260e-09	1.619582e-09	1.784229e+01	1.993622e+02
2.680000e-06	3.894724e-09	1.652035e-09	1.817580e+01	2.030769e+02
2.690000e-06	3.966013e-09	1.682195e-09	1.850849e+01	2.067809e+02
2.700000e-06	4.037130e-09	1.713810e-09	1.884038e+01	2.104741e+02
2.710000e-06	4.108071e-09	1.748925e-09	1.917145e+01	2.141563e+02
2.720000e-06	4.178800e-09	1.786088e-09	1.950153e+01	2.178272e+02
2.730000e-06	4.249303e-09	1.821805e-09	1.983055e+01	2.214868e+02
2.740000e-06	4.319577e-09	1.854989e-09	2.015851e+01	2.251347e+02
2.750000e-06	4.389625e-09	1.887955e-09	2.048540e+01	2.287709e+02
2.760000e-06	4.459452e-09	1.920439e-09	2.081127e+01	2.323950e+02
2.770000e-06	4.529054e-09	1.950853e-09	2.113609e+01	2.360070e+02
2.780000e-06	4.598428e-09	1.980896e-09	2.145985e+01	2.396066e+02
2.790000e-06	4.667595e-09	2.013408e-09	2.178263e+01	2.431937e+02
2.800000e-06	4.736576e-09	2.049146e-09	2.210456e+01	2.467680e+02
2.810000e-06	4.805351e-09	2.083525e-09	2.242552e+01	2.503294e+02
2.820000e-06	4.873913e-09	2.113798e-09	2.274548e+01	2.538777e+02
2.830000e-06	4.942238e-09	2.142418e-09	2.306434e+01	2.574127e+02
2.840000e-06	5.010316e-09	2.173040e-09	2.338205e+01	2.609342e+02
2.850000e-06	5.078151e-09	2.208048e-09	2.369862e+01	2.644420e+02
2.860000e-06	5.145703e-09	2.244161e-09	2.401387e+01	2.679359e+02
2.870000e-06	5.212935e-09	2.276972e-09	2.432763e+01	2.714159e+02
2.880000e-06	5.279833e-09	2.304993e-09	2.463983e+01	2.748816e+02
2.890000e-06	5.346394e-09	2.330934e-09	2.495046e+01	2.783329e+02
2.900000e-06	5.412633e-09	2.359714e-09	2.525958e+01	2.817696e+02
2.910000e-06	5.478567e-09	2.391316e-09	2.556728e+01	2.851915e+02
2.920000e-06	5.544161e-09	2.424145e-09	2.587339e+01	2.885985e+02
2.930000e-06	5.609416e-09	2.457313e-09	2.617792e+01	2.919904e+02
2.940000e-06	5.674374e-09	2.490618e-09	2.648107e+01	2.953670e+02
2.950000e-06	5.739042e-09	2.523306e-09	2.678286e+01	2.987281e+02
2.960000e-06	5.803402e-09	2.553798e-09	2.708322e+01	3.020736e+02
2.970000e-06	5.867480e-09	2.581952e-09	2.738226e+01	3.054032e+02
2.980000e-06	5.931334e-09	2.609455e-09	2.768025e+01	3.087168e+02
2.990000e-06	5.994969e-09	2.639110e-09	2.797722e+01	3.120142e+02
3.000000e-06	6.058355e-09	2.671935e-09	2.827303e+01	3.152953e+02
3.010000e-06	6.121474e-09	2.706437e-09	2.856760e+01	3.185599e+02
3.020000e-06	6.184299e-09	2.737557e-09	2.886079e+01	3.218078e+02
3.030000e-06	6.246809e-09	2.764337e-09	2.915251e+01	3.250388e+02
3.040000e-06	6.309004e-09	2.790168e-09	2.944276e+01	3.282528e+02
3.050000e-06	6.370860e-09	2.818457e-09	2.973143e+01	3.314495e+02
3.060000e-06	6.432396e-09	2.850539e-09	3.001861e+01	3.346290e+02
3.070000e-06	6.493660e-09	2.882916e-09	3.030451e+01	3.377908e+02
3.080000e-06	6.554662e-09	2.911622e-09	3.058920e+01	3.409350e+02
3.090000e-06	6.615386e-09	2.936288e-09	3.087259e+01	3.440613e+02
3.100000e-06	6.675813e-09	2.960754e-09	3.115459e+01	3.471696e+02
3.110000e-06	6.735912e-09	2.986720e-09	3.143506e+01	3.502597e+02
3.120000e-06	6.795635e-09	3.012812e-09	3.171377e+01	3.533314e+02
3.130000e-06	6.854969e-09	3.039959e-09	3.199068e+01	3.563846e+02
3.140000e-06	6.913899e-09	3.069748e-09	3.226569e+01	3.594191e+02
3.150000e-06	6.972352e-09	3.101856e-09	3.253848e+01	3.624348e+02
3.160000e-06	7.030333e-09	3.132279e-09	3.280906e+01	3.654315e+02
3.170000e-06	7.087860e-09	3.158127e-09	3.307753e+01	3.684091e+02
3.180000e-06	7.144939e-09	3.180311e-09	3.334391e+01	3.713673e+02
3.190000e-06	7.201626e-09	3.201680e-09	3.360845e+01	3.743061e+02
3.200000e-06	7.257957e-09	3.227130e-09	3.387134e+01	3.772253e+02
3.210000e-06	7.313957e-09	3.256379e-09	3.413268e+01	3.801247e+02
3.220000e-06	7.369632e-09	3.285212e-09	3.439250e+01	3.830042e+02
3.230000e-06	7.424992e-09	3.311159e-09	3.465086e+01	3.858636e+02
3.240000e-06	7.480032e-09	3.334529e-09	3.490772e+01	3.887027e+02
3.250000e-06	7.534714e-09	3.357775e-09	3.516291e+01	3.915216e+02
3.260000e-06	7.589005e-09	3.381718e-09	3.541627e+01	3.943199e+02
3.270000e-06	7.642896e-09	3.406539e-09	3.566777e+01	3.970975e+02
3.280000e-06	7.696409e-09	3.432720e-09	3.591751e+01	3.998543e+02
3.290000e-06	7.749526e-09	3.459870e-09	3.616539e+01	4.025902e+02
3.300000e-06	7.802199e-09	3.486442e-09	3.641121e+01	4.053049e+02
3.310000e-06	7.854382e-09	3.510454e-09	3.665474e+01	4.079985e+02
3.320000e-06	7.906003e-09	3.530967e-09	3.689564e+01	4.106706e+02
3.330000e-06	7.957038e-09	3.549905e-09	3.713381e+01	4.133212e+02
3.340000e-06	8.007492e-09	3.572600e-09	3.736927e+01	4.159502e+02
3.350000e-06	8.057367e-09	3.600035e-09	3.760202e+01	4.185573e+02
3.360000e-06	8.106712e-09	3.628797e-09	3.783231e+01	4.211425e+02
3.370000e-06	8.155599e-09	3.655038e-09	3.806045e+01	4.237057e+02
3.380000e-06	8.204089e-09	3.676551e-09	3.828675e+01	4.262466e+02
3.390000e-06	8.252219e-09	3.696267e-09	3.851136e+01	4.287652e+02
3.400000e-06	8.299966e-09	3.716139e-09	3.873418e+01	4.312614e+02
3.410000e-06	8.347308e-09	3.737220e-09	3.895512e+01	4.337349e+02
3.420000e-06	8.394249e-09	3.760323e-09	3.917419e+01	4.361857e+02
3.430000e-06	8.440758e-09	3.784114e-09	3.939124e+01	4.386136e+02
3.440000e-06	8.486837e-09	3.808475e-09	3.960628e+01	4.410186e+02
3.450000e-06	8.532514e-09	3.834398e-09	3.981944e+01	4.434004e+02
3.460000e-06	8.577782e-09	3.860310e-09	4.003070e+01	4.457590e+02
3.470000e-06	8.622680e-09	3.882010e-09	4.024023e+01	4.480943e+02
3.480000e-06	8.667258e-09	3.900640e-09	4.044827e+01	4.504060e+02
3.490000e-06	8.711496e-09	3.920461e-09	4.065472e+01	4.526942e+02
3.500000e-06	8.755322e-09	3.941751e-09	4.085924e+01	4.549586e+02
3.510000e-06	8.798645e-09	3.962572e-09	4.106143e+01	4.571992e+02
3.520000e-06	8.841362e-09	3.981509e-09	4.126077e+01	4.594158e+02
3.530000e-06	8.883396e-09	3.998659e-09	4.145694e+01	4.616083e+02
3.540000e-06	8.924800e-09	4.015891e-09	4.165016e+01	4.637767e+02
3.550000e-06	8.965716e-09	4.033000e-09	4.184111e+01	4.659207e+02
3.560000e-06	9.006253e-09	4.047513e-09	4.203029e+01	4.680403e+02
3.570000e-06	9.046420e-09	4.061265e-09	4.221774e+01	4.701354e+02
3.580000e-06	9.086185e-09	4.077896e-09	4.240332e+01	4.722058e+02
3.590000e-06	9.125504e-09	4.097390e-09	4.258681e+01	4.742515e+02
3.600000e-06	9.164353e-09	4.117642e-09	4.276811e+01	4.762724e+02
3.610000e-06	9.202733e-09	4.135130e-09	4.294722e+01	4.782683e+02
3.620000e-06	9.240642e-09	4.149616e-09	4.312414e+01	4.802391e+02
3.630000e-06	9.278096e-09	4.163043e-09	4.329893e+01	4.821847e+02
3.640000e-06	9.315138e-09	4.177555e-09	4.347179e+01	4.841051e+02
3.650000e-06	9.351820e-09	4.192804e-09	4.364298e+01	4.860001e+02
3.660000e-06	9.388163e-09	4.208472e-09	4.381259e+01	4.878696e+02
3.670000e-06	9.424114e-09	4.225690e-09	4.398037e+01	4.897136e+02
3.680000e-06	9.459551e-09	4.245002e-09	4.414574e+01	4.915319e+02
3.690000e-06	9.494340e-09	4.265227e-09	4.430810e+01	4.933244e+02
3.700000e-06	9.528416e-09	4.282032e-09	4.446712e+01	4.950911e+02
3.710000e-06	9.561824e-09	4.294983e-09	4.462303e+01	4.968318e+02
3.720000e-06	9.594681e-09	4.306401e-09	4.477637e+01	4.985465e+02
3.730000e-06	9.627104e-09	4.318803e-09	4.492768e+01	5.002350e+02
3.740000e-06	9.659155e-09	4.333220e-09	4.507725e+01	5.018974e+02
3.750000e-06	9.690796e-09	4.348610e-09	4.522492e+01	5.035334e+02
3.760000e-06	9.721952e-09	4.363270e-09	4.537032e+01	5.051430e+02
3.770000e-06	9.752607e-09	4.375864e-09	4.551338e+01	5.067262e+02
3.780000e-06	9.782763e-09	4.387467e-09	4.565411e+01	5.082828e+02
3.790000e-06	9.812411e-09	4.399240e-09	4.579247e+01	5.098127e+02
3.800000e-06	9.841613e-09	4.410809e-09	4.592875e+01	5.113160e+02
3.810000e-06	9.870454e-09	4.423021e-09	4.606335e+01	5.127924e+02
3.820000e-06	9.898956e-09	4.436622e-09	4.619636e+01	5.142420e+02
3.830000e-06	9.927083e-09	4.449685e-09	4.632763e+01	5.156646e+02
3.840000e-06	9.954689e-09	4.461191e-09	4.645646e+01	5.170602e+02
3.850000e-06	9.981577e-09	4.472392e-09	4.658194e+01	5.184287e+02
3.860000e-06	1.000767e-08	4.483641e-09	4.670369e+01	5.197700e+02
3.870000e-06	1.003302e-08	4.494697e-09	4.682204e+01	5.210841e+02
3.880000e-06	1.005779e-08	4.507828e-09	4.693761e+01	5.223708e+02
3.890000e-06	1.008208e-08	4.520766e-09	4.705098e+01	5.236302e+02
3.900000e-06	1.010594e-08	4.531858e-09	4.716233e+01	5.248622e+02
3.910000e-06	1.012932e-08	4.541050e-09	4.727142e+01	5.260666e+02
3.920000e-06	1.015218e-08	4.548601e-09	4.737812e+01	5.272434e+02
3.930000e-06	1.017457e-08	4.559533e-09	4.748259e+01	5.283927e+02
3.940000e-06	1.019648e-08	4.570885e-09	4.758486e+01	5.295142e+02
3.950000e-06	1.021789e-08	4.582431e-09	4.768478e+01	5.306080e+02
3.960000e-06	1.023883e-08	4.592237e-09	4.778249e+01	5.316739e+02
3.970000e-06	1.025937e-08	4.599294e-09	4.787837e+01	5.327120e+02
3.980000e-06	1.027957e-08	4.604774e-09	4.797260e+01	5.337222e+02
3.990000e-06	1.029934e-08	4.606526e-09	4.806489e+01	5.347044e+02
4.000000e-06	1.031857e-08	4.609754e-09	4.815464e+01	5.356586e+02
4.010000e-06	1.033721e-08	4.616612e-09	4.824160e+01	5.365847e+02
4.020000e-06	1.035530e-08	4.628241e-09	4.832601e+01	5.374826e+02
4.030000e-06	1.037294e-08	4.641725e-09	4.840836e+01	5.383524e+02
4.040000e-06	1.039016e-08	4.652257e-09	4.848873e+01	5.391940e+02
4.050000e-06	1.040680e-08	4.658300e-09	4.856638e+01	5.400074e+02
4.060000e-06	1.042273e-08	4.659995e-09	4.864073e+01	5.407924e+02
4.070000e-06	1.043798e-08	4.661721e-09	4.871189e+01	5.415491e+02
4.080000e-06	1.045261e-08	4.665116e-09	4.878015e+01	5.422773e+02
4.090000e-06	1.046666e-08	4.670218e-09	4.884575e+01	5.429772e+02
4.100000e-06	1.048015e-08	4.676680e-09	4.890867e+01	5.436486e+02
4.110000e-06	1.049309e-08	4.683271e-09	4.896909e+01	5.442915e+02
4.120000e-06	1.050552e-08	4.689045e-09	4.902710e+01	5.449059e+02
4.130000e-06	1.051735e-08	4.693717e-09	4.908230e+01	5.454918e+02
4.140000e-06	1.052845e-08	4.698532e-09	4.913410e+01	5.460490e+02
4.150000e-06	1.053871e-08	4.702532e-09	4.918199e+01	5.465776e+02
4.160000e-06	1.054817e-08	4.706072e-09	4.922613e+01	5.470776e+02
4.170000e-06	1.055703e-08	4.710604e-09	4.926745e+01	5.475489e+02
4.180000e-06	1.056546e-08	4.714845e-09	4.930681e+01	5.479915e+02
4.190000e-06	1.057349e-08	4.716995e-09	4.934429e+01	5.484054e+02
4.200000e-06	1.058103e-08	4.718142e-09	4.937948e+01	5.487905e+02
4.210000e-06	1.058804e-08	4.720653e-09	4.941218e+01	5.491468e+02
4.220000e-06	1.059452e-08	4.725707e-09	4.944245e+01	5.494744e+02
4.230000e-06	1.060046e-08	4.732410e-09	4.947014e+01	5.497732e+02
4.240000e-06	1.060582e-08	4.736714e-09	4.949518e+01	5.500432e+02
4.250000e-06	1.061072e-08	4.737730e-09	4.951803e+01	5.502843e+02
4.260000e-06	1.061523e-08	4.737665e-09	4.953910e+01	5.504966e+02
4.270000e-06	1.061936e-08	4.738970e-09	4.955836e+01	5.506801e+02
4.280000e-06	1.062295e-08	4.741113e-09	4.957511e+01	5.508346e+02
4.290000e-06	1.062579e-08	4.742209e-09	4.958837e+01	5.509603e+02
4.300000e-06	1.062779e-08	4.742126e-09	4.959769e+01	5.510572e+02
4.310000e-06	1.062904e-08	4.741560e-09	4.960355e+01	5.511251e+02
4.320000e-06	1.062978e-08	4.741933e-09	4.960698e+01	5.511642e+02
4.330000e-06	1.063016e-08	4.741947e-09	4.960877e+01	5.511744e+02
4.340000e-06	1.063014e-08	4.741807e-09	4.960869e+01	5.511556e+02
4.350000e-06	1.062960e-08	4.740597e-09	4.960615e+01	5.511080e+02
4.360000e-06	1.062853e-08	4.736969e-09	4.960116e+01	5.510315e+02
4.370000e-06	1.062700e-08	4.734215e-09	4.959402e+01	5.509262e+02
4.380000e-06	1.062501e-08	4.731999e-09	4.958472e+01	5.507919e+02
4.390000e-06	1.062249e-08	4.730749e-09	4.957296e+01	5.506288e+02
4.400000e-06	1.061947e-08	4.745774e-09	4.955888e+01	5.504368e+02
4.410000e-06	1.061609e-08	4.770983e-09	4.954312e+01	5.502160e+02
4.420000e-06	1.061241e-08	4.731492e-09	4.952592e+01	5.499663e+02
4.430000e-06	1.060819e-08	4.624135e-09	4.950625e+01	5.496878e+02
4.440000e-06	1.060297e-08	4.603660e-09	4.948189e+01	5.493805e+02
4.450000e-06	1.059651e-08	4.744865e-09	4.945174e+01	5.490444e+02
4.460000e-06	1.058916e-08	4.832447e-09	4.941745e+01	5.486796e+02
4.470000e-06	1.058152e-08	4.712527e-09	4.938178e+01	5.482859e+02
4.480000e-06	1.057379e-08	4.632049e-09	4.934570e+01	5.478636e+02
4.490000e-06	1.056566e-08	4.789912e-09	4.930774e+01	5.474125e+02
4.500000e-06	1.055689e-08	4.767730e-09	4.926682e+01	5.469327e+02
4.510000e-06	1.054770e-08	4.533110e-09	4.922395e+01	5.464243e+02
4.520000e-06	1.053819e-08	4.633653e-09	4.917957e+01	5.458872e+02
4.530000e-06	1.052801e-08	4.861435e-09	4.913205e+01	5.453215e+02
4.540000e-06	1.051705e-08	4.712070e-09	4.908093e+01	5.447272e+02
4.550000e-06	1.050566e-08	4.546164e-09	4.902774e+01	5.441044e+02
4.560000e-06	1.049381e-08	4.772276e-09	4.897246e+01	5.434530e+02
4.570000e-06	1.048120e-08	4.836186e-09	4.891361e+01	5.427732e+02
4.580000e-06	1.046779e-08	4.550694e-09	4.885105e+01	5.420649e+02
4.590000e-06	1.045371e-08	4.571188e-09	4.878533e+01	5.413282e+02
4.600000e-06	1.043895e-08	4.803250e-09	4.871643e+01	5.405632e+02
4.610000e-06	1.042358e-08	4.698322e-09	4.864469e+01	5.397698e+02
4.620000e-06	1.040773e-08	4.582796e-09	4.857075e+01	5.389481e+02
4.630000e-06	1.039137e-08	4.723220e-09	4.849441e+01	5.380981e+02
4.640000e-06	1.037445e-08	4.651303e-09	4.841545e+01	5.372200e+02
4.650000e-06	1.035709e-08	4.479964e-09	4.833443e+01	5.363137e+02
4.660000e-06	1.033930e-08	4.611923e-09	4.825137e+01	5.353793e+02
4.670000e-06	1.032090e-08	4.674099e-09	4.816551e+01	5.344168e+02
4.680000e-06	1.030193e-08	4.550676e-09	4.807701e+01	5.334263e+02
4.690000e-06	1.028259e-08	4.582799e-09	4.798673e+01	5.324079e+02
4.700000e-06	1.026293e-08	4.641182e-09	4.789500e+01	5.313616e+02
4.710000e-06	1.024289e-08	4.565677e-09	4.780147e+01	5.302874e+02
4.720000e-06	1.022229e-08	4.546007e-09	4.770534e+01	5.291854e+02
4.730000e-06	1.020090e-08	4.525834e-09	4.760550e+01	5.280557e+02
4.740000e-06	1.017859e-08	4.479652e-09	4.750139e+01	5.268983e+02
4.750000e-06	1.015555e-08	4.549182e-09	4.739387e+01	5.257132e+02
4.760000e-06	1.013203e-08	4.576168e-09	4.728412e+01	5.245007e+02
4.770000e-06	1.010813e-08	4.522317e-09	4.717259e+01	5.232606e+02
4.780000e-06	1.008383e-08	4.520386e-09	4.705919e+01	5.219931e+02
4.790000e-06	1.005906e-08	4.483386e-09	4.694359e+01	5.206983e+02
4.800000e-06	1.003379e-08	4.432955e-09	4.682566e+01	5.193761e+02
4.810000e-06	1.000801e-08	4.477103e-09	4.670532e+01	5.180268e+02
4.820000e-06	9.981695e-09	4.473622e-09	4.658253e+01	5.166503e+02
4.830000e-06	9.954877e-09	4.427446e-09	4.645738e+01	5.152467e+02
4.840000e-06	9.927636e-09	4.459415e-09	4.633025e+01	5.138161e+02
4.850000e-06	9.900046e-09	4.451374e-09	4.620149e+01	5.123586e+02
4.860000e-06	9.872049e-09	4.403279e-09	4.607084e+01	5.108742e+02
4.870000e-06	9.843456e-09	4.398565e-09	4.593740e+01	5.093630e+02
4.880000e-06	9.814063e-09	4.375845e-09	4.580023e+01	5.078252e+02
4.890000e-06	9.783876e-09	4.354465e-09	4.565936e+01	5.062607e+02
4.900000e-06	9.753058e-09	4.370723e-09	4.551553e+01	5.046697e+02
4.910000e-06	9.721744e-09	4.359883e-09	4.536940e+01	5.030523e+02
4.920000e-06	9.690024e-09	4.330230e-09	4.522137e+01	5.014084e+02
4.930000e-06	9.657901e-09	4.317971e-09	4.507145e+01	4.997383e+02
4.940000e-06	9.625331e-09	4.296179e-09	4.491946e+01	4.980420e+02
4.950000e-06	9.592326e-09	4.282988e-09	4.476543e+01	4.963197e+02
4.960000e-06	9.558901e-09	4.278099e-09	4.460944e+01	4.945712e+02
4.970000e-06	9.525010e-09	4.261878e-09	4.445128e+01	4.927969e+02
4.980000e-06	9.490618e-09	4.250459e-09	4.429078e+01	4.909968e+02
4.990000e-06	9.455745e-09	4.240772e-09	4.412804e+01	4.891709e+02
5.000000e-06	9.420476e-09	4.219970e-09	4.396344e+01	4.873193e+02
5.010000e-06	9.384840e-09	4.189030e-09	4.379714e+01	4.854423e+02
5.020000e-06	9.348750e-09	4.169130e-09	4.362871e+01	4.835398e+02
5.030000e-06	9.312070e-09	4.163277e-09	4.345753e+01	4.816119e+02
5.040000e-06	9.274690e-09	4.158472e-09	4.328309e+01	4.796588e+02
5.050000e-06	9.236603e-09	4.145388e-09	4.310535e+01	4.776806e+02
5.060000e-06	9.197902e-09	4.119978e-09	4.292474e+01	4.756773e+02
5.070000e-06	9.158698e-09	4.091363e-09	4.274178e+01	4.736491e+02
5.080000e-06	9.119080e-09	4.070959e-09	4.255690e+01	4.715961e+02
5.090000e-06	9.079115e-09	4.056468e-09	4.237038e+01	4.695183e+02
5.100000e-06	9.038767e-09	4.039508e-09	4.218209e+01	4.674160e+02
5.110000e-06	8.997981e-09	4.024544e-09	4.199175e+01	4.652891e+02
5.120000e-06	8.956767e-09	4.012306e-09	4.179941e+01	4.631379e+02
5.130000e-06	8.915102e-09	4.003496e-09	4.160497e+01	4.609624e+02
5.140000e-06	8.872969e-09	3.987099e-09	4.140834e+01	4.587627e+02
5.150000e-06	8.830428e-09	3.957134e-09	4.120982e+01	4.565390e+02
5.160000e-06	8.787502e-09	3.931641e-09	4.100949e+01	4.542913e+02
5.170000e-06	8.744174e-09	3.918319e-09	4.080729e+01	4.520199e+02
5.180000e-06	8.700481e-09	3.911564e-09	4.060338e+01	4.497247e+02
5.190000e-06	8.656427e-09	3.898215e-09	4.039779e+01	4.474060e+02
5.200000e-06	8.611966e-09	3.877090e-09	4.019030e+01	4.450639e+02
5.210000e-06	8.567084e-09	3.855684e-09	3.998084e+01	4.426984e+02
5.220000e-06	8.521797e-09	3.836869e-09	3.976950e+01	4.403097e+02
5.230000e-06	8.476111e-09	3.819769e-09	3.955629e+01	4.378979e+02
5.240000e-06	8.429994e-09	3.798253e-09	3.934108e+01	4.354632e+02
5.250000e-06	8.383452e-09	3.770700e-09	3.912387e+01	4.330057e+02
5.260000e-06	8.336488e-09	3.745083e-09	3.890470e+01	4.305254e+02
5.270000e-06	8.289039e-09	3.729732e-09	3.868327e+01	4.280226e+02
5.280000e-06	8.241045e-09	3.718892e-09	3.845929e+01	4.254974e+02
5.290000e-06	8.192512e-09	3.700510e-09	3.823280e+01	4.229499e+02
5.300000e-06	8.143456e-09	3.671811e-09	3.800387e+01	4.203802e+02
5.310000e-06	8.093912e-09	3.644790e-09	3.777265e+01	4.177885e+02
5.320000e-06	8.043915e-09	3.626407e-09	3.753933e+01	4.151748e+02
5.330000e-06	7.993474e-09	3.611136e-09	3.730393e+01	4.125395e+02
5.340000e-06	7.942634e-09	3.593079e-09	3.706667e+01	4.098825e+02
5.350000e-06	7.891385e-09	3.570243e-09	3.682750e+01	4.072040e+02
5.360000e-06	7.839695e-09	3.547856e-09	3.658628e+01	4.045042e+02
5.370000e-06	7.787499e-09	3.526920e-09	3.634269e+01	4.017831e+02
5.380000e-06	7.734747e-09	3.504019e-09	3.609651e+01	3.990411e+02
5.390000e-06	7.681449e-09	3.476792e-09	3.584778e+01	3.962781e+02
5.400000e-06	7.627622e-09	3.447545e-09	3.559658e+01	3.934943e+02
5.410000e-06	7.573278e-09	3.423842e-09	3.534297e+01	3.906899e+02
5.420000e-06	7.518429e-09	3.407209e-09	3.508700e+01	3.878651e+02
5.430000e-06	7.463158e-09	3.390589e-09	3.482906e+01	3.850199e+02
5.440000e-06	7.407540e-09	3.366058e-09	3.456950e+01	3.821545e+02
5.450000e-06	7.351601e-09	3.335350e-09	3.430845e+01	3.792691e+02
5.460000e-06	7.295337e-09	3.306467e-09	3.404587e+01	3.763639e+02
5.470000e-06	7.238739e-09	3.282824e-09	3.378174e+01	3.734389e+02
5.480000e-06	7.181819e-09	3.260411e-09	3.351611e+01	3.704943e+02
5.490000e-06	7.124542e-09	3.234418e-09	3.324881e+01	3.675304e+02
5.500000e-06	7.066887e-09	3.206907e-09	3.297975e+01	3.645471e+02
5.510000e-06	7.008872e-09	3.182251e-09	3.270900e+01	3.615448e+02
5.520000e-06	6.950521e-09	3.159243e-09	3.243669e+01	3.585235e+02
5.530000e-06	6.891860e-09	3.133987e-09	3.216293e+01	3.554834e+02
5.540000e-06	6.832870e-09	3.105273e-09	3.188764e+01	3.524247e+02
5.550000e-06	6.773538e-09	3.077713e-09	3.161074e+01	3.493475e+02
5.560000e-06	6.713882e-09	3.055648e-09	3.133234e+01	3.462521e+02
5.570000e-06	6.653897e-09	3.036172e-09	3.105241e+01	3.431384e+02
5.580000e-06	6.593556e-09	3.010986e-09	3.077081e+01	3.400068e+02
5.590000e-06	6.532847e-09	2.976584e-09	3.048749e+01	3.368574e+02
5.600000e-06	6.471757e-09	2.942003e-09	3.020240e+01	3.336903e+02
5.610000e-06	6.410274e-09	2.915739e-09	2.991547e+01	3.305057e+02
5.620000e-06	6.348382e-09	2.893759e-09	2.962663e+01	3.273039e+02
5.630000e-06	6.286087e-09	2.869101e-09	2.933591e+01	3.240848e+02
5.640000e-06	6.223424e-09	2.841105e-09	2.904348e+01	3.208488e+02
5.650000e-06	6.160412e-09	2.812196e-09	2.874942e+01	3.175960e+02
5.660000e-06	6.097068e-09	2.784487e-09	2.845380e+01	3.143265e+02
5.670000e-06	6.033418e-09	2.755982e-09	2.815676e+01	3.110405e+02
5.680000e-06	5.969486e-09	2.724569e-09	2.785840e+01	3.077383e+02
5.690000e-06	5.905289e-09	2.693095e-09	2.755881e+01	3.044199e+02
5.700000e-06	5.840808e-09	2.666170e-09	2.725789e+01	3.010856e+02
5.710000e-06	5.776049e-09	2.644061e-09	2.695567e+01	2.977355e+02
5.720000e-06	5.711005e-09	2.621374e-09	2.665213e+01	2.943698e+02
5.730000e-06	5.645668e-09	2.592741e-09	2.634721e+01	2.909887e+02
5.740000e-06	5.580054e-09	2.557111e-09	2.604100e+01	2.875923e+02
5.750000e-06	5.514182e-09	2.521170e-09	2.573360e+01	2.841808e+02
5.760000e-06	5.448053e-09	2.491372e-09	2.542498e+01	2.807545e+02
5.770000e-06	5.381676e-09	2.466379e-09	2.511522e+01	2.773134e+02
5.780000e-06	5.315082e-09	2.439451e-09	2.480443e+01	2.738579e+02
5.790000e-06	5.248269e-09	2.407925e-09	2.449263e+01	2.703879e+02
5.800000e-06	5.181232e-09	2.376360e-09	2.417978e+01	2.669038e+02
5.810000e-06	5.113951e-09	2.346912e-09	2.386579e+01	2.634057e+02
5.820000e-06	5.046397e-09	2.317913e-09	2.355053e+01	2.598939e+02
5.830000e-06	4.978559e-09	2.286533e-09	2.323395e+01	2.563684e+02
5.840000e-06	4.910445e-09	2.253792e-09	2.291608e+01	2.528294e+02
5.850000e-06	4.842032e-09	2.224272e-09	2.259680e+01	2.492772e+02
5.860000e-06	4.773330e-09	2.197111e-09	2.227619e+01	2.457120e+02
5.870000e-06	4.704379e-09	2.167325e-09	2.195441e+01	2.421339e+02
5.880000e-06	4.635175e-09	2.133915e-09	2.163145e+01	2.385431e+02
5.890000e-06	4.565720e-09	2.101446e-09	2.130732e+01	2.349398e+02
5.900000e-06	4.495995e-09	2.072056e-09	2.098193e+01	2.313242e+02
5.910000e-06	4.425981e-09	2.042300e-09	2.065519e+01	2.276964e+02
5.920000e-06	4.355691e-09	2.009843e-09	2.032716e+01	2.240568e+02
5.930000e-06	4.285139e-09	1.975972e-09	1.999791e+01	2.204054e+02
5.940000e-06	4.214320e-09	1.943059e-09	1.966741e+01	2.167424e+02
5.950000e-06	4.143240e-09	1.911781e-09	1.933569e+01	2.130681e+02
5.960000e-06	4.071923e-09	1.881005e-09	1.900287e+01	2.093827e+02
5.970000e-06	4.000401e-09	1.849014e-09	1.866909e+01	2.056862e+02
5.980000e-06	3.928673e-09	1.816598e-09	1.833435e+01	2.019790e+02
5.990000e-06	3.856744e-09	1.785444e-09	1.799868e+01	1.982612e+02
6.000000e-06	3.784650e-09	1.755806e-09	1.766223e+01	1.945330e+02
6.010000e-06	3.712410e-09	1.725237e-09	1.732510e+01	1.907947e+02
6.020000e-06	3.640039e-09	1.691372e-09	1.698736e+01	1.870463e+02
6.030000e-06	3.567534e-09	1.656518e-09	1.664899e+01	1.832882e+02
6.040000e-06	3.494890e-09	1.624791e-09	1.630998e+01	1.795204e+02
6.050000e-06	3.422082e-09	1.595457e-09	1.597020e+01	1.757432e+02
6.060000e-06	3.349108e-09	1.564113e-09	1.562964e+01	1.719569e+02
6.070000e-06	3.275986e-09	1.530647e-09	1.528839e+01	1.681615e+02
6.080000e-06	3.202703e-09	1.497762e-09	1.494640e+01	1.643573e+02
6.090000e-06	3.129234e-09	1.468735e-09	1.460353e+01	1.605445e+02
6.100000e-06	3.055563e-09	1.440874e-09	1.425973e+01	1.567233e+02
6.110000e-06	2.981701e-09	1.407931e-09	1.391503e+01	1.528939e+02
6.120000e-06	2.907676e-09	1.369693e-09	1.356957e+01	1.490565e+02
6.130000e-06	2.833532e-09	1.331438e-09	1.322355e+01	1.452112e+02
6.140000e-06	2.759267e-09	1.298103e-09	1.287697e+01	1.413584e+02
6.150000e-06	2.684876e-09	1.268111e-09	1.252981e+01	1.374982e+02
6.160000e-06	2.610385e-09	1.237023e-09	1.218217e+01	1.336307e+02
6.170000e-06	2.535778e-09	1.203952e-09	1.183399e+01	1.297563e+02
6.180000e-06	2.461048e-09	1.171770e-09	1.148524e+01	1.258751e+02
6.190000e-06	2.386183e-09	1.141408e-09	1.113586e+01	1.219872e+02
6.200000e-06	2.311163e-09	1.108918e-09	1.078576e+01	1.180930e+02
6.210000e-06	2.236029e-09	1.070860e-09	1.043513e+01	1.141926e+02
6.220000e-06	2.160793e-09	1.030593e-09	1.008402e+01	1.102863e+02
6.230000e-06	2.085405e-09	9.940407e-10	9.732199e+00	1.063741e+02
6.240000e-06	2.009868e-09	9.608265e-10	9.379684e+00	1.024564e+02
6.250000e-06	1.934183e-09	9.256788e-10	9.026480e+00	9.853335e+01
6.260000e-06	1.858339e-09	8.872837e-10	8.672532e+00	9.460512e+01
6.270000e-06	1.782367e-09	8.501333e-10	8.317984e+00	9.067193e+01
6.280000e-06	1.706278e-09	8.181236e-10	7.962896e+00	8.673400e+01
6.290000e-06	1.630076e-09	7.889896e-10	7.607277e+00	8.279153e+01
6.300000e-06	1.553798e-09	7.558102e-10	7.251302e+00	7.884473e+01
6.310000e-06	1.477459e-09	7.162704e-10	6.895044e+00	7.489381e+01
6.320000e-06	1.401035e-09	6.763648e-10	6.538393e+00	7.093896e+01
6.330000e-06	1.324522e-09	6.398613e-10	6.181321e+00	6.698041e+01
6.340000e-06	1.247898e-09	6.057401e-10	5.823736e+00	6.301835e+01
6.350000e-06	1.171169e-09	5.718709e-10	5.465657e+00	5.905299e+01
6.360000e-06	1.094358e-09	5.358898e-10	5.107198e+00	5.508455e+01
6.370000e-06	1.017482e-09	5.002439e-10	4.748435e+00	5.111323e+01
6.380000e-06	9.405419e-10	4.663283e-10	4.389371e+00	4.713923e+01
6.390000e-06	8.635217e-10	4.307658e-10	4.029934e+00	4.316278e+01
6.400000e-06	7.864353e-10	3.913364e-10	3.670189e+00	3.918406e+01
6.410000e-06	7.093273e-10	3.516214e-10	3.310343e+00	3.520331e+01
6.420000e-06	6.322193e-10	3.153571e-10	2.950496e+00	3.122071e+01
6.430000e-06	5.551037e-10	2.816678e-10	2.590615e+00	2.723649e+01
6.440000e-06	4.779902e-10	2.492978e-10	2.230743e+00	2.325084e+01
6.450000e-06	4.008533e-10	2.157788e-10	1.870762e+00	1.926399e+01
6.460000e-06	3.236744e-10	1.798907e-10	1.510584e+00	1.527613e+01
6.470000e-06	2.464697e-10	1.435978e-10	1.150287e+00	1.128748e+01
6.480000e-06	1.692434e-10	1.083364e-10	7.898899e-01	7.298251e+00
6.490000e-06	9.199905e-11	7.199143e-11	4.294073e-01	3.308645e+00
6.500000e-06	1.476248e-11	3.231855e-11	6.896141e-02	-6.811272e-01
6.510000e-06	-6.247206e-11	-7.311944e-12	-2.914748e-01	-4.670855e+00
6.520000e-06	-1.397239e-10	-4.346345e-11	-6.519919e-01	-8.660330e+00
6.530000e-06	-2.169661e-10	-7.698617e-11	-1.012464e+00	-1.264934e+01
6.540000e-06	-2.941861e-10	-1.117167e-10	-1.372833e+00	-1.663768e+01
6.550000e-06	-3.713874e-10	-1.496577e-10	-1.733114e+00	-2.062514e+01
6.560000e-06	-4.485592e-10	-1.880470e-10	-2.093258e+00	-2.461151e+01
6.570000e-06	-5.256835e-10	-2.251283e-10	-2.453180e+00	-2.859659e+01
6.580000e-06	-6.027434e-10	-2.621261e-10	-2.812802e+00	-3.258015e+01
6.590000e-06	-6.797382e-10	-3.009607e-10	-3.172120e+00	-3.656200e+01
6.600000e-06	-7.566824e-10	-3.413194e-10	-3.531202e+00	-4.054192e+01
6.610000e-06	-8.335825e-10	-3.806948e-10	-3.890078e+00	-4.451971e+01
6.620000e-06	-9.104349e-10	-4.177748e-10	-4.248731e+00	-4.849516e+01
6.630000e-06	-9.872479e-10	-4.534486e-10	-4.607200e+00	-5.246805e+01
6.640000e-06	-1.064018e-09	-4.893335e-10	-4.965469e+00	-5.643819e+01
6.650000e-06	-1.140714e-09	-5.265031e-10	-5.323392e+00	-6.040536e+01
6.660000e-06	-1.217325e-09	-5.636713e-10	-5.680921e+00	-6.436935e+01
6.670000e-06	-1.293867e-09	-5.998043e-10	-6.038123e+00	-6.832996e+01
6.680000e-06	-1.370337e-09	-6.356288e-10	-6.394992e+00	-7.228699e+01
6.690000e-06	-1.446692e-09	-6.710310e-10	-6.751324e+00	-7.624021e+01
6.700000e-06	-1.522905e-09	-7.074120e-10	-7.106994e+00	-8.018942e+01
6.710000e-06	-1.599032e-09	-7.446366e-10	-7.462262e+00	-8.413443e+01
6.720000e-06	-1.675065e-09	-7.803572e-10	-7.817090e+00	-8.807501e+01
6.730000e-06	-1.750954e-09	-8.173995e-10	-8.171251e+00	-9.201097e+01
6.740000e-06	-1.826720e-09	-8.567766e-10	-8.524831e+00	-9.594210e+01
6.750000e-06	-1.902342e-09	-8.946032e-10	-8.877744e+00	-9.986819e+01
6.760000e-06	-1.977839e-09	-9.303869e-10	-9.230072e+00	-1.037890e+02
6.770000e-06	-2.053239e-09	-9.661953e-10	-9.581950e+00	-1.077044e+02
6.780000e-06	-2.128508e-09	-1.002869e-09	-9.933213e+00	-1.116142e+02
6.790000e-06	-2.203655e-09	-1.041261e-09	-1.028391e+01	-1.155180e+02
6.800000e-06	-2.278684e-09	-1.080018e-09	-1.063405e+01	-1.194159e+02
6.810000e-06	-2.353554e-09	-1.115918e-09	-1.098346e+01	-1.233074e+02
6.820000e-06	-2.428273e-09	-1.152028e-09	-1.133215e+01	-1.271925e+02
6.830000e-06	-2.502867e-09	-1.187344e-09	-1.168027e+01	-1.310709e+02
6.840000e-06	-2.577339e-09	-1.220801e-09	-1.202782e+01	-1.349424e+02
6.850000e-06	-2.651678e-09	-1.253565e-09	-1.237474e+01	-1.388068e+02
6.860000e-06	-2.725870e-09	-1.286004e-09	-1.272098e+01	-1.426640e+02
6.870000e-06	-2.799936e-09	-1.322436e-09	-1.306663e+01	-1.465136e+02
6.880000e-06	-2.873878e-09	-1.359181e-09	-1.341171e+01	-1.503556e+02
6.890000e-06	-2.947653e-09	-1.396147e-09	-1.375600e+01	-1.541897e+02
6.900000e-06	-3.021271e-09	-1.432916e-09	-1.409956e+01	-1.580157e+02
6.910000e-06	-3.094754e-09	-1.468604e-09	-1.444249e+01	-1.618334e+02
6.920000e-06	-3.168088e-09	-1.504324e-09	-1.478472e+01	-1.656426e+02
6.930000e-06	-3.241268e-09	-1.536762e-09	-1.512624e+01	-1.694431e+02
6.940000e-06	-3.314301e-09	-1.568761e-09	-1.546707e+01	-1.732347e+02
6.950000e-06	-3.387172e-09	-1.602862e-09	-1.580714e+01	-1.770172e+02
6.960000e-06	-3.459857e-09	-1.639771e-09	-1.614635e+01	-1.807904e+02
6.970000e-06	-3.532368e-09	-1.677285e-09	-1.648475e+01	-1.845542e+02
6.980000e-06	-3.604717e-09	-1.711016e-09	-1.682238e+01	-1.883082e+02
6.990000e-06	-3.676909e-09	-1.743334e-09	-1.715929e+01	-1.920524e+02
7.000000e-06	-3.748951e-09	-1.777772e-09	-1.749550e+01	-1.957865e+02
7.010000e-06	-3.820849e-09	-1.813341e-09	-1.783103e+01	-1.995104e+02
7.020000e-06	-3.892580e-09	-1.848517e-09	-1.816578e+01	-2.032237e+02
7.030000e-06	-3.964127e-09	-1.882907e-09	-1.849968e+01	-2.069264e+02
7.040000e-06	-4.035493e-09	-1.917853e-09	-1.883273e+01	-2.106183e+02
7.050000e-06	-4.106657e-09	-1.953939e-09	-1.916484e+01	-2.142991e+02
7.060000e-06	-4.177588e-09	-1.990439e-09	-1.949586e+01	-2.179686e+02
7.070000e-06	-4.248281e-09	-2.025773e-09	-1.982577e+01	-2.216267e+02
7.080000e-06	-4.318710e-09	-2.059007e-09	-2.015445e+01	-2.252732e+02
7.090000e-06	-4.388853e-09	-2.091814e-09	-2.048179e+01	-2.289079e+02
7.100000e-06	-4.458726e-09	-2.124723e-09	-2.080787e+01	-2.325306e+02
7.110000e-06	-4.528307e-09	-2.155797e-09	-2.113259e+01	-2.361410e+02
7.120000e-06	-4.597591e-09	-2.186257e-09	-2.145593e+01	-2.397391e+02
7.130000e-06	-4.666589e-09	-2.219008e-09	-2.177792e+01	-2.433246e+02
7.140000e-06	-4.735322e-09	-2.255193e-09	-2.209869e+01	-2.468973e+02
7.150000e-06	-4.803773e-09	-2.291337e-09	-2.241814e+01	-2.504571e+02
7.160000e-06	-4.871944e-09	-2.323026e-09	-2.273627e+01	-2.540037e+02
7.170000e-06	-4.939866e-09	-2.351342e-09	-2.305325e+01	-2.575370e+02
7.180000e-06	-5.007522e-09	-2.380547e-09	-2.336899e+01	-2.610568e+02
7.190000e-06	-5.074923e-09	-2.413474e-09	-2.368354e+01	-2.645629e+02
7.200000e-06	-5.142076e-09	-2.448644e-09	-2.399693e+01	-2.680551e+02
7.210000e-06	-5.208975e-09	-2.482028e-09	-2.430913e+01	-2.715333e+02
7.220000e-06	-5.275643e-09	-2.511706e-09	-2.462026e+01	-2.749972e+02
7.230000e-06	-5.342083e-09	-2.541360e-09	-2.493032e+01	-2.784467e+02
7.240000e-06	-5.408271e-09	-2.573795e-09	-2.523921e+01	-2.818816e+02
7.250000e-06	-5.474191e-09	-2.604841e-09	-2.554684e+01	-2.853017e+02
7.260000e-06	-5.539833e-09	-2.631981e-09	-2.585318e+01	-2.887068e+02
7.270000e-06	-5.605196e-09	-2.660009e-09	-2.615822e+01	-2.920968e+02
7.280000e-06	-5.670265e-09	-2.693871e-09	-2.646188e+01	-2.954715e+02
7.290000e-06	-5.735034e-09	-2.729606e-09	-2.676414e+01	-2.988306e+02
7.300000e-06	-5.799532e-09	-2.759554e-09	-2.706514e+01	-3.021741e+02
7.310000e-06	-5.863802e-09	-2.782399e-09	-2.736508e+01	-3.055018e+02
7.320000e-06	-5.927856e-09	-2.802895e-09	-2.766401e+01	-3.088134e+02
7.330000e-06	-5.991660e-09	-2.829086e-09	-2.796177e+01	-3.121088e+02
7.340000e-06	-6.055183e-09	-2.862071e-09	-2.825822e+01	-3.153878e+02
7.350000e-06	-6.118399e-09	-2.894424e-09	-2.855324e+01	-3.186503e+02
7.360000e-06	-6.181296e-09	-2.922934e-09	-2.884676e+01	-3.218961e+02
7.370000e-06	-6.243854e-09	-2.950936e-09	-2.913871e+01	-3.251250e+02
7.380000e-06	-6.306040e-09	-2.980526e-09	-2.942892e+01	-3.283369e+02
7.390000e-06	-6.367814e-09	-3.008652e-09	-2.971721e+01	-3.315315e+02
7.400000e-06	-6.429153e-09	-3.032451e-09	-3.000346e+01	-3.347087e+02
7.410000e-06	-6.490094e-09	-3.054942e-09	-3.028786e+01	-3.378684e+02
7.420000e-06	-6.550666e-09	-3.082997e-09	-3.057054e+01	-3.410104e+02
7.430000e-06	-6.610867e-09	-3.118482e-09	-3.085149e+01	-3.441344e+02
7.440000e-06	-6.670717e-09	-3.154179e-09	-3.113079e+01	-3.472404e+02
7.450000e-06	-6.730239e-09	-3.182223e-09	-3.140857e+01	-3.503282e+02
7.460000e-06	-6.789449e-09	-3.201781e-09	-3.168489e+01	-3.533977e+02
7.470000e-06	-6.848360e-09	-3.221386e-09	-3.195982e+01	-3.564486e+02
7.480000e-06	-6.906976e-09	-3.246208e-09	-3.223337e+01	-3.594808e+02
7.490000e-06	-6.965274e-09	-3.274593e-09	-3.250544e+01	-3.624941e+02
7.500000e-06	-7.023209e-09	-3.303217e-09	-3.277581e+01	-3.654884e+02
7.510000e-06	-7.080757e-09	-3.329618e-09	-3.304437e+01	-3.684636e+02
7.520000e-06	-7.137910e-09	-3.355484e-09	-3.331109e+01	-3.714194e+02
7.530000e-06	-7.194684e-09	-3.381206e-09	-3.357604e+01	-3.743558e+02
7.540000e-06	-7.251116e-09	-3.404874e-09	-3.383940e+01	-3.772725e+02
7.550000e-06	-7.307227e-09	-3.424372e-09	-3.410126e+01	-3.801694e+02
7.560000e-06	-7.363028e-09	-3.444076e-09	-3.436167e+01	-3.830464e+02
7.570000e-06	-7.418533e-09	-3.469787e-09	-3.462070e+01	-3.859033e+02
7.580000e-06	-7.473702e-09	-3.499349e-09	-3.487817e+01	-3.887399e+02
7.590000e-06	-7.528461e-09	-3.526278e-09	-3.513372e+01	-3.915562e+02
7.600000e-06	-7.582749e-09	-3.548218e-09	-3.538707e+01	-3.943519e+02
7.610000e-06	-7.636526e-09	-3.569620e-09	-3.563803e+01	-3.971270e+02
7.620000e-06	-7.689760e-09	-3.592888e-09	-3.588647e+01	-3.998812e+02
7.630000e-06	-7.742443e-09	-3.616964e-09	-3.613233e+01	-4.026144e+02
7.640000e-06	-7.794609e-09	-3.639319e-09	-3.637578e+01	-4.053265e+02
7.650000e-06	-7.846288e-09	-3.660357e-09	-3.661695e+01	-4.080174e+02
7.660000e-06	-7.897511e-09	-3.684373e-09	-3.685600e+01	-4.106869e+02
7.670000e-06	-7.948305e-09	-3.711317e-09	-3.709304e+01	-4.133348e+02
7.680000e-06	-7.998670e-09	-3.736663e-09	-3.732809e+01	-4.159610e+02
7.690000e-06	-8.048571e-09	-3.758328e-09	-3.756096e+01	-4.185655e+02
7.700000e-06	-8.097964e-09	-3.778039e-09	-3.779147e+01	-4.211480e+02
7.710000e-06	-8.146851e-09	-3.799268e-09	-3.801962e+01	-4.237083e+02
7.720000e-06	-8.195180e-09	-3.821248e-09	-3.824516e+01	-4.262465e+02
7.730000e-06	-8.242939e-09	-3.839107e-09	-3.846804e+01	-4.287623e+02
7.740000e-06	-8.290158e-09	-3.853358e-09	-3.868840e+01	-4.312556e+02
7.750000e-06	-8.336861e-09	-3.870116e-09	-3.890636e+01	-4.337263e+02
7.760000e-06	-8.383139e-09	-3.893043e-09	-3.912232e+01	-4.361743e+02
7.770000e-06	-8.429074e-09	-3.918545e-09	-3.933669e+01	-4.385994e+02
7.780000e-06	-8.474653e-09	-3.939429e-09	-3.954940e+01	-4.410015e+02
7.790000e-06	-8.519841e-09	-3.954223e-09	-3.976029e+01	-4.433804e+02
7.800000e-06	-8.564643e-09	-3.968074e-09	-3.996937e+01	-4.457361e+02
7.810000e-06	-8.609064e-09	-3.986523e-09	-4.017667e+01	-4.480684e+02
7.820000e-06	-8.653115e-09	-4.007697e-09	-4.038225e+01	-4.503772e+02
7.830000e-06	-8.696817e-09	-4.025650e-09	-4.058620e+01	-4.526624e+02
7.840000e-06	-8.740177e-09	-4.040425e-09	-4.078856e+01	-4.549239e+02
7.850000e-06	-8.783210e-09	-4.057025e-09	-4.098938e+01	-4.571615e+02
7.860000e-06	-8.825888e-09	-4.076655e-09	-4.118855e+01	-4.593751e+02
7.870000e-06	-8.868159e-09	-4.093593e-09	-4.138582e+01	-4.615646e+02
7.880000e-06	-8.910016e-09	-4.105998e-09	-4.158116e+01	-4.637299e+02
7.890000e-06	-8.951429e-09	-4.118097e-09	-4.177443e+01	-4.658709e+02
7.900000e-06	-8.992367e-09	-4.134962e-09	-4.196548e+01	-4.679875e+02
7.910000e-06	-9.032854e-09	-4.157793e-09	-4.215443e+01	-4.700795e+02
7.920000e-06	-9.072915e-09	-4.179027e-09	-4.234138e+01	-4.721469e+02
7.930000e-06	-9.112596e-09	-4.191169e-09	-4.252657e+01	-4.741895e+02
7.940000e-06	-9.151926e-09	-4.196603e-09	-4.271011e+01	-4.762072e+02
7.950000e-06	-9.190852e-09	-4.207245e-09	-4.289177e+01	-4.782000e+02
7.960000e-06	-9.229278e-09	-4.228301e-09	-4.307110e+01	-4.801677e+02
7.970000e-06	-9.267092e-09	-4.251115e-09	-4.324757e+01	-4.821101e+02
7.980000e-06	-9.304228e-09	-4.267031e-09	-4.342087e+01	-4.840274e+02
7.990000e-06	-9.340701e-09	-4.275843e-09	-4.359109e+01	-4.859192e+02
8.000000e-06	-9.376639e-09	-4.285376e-09	-4.375880e+01	-4.877855e+02
8.010000e-06	-9.412168e-09	-4.299638e-09	-4.392461e+01	-4.896263e+02
8.020000e-06	-9.447321e-09	-4.314673e-09	-4.408866e+01	-4.914414e+02
8.030000e-06	-9.482071e-09	-4.325611e-09	-4.425083e+01	-4.932307e+02
8.040000e-06	-9.516366e-09	-4.335401e-09	-4.441088e+01	-4.949941e+02
8.050000e-06	-9.550181e-09	-4.349622e-09	-4.456869e+01	-4.967316e+02
8.060000e-06	-9.583500e-09	-4.366007e-09	-4.472418e+01	-4.984430e+02
8.070000e-06	-9.616309e-09	-4.378785e-09	-4.487730e+01	-5.001283e+02
8.080000e-06	-9.648651e-09	-4.386095e-09	-4.502823e+01	-5.017874e+02
8.090000e-06	-9.680570e-09	-4.393398e-09	-4.517719e+01	-5.034201e+02
8.100000e-06	-9.712099e-09	-4.406237e-09	-4.532433e+01	-5.050265e+02
8.110000e-06	-9.743225e-09	-4.422723e-09	-4.546959e+01	-5.066063e+02
8.120000e-06	-9.773817e-09	-4.435102e-09	-4.561236e+01	-5.081596e+02
8.130000e-06	-9.803689e-09	-4.441227e-09	-4.575176e+01	-5.096862e+02
8.140000e-06	-9.832785e-09	-4.447613e-09	-4.588755e+01	-5.111861e+02
8.150000e-06	-9.861210e-09	-4.459403e-09	-4.602020e+01	-5.126592e+02
8.160000e-06	-9.889129e-09	-4.475156e-09	-4.615049e+01	-5.141054e+02
8.170000e-06	-9.916658e-09	-4.488175e-09	-4.627897e+01	-5.155247e+02
8.180000e-06	-9.943794e-09	-4.495568e-09	-4.640561e+01	-5.169169e+02
8.190000e-06	-9.970461e-09	-4.502291e-09	-4.653005e+01	-5.182820e+02
8.200000e-06	-9.996606e-09	-4.512468e-09	-4.665207e+01	-5.196199e+02
8.210000e-06	-1.002225e-08	-4.523947e-09	-4.677174e+01	-5.209306e+02
8.220000e-06	-1.004736e-08	-4.532378e-09	-4.688894e+01	-5.222139e+02
8.230000e-06	-1.007192e-08	-4.537585e-09	-4.700356e+01	-5.234699e+02
8.240000e-06	-1.009601e-08	-4.544760e-09	-4.711595e+01	-5.246984e+02
8.250000e-06	-1.011972e-08	-4.555701e-09	-4.722662e+01	-5.258994e+02
8.260000e-06	-1.014311e-08	-4.566517e-09	-4.733576e+01	-5.270728e+02
8.270000e-06	-1.016605e-08	-4.574637e-09	-4.744284e+01	-5.282186e+02
8.280000e-06	-1.018837e-08	-4.581566e-09	-4.754700e+01	-5.293366e+02
8.290000e-06	-1.020992e-08	-4.589198e-09	-4.764759e+01	-5.304270e+02
8.300000e-06	-1.023070e-08	-4.596008e-09	-4.774453e+01	-5.314894e+02
8.310000e-06	-1.025083e-08	-4.600438e-09	-4.783850e+01	-5.325241e+02
8.320000e-06	-1.027051e-08	-4.603897e-09	-4.793031e+01	-5.335307e+02
8.330000e-06	-1.028978e-08	-4.609056e-09	-4.802028e+01	-5.345095e+02
8.340000e-06	-1.030862e-08	-4.616656e-09	-4.810817e+01	-5.354601e+02
8.350000e-06	-1.032694e-08	-4.624821e-09	-4.819366e+01	-5.363827e+02
8.360000e-06	-1.034475e-08	-4.631137e-09	-4.827680e+01	-5.372772e+02
8.370000e-06	-1.036210e-08	-4.634580e-09	-4.835775e+01	-5.381435e+02
8.380000e-06	-1.037894e-08	-4.636960e-09	-4.843637e+01	-5.389815e+02
8.390000e-06	-1.039526e-08	-4.641119e-09	-4.851253e+01	-5.397913e+02
8.400000e-06	-1.041114e-08	-4.646741e-09	-4.858662e+01	-5.405728e+02
8.410000e-06	-1.042664e-08	-4.652175e-09	-4.865895e+01	-5.413260e+02
8.420000e-06	-1.044169e-08	-4.655770e-09	-4.872921e+01	-5.420507e+02
8.430000e-06	-1.045607e-08	-4.657812e-09	-4.879631e+01	-5.427470e+02
8.440000e-06	-1.046956e-08	-4.660832e-09	-4.885926e+01	-5.434149e+02
8.450000e-06	-1.048218e-08	-4.664693e-09	-4.891814e+01	-5.440543e+02
8.460000e-06	-1.049414e-08	-4.668805e-09	-4.897397e+01	-5.446651e+02
8.470000e-06	-1.050561e-08	-4.671960e-09	-4.902749e+01	-5.452474e+02
8.480000e-06	-1.051654e-08	-4.673848e-09	-4.907852e+01	-5.458010e+02
8.490000e-06	-1.052690e-08	-4.674956e-09	-4.912687e+01	-5.463261e+02
8.500000e-06	-1.053673e-08	-4.675582e-09	-4.917275e+01	-5.468225e+02
8.510000e-06	-1.054608e-08	-4.675713e-09	-4.921639e+01	-5.472902e+02
8.520000e-06	-1.055490e-08	-4.675384e-09	-4.925751e+01	-5.477292e+02
8.530000e-06	-1.056316e-08	-4.677058e-09	-4.929608e+01	-5.481395e+02
8.540000e-06	-1.057099e-08	-4.679897e-09	-4.933260e+01	-5.485210e+02
8.550000e-06	-1.057846e-08	-4.682876e-09	-4.936748e+01	-5.488738e+02
8.560000e-06	-1.058553e-08	-4.686180e-09	-4.940049e+01	-5.491978e+02
8.570000e-06	-1.059202e-08	-4.688434e-09	-4.943077e+01	-5.494930e+02
8.580000e-06	-1.059772e-08	-4.688123e-09	-4.945737e+01	-5.497594e+02
8.590000e-06	-1.060257e-08	-4.685629e-09	-4.948000e+01	-5.499969e+02
8.600000e-06	-1.060673e-08	-4.683013e-09	-4.949941e+01	-5.502056e+02
8.610000e-06	-1.061042e-08	-4.681512e-09	-4.951661e+01	-5.503854e+02
8.620000e-06	-1.061373e-08	-4.681277e-09	-4.953208e+01	-5.505364e+02
8.630000e-06	-1.061659e-08	-4.680510e-09	-4.954545e+01	-5.506585e+02
8.640000e-06	-1.061892e-08	-4.679957e-09	-4.955633e+01	-5.507518e+02
8.650000e-06	-1.062076e-08	-4.680218e-09	-4.956487e+01	-5.508161e+02
8.660000e-06	-1.062216e-08	-4.677605e-09	-4.957141e+01	-5.508516e+02
8.670000e-06	-1.062297e-08	-4.673192e-09	-4.957520e+01	-5.508581e+02
