# Temperatura_=_20.0
# Concentracion g/m^3_=_10000.0
# C_Vs_to_Am_M_A/Vsm_=_116720831517.84952
# pendiente_HvsI_1/m_=_3716.3
# ordenada_HvsI_A/m_=_1297.0
# frecuencia_Hz_=_212957.30051565784
# Promedio de 23 ciclos

Tiempo_(s)	Campo_(V.s)	Magnetizacion_(V.s)	Campo_(kA/m)	Magnetizacion_(A/m)
0.000000e+00	-8.406396e-09	-3.671482e-09	-4.211075e+01	-4.257530e+02
1.000000e-08	-8.405710e-09	-3.670717e-09	-4.210731e+01	-4.255423e+02
2.000000e-08	-8.403494e-09	-3.668995e-09	-4.209621e+01	-4.252554e+02
3.000000e-08	-8.399701e-09	-3.665149e-09	-4.207721e+01	-4.248923e+02
4.000000e-08	-8.394631e-09	-3.660280e-09	-4.205181e+01	-4.244530e+02
5.000000e-08	-8.388303e-09	-3.655715e-09	-4.202011e+01	-4.239376e+02
6.000000e-08	-8.380643e-09	-3.649467e-09	-4.198174e+01	-4.233463e+02
7.000000e-08	-8.371645e-09	-3.639083e-09	-4.193666e+01	-4.226792e+02
8.000000e-08	-8.361017e-09	-3.626123e-09	-4.188342e+01	-4.219363e+02
9.000000e-08	-8.348554e-09	-3.630551e-09	-4.182099e+01	-4.211177e+02
1.000000e-07	-8.334056e-09	-3.648442e-09	-4.174836e+01	-4.202238e+02
1.100000e-07	-8.317351e-09	-3.646342e-09	-4.166468e+01	-4.192545e+02
1.200000e-07	-8.298970e-09	-3.618777e-09	-4.157260e+01	-4.182101e+02
1.300000e-07	-8.279509e-09	-3.562783e-09	-4.147511e+01	-4.170907e+02
1.400000e-07	-8.259162e-09	-3.552158e-09	-4.137319e+01	-4.158966e+02
1.500000e-07	-8.237686e-09	-3.591452e-09	-4.126560e+01	-4.146279e+02
1.600000e-07	-8.214884e-09	-3.545346e-09	-4.115138e+01	-4.132850e+02
1.700000e-07	-8.190853e-09	-3.522865e-09	-4.103100e+01	-4.118680e+02
1.800000e-07	-8.165097e-09	-3.564732e-09	-4.090198e+01	-4.103772e+02
1.900000e-07	-8.137580e-09	-3.510255e-09	-4.076413e+01	-4.088129e+02
2.000000e-07	-8.109042e-09	-3.488131e-09	-4.062117e+01	-4.071752e+02
2.100000e-07	-8.079317e-09	-3.533967e-09	-4.047227e+01	-4.054647e+02
2.200000e-07	-8.048073e-09	-3.471128e-09	-4.031575e+01	-4.036814e+02
2.300000e-07	-8.015501e-09	-3.422520e-09	-4.015259e+01	-4.018258e+02
2.400000e-07	-7.981311e-09	-3.461498e-09	-3.998132e+01	-3.998982e+02
2.500000e-07	-7.945517e-09	-3.446757e-09	-3.980201e+01	-3.978990e+02
2.600000e-07	-7.908555e-09	-3.431857e-09	-3.961686e+01	-3.958284e+02
2.700000e-07	-7.870167e-09	-3.424118e-09	-3.942455e+01	-3.936869e+02
2.800000e-07	-7.830299e-09	-3.364848e-09	-3.922484e+01	-3.914749e+02
2.900000e-07	-7.789156e-09	-3.343819e-09	-3.901874e+01	-3.891927e+02
3.000000e-07	-7.746441e-09	-3.347579e-09	-3.880476e+01	-3.868407e+02
3.100000e-07	-7.702083e-09	-3.323947e-09	-3.858256e+01	-3.844194e+02
3.200000e-07	-7.656235e-09	-3.299546e-09	-3.835288e+01	-3.819292e+02
3.300000e-07	-7.609027e-09	-3.277483e-09	-3.811640e+01	-3.793706e+02
3.400000e-07	-7.560564e-09	-3.261825e-09	-3.787363e+01	-3.767440e+02
3.500000e-07	-7.510476e-09	-3.244130e-09	-3.762272e+01	-3.740498e+02
3.600000e-07	-7.458539e-09	-3.211082e-09	-3.736255e+01	-3.712887e+02
3.700000e-07	-7.405033e-09	-3.166031e-09	-3.709452e+01	-3.684609e+02
3.800000e-07	-7.350215e-09	-3.138658e-09	-3.681991e+01	-3.655672e+02
3.900000e-07	-7.294205e-09	-3.141212e-09	-3.653934e+01	-3.626079e+02
4.000000e-07	-7.236963e-09	-3.126834e-09	-3.625259e+01	-3.595836e+02
4.100000e-07	-7.178276e-09	-3.090827e-09	-3.595861e+01	-3.564949e+02
4.200000e-07	-7.118190e-09	-3.047850e-09	-3.565761e+01	-3.533423e+02
4.300000e-07	-7.056933e-09	-3.007805e-09	-3.535075e+01	-3.501264e+02
4.400000e-07	-6.994523e-09	-2.990419e-09	-3.503812e+01	-3.468477e+02
4.500000e-07	-6.930950e-09	-2.968933e-09	-3.471966e+01	-3.435069e+02
4.600000e-07	-6.866255e-09	-2.934837e-09	-3.439557e+01	-3.401044e+02
4.700000e-07	-6.800254e-09	-2.904116e-09	-3.406495e+01	-3.366411e+02
4.800000e-07	-6.732818e-09	-2.879189e-09	-3.372714e+01	-3.331173e+02
4.900000e-07	-6.664206e-09	-2.854438e-09	-3.338344e+01	-3.295339e+02
5.000000e-07	-6.594563e-09	-2.814867e-09	-3.303457e+01	-3.258914e+02
5.100000e-07	-6.523816e-09	-2.768329e-09	-3.268017e+01	-3.221905e+02
5.200000e-07	-6.452004e-09	-2.727834e-09	-3.232043e+01	-3.184318e+02
5.300000e-07	-6.379117e-09	-2.703437e-09	-3.195532e+01	-3.146161e+02
5.400000e-07	-6.304953e-09	-2.686961e-09	-3.158380e+01	-3.107439e+02
5.500000e-07	-6.229396e-09	-2.653482e-09	-3.120531e+01	-3.068161e+02
5.600000e-07	-6.152556e-09	-2.608480e-09	-3.082039e+01	-3.028332e+02
5.700000e-07	-6.074519e-09	-2.564241e-09	-3.042947e+01	-2.987961e+02
5.800000e-07	-5.995296e-09	-2.528475e-09	-3.003261e+01	-2.947054e+02
5.900000e-07	-5.914849e-09	-2.498067e-09	-2.962963e+01	-2.905619e+02
6.000000e-07	-5.833231e-09	-2.461530e-09	-2.922077e+01	-2.863662e+02
6.100000e-07	-5.750562e-09	-2.421909e-09	-2.880665e+01	-2.821193e+02
6.200000e-07	-5.666913e-09	-2.382683e-09	-2.838762e+01	-2.778218e+02
6.300000e-07	-5.582454e-09	-2.347439e-09	-2.796453e+01	-2.734744e+02
6.400000e-07	-5.497226e-09	-2.311431e-09	-2.753759e+01	-2.690780e+02
6.500000e-07	-5.411089e-09	-2.266985e-09	-2.710610e+01	-2.646334e+02
6.600000e-07	-5.323997e-09	-2.220431e-09	-2.666982e+01	-2.601413e+02
6.700000e-07	-5.235997e-09	-2.179357e-09	-2.622900e+01	-2.556026e+02
6.800000e-07	-5.147120e-09	-2.146404e-09	-2.578378e+01	-2.510181e+02
6.900000e-07	-5.057248e-09	-2.112073e-09	-2.533357e+01	-2.463885e+02
7.000000e-07	-4.966239e-09	-2.066897e-09	-2.487768e+01	-2.417148e+02
7.100000e-07	-4.874177e-09	-2.016238e-09	-2.441651e+01	-2.369977e+02
7.200000e-07	-4.781290e-09	-1.969989e-09	-2.395120e+01	-2.322381e+02
7.300000e-07	-4.687691e-09	-1.932146e-09	-2.348232e+01	-2.274369e+02
7.400000e-07	-4.593369e-09	-1.894567e-09	-2.300983e+01	-2.225949e+02
7.500000e-07	-4.498299e-09	-1.851365e-09	-2.253359e+01	-2.177130e+02
7.600000e-07	-4.402441e-09	-1.806262e-09	-2.205340e+01	-2.127920e+02
7.700000e-07	-4.305755e-09	-1.763350e-09	-2.156906e+01	-2.078328e+02
7.800000e-07	-4.208239e-09	-1.721908e-09	-2.108057e+01	-2.028364e+02
7.900000e-07	-4.109910e-09	-1.675138e-09	-2.058801e+01	-1.978036e+02
8.000000e-07	-4.010746e-09	-1.624536e-09	-2.009126e+01	-1.927353e+02
8.100000e-07	-3.910795e-09	-1.578930e-09	-1.959057e+01	-1.876324e+02
8.200000e-07	-3.810208e-09	-1.538729e-09	-1.908668e+01	-1.824959e+02
8.300000e-07	-3.709075e-09	-1.498562e-09	-1.858007e+01	-1.773266e+02
8.400000e-07	-3.607383e-09	-1.452007e-09	-1.807066e+01	-1.721255e+02
8.500000e-07	-3.505088e-09	-1.401037e-09	-1.755822e+01	-1.668935e+02
8.600000e-07	-3.402186e-09	-1.352151e-09	-1.704275e+01	-1.616316e+02
8.700000e-07	-3.298732e-09	-1.307425e-09	-1.652451e+01	-1.563407e+02
8.800000e-07	-3.194758e-09	-1.263767e-09	-1.600367e+01	-1.510217e+02
8.900000e-07	-3.090255e-09	-1.215874e-09	-1.548017e+01	-1.456756e+02
9.000000e-07	-2.985198e-09	-1.166068e-09	-1.495390e+01	-1.403033e+02
9.100000e-07	-2.879560e-09	-1.118540e-09	-1.442473e+01	-1.349059e+02
9.200000e-07	-2.773350e-09	-1.074689e-09	-1.389268e+01	-1.294842e+02
9.300000e-07	-2.666575e-09	-1.031229e-09	-1.335780e+01	-1.240393e+02
9.400000e-07	-2.559249e-09	-9.829545e-10	-1.282017e+01	-1.185721e+02
9.500000e-07	-2.451408e-09	-9.318220e-10	-1.227995e+01	-1.130836e+02
9.600000e-07	-2.343088e-09	-8.815408e-10	-1.173734e+01	-1.075748e+02
9.700000e-07	-2.234376e-09	-8.339893e-10	-1.119276e+01	-1.020466e+02
9.800000e-07	-2.125349e-09	-7.865094e-10	-1.064660e+01	-9.650016e+01
9.900000e-07	-2.016002e-09	-7.359618e-10	-1.009884e+01	-9.093633e+01
1.000000e-06	-1.906308e-09	-6.847393e-10	-9.549340e+00	-8.535616e+01
1.010000e-06	-1.796247e-09	-6.370830e-10	-8.998005e+00	-7.976063e+01
1.020000e-06	-1.685851e-09	-5.922870e-10	-8.444993e+00	-7.415076e+01
1.030000e-06	-1.575179e-09	-5.447029e-10	-7.890591e+00	-6.852754e+01
1.040000e-06	-1.464247e-09	-4.934565e-10	-7.334895e+00	-6.289198e+01
1.050000e-06	-1.353063e-09	-4.416077e-10	-6.777930e+00	-5.724509e+01
1.060000e-06	-1.241640e-09	-3.926510e-10	-6.219770e+00	-5.158788e+01
1.070000e-06	-1.130000e-09	-3.446620e-10	-5.660523e+00	-4.592137e+01
1.080000e-06	-1.018176e-09	-2.941546e-10	-5.100355e+00	-4.024656e+01
1.090000e-06	-9.061809e-10	-2.430981e-10	-4.539332e+00	-3.456448e+01
1.100000e-06	-7.940112e-10	-1.927908e-10	-3.977432e+00	-2.887615e+01
1.110000e-06	-6.817033e-10	-1.454561e-10	-3.414840e+00	-2.318257e+01
1.120000e-06	-5.692807e-10	-9.907672e-11	-2.851674e+00	-1.748477e+01
1.130000e-06	-4.567530e-10	-4.860799e-11	-2.287981e+00	-1.178377e+01
1.140000e-06	-3.441552e-10	4.439760e-12	-1.723937e+00	-6.080595e+00
1.150000e-06	-2.315164e-10	5.457069e-11	-1.159688e+00	-3.762594e-01
1.160000e-06	-1.188659e-10	9.979753e-11	-5.953801e-01	5.328214e+00
1.170000e-06	-6.223523e-12	1.442740e-10	-3.111329e-02	1.103180e+01
1.180000e-06	1.063984e-10	1.930480e-10	5.330513e-01	1.673349e+01
1.190000e-06	2.189785e-10	2.458912e-10	1.097006e+00	2.243224e+01
1.200000e-06	3.314874e-10	2.980275e-10	1.660605e+00	2.812706e+01
1.210000e-06	4.438824e-10	3.475469e-10	2.223633e+00	3.381690e+01
1.220000e-06	5.561459e-10	3.960340e-10	2.786002e+00	3.950076e+01
1.230000e-06	6.682785e-10	4.448957e-10	3.347716e+00	4.517762e+01
1.240000e-06	7.802653e-10	4.932967e-10	3.908700e+00	5.084646e+01
1.250000e-06	8.920838e-10	5.389888e-10	4.468840e+00	5.650627e+01
1.260000e-06	1.003721e-09	5.830164e-10	5.028075e+00	6.215603e+01
1.270000e-06	1.115186e-09	6.298412e-10	5.586444e+00	6.779474e+01
1.280000e-06	1.226484e-09	6.820185e-10	6.143975e+00	7.342137e+01
1.290000e-06	1.337602e-09	7.355672e-10	6.700606e+00	7.903493e+01
1.300000e-06	1.448530e-09	7.845591e-10	7.256288e+00	8.463441e+01
1.310000e-06	1.559232e-09	8.291637e-10	7.810834e+00	9.021881e+01
1.320000e-06	1.669670e-09	8.730223e-10	8.364058e+00	9.578713e+01
1.330000e-06	1.779831e-09	9.197023e-10	8.915895e+00	1.013384e+02
1.340000e-06	1.889696e-09	9.680204e-10	9.466253e+00	1.068715e+02
1.350000e-06	1.999272e-09	1.015221e-09	1.001516e+01	1.123856e+02
1.360000e-06	2.108571e-09	1.061799e-09	1.056268e+01	1.178797e+02
1.370000e-06	2.217600e-09	1.108758e-09	1.110884e+01	1.233527e+02
1.380000e-06	2.326348e-09	1.156089e-09	1.165360e+01	1.288037e+02
1.390000e-06	2.434761e-09	1.201764e-09	1.219669e+01	1.342317e+02
1.400000e-06	2.542766e-09	1.245243e-09	1.273773e+01	1.396358e+02
1.410000e-06	2.650287e-09	1.289203e-09	1.327634e+01	1.450149e+02
1.420000e-06	2.757262e-09	1.335950e-09	1.381221e+01	1.503681e+02
1.430000e-06	2.863664e-09	1.383069e-09	1.434522e+01	1.556945e+02
1.440000e-06	2.969492e-09	1.427253e-09	1.487535e+01	1.609930e+02
1.450000e-06	3.074724e-09	1.468904e-09	1.540249e+01	1.662629e+02
1.460000e-06	3.179341e-09	1.510051e-09	1.592656e+01	1.715030e+02
1.470000e-06	3.283335e-09	1.552937e-09	1.644750e+01	1.767125e+02
1.480000e-06	3.386739e-09	1.596748e-09	1.696549e+01	1.818904e+02
1.490000e-06	3.489579e-09	1.640027e-09	1.748065e+01	1.870358e+02
1.500000e-06	3.591797e-09	1.682503e-09	1.799270e+01	1.921478e+02
1.510000e-06	3.693388e-09	1.724627e-09	1.850161e+01	1.972255e+02
1.520000e-06	3.794392e-09	1.768020e-09	1.900758e+01	2.022679e+02
1.530000e-06	3.894783e-09	1.810988e-09	1.951047e+01	2.072742e+02
1.540000e-06	3.994452e-09	1.851250e-09	2.000975e+01	2.122435e+02
1.550000e-06	4.093286e-09	1.889170e-09	2.050484e+01	2.171748e+02
1.560000e-06	4.191229e-09	1.927234e-09	2.099547e+01	2.220673e+02
1.570000e-06	4.288289e-09	1.967957e-09	2.148168e+01	2.269202e+02
1.580000e-06	4.384500e-09	2.009127e-09	2.196364e+01	2.317325e+02
1.590000e-06	4.479925e-09	2.048670e-09	2.244166e+01	2.365033e+02
1.600000e-06	4.574599e-09	2.086101e-09	2.291591e+01	2.412319e+02
1.610000e-06	4.668508e-09	2.123265e-09	2.338634e+01	2.459174e+02
1.620000e-06	4.761680e-09	2.162523e-09	2.385307e+01	2.505589e+02
1.630000e-06	4.854140e-09	2.201935e-09	2.431624e+01	2.551556e+02
1.640000e-06	4.945784e-09	2.239383e-09	2.477532e+01	2.597067e+02
1.650000e-06	5.036440e-09	2.274218e-09	2.522945e+01	2.642114e+02
1.660000e-06	5.126034e-09	2.308105e-09	2.567825e+01	2.686688e+02
1.670000e-06	5.214614e-09	2.342146e-09	2.612198e+01	2.730782e+02
1.680000e-06	5.302294e-09	2.375469e-09	2.656120e+01	2.774388e+02
1.690000e-06	5.389145e-09	2.408924e-09	2.699627e+01	2.817498e+02
1.700000e-06	5.475127e-09	2.444014e-09	2.742699e+01	2.860105e+02
1.710000e-06	5.560245e-09	2.481154e-09	2.785337e+01	2.902200e+02
1.720000e-06	5.644547e-09	2.518901e-09	2.827567e+01	2.943776e+02
1.730000e-06	5.727978e-09	2.554267e-09	2.869361e+01	2.984825e+02
1.740000e-06	5.810421e-09	2.585617e-09	2.910660e+01	3.025341e+02
1.750000e-06	5.891808e-09	2.614404e-09	2.951430e+01	3.065316e+02
1.760000e-06	5.972104e-09	2.642911e-09	2.991653e+01	3.104743e+02
1.770000e-06	6.051300e-09	2.673205e-09	3.031325e+01	3.143615e+02
1.780000e-06	6.129416e-09	2.705323e-09	3.070456e+01	3.181925e+02
1.790000e-06	6.206475e-09	2.737123e-09	3.109058e+01	3.219666e+02
1.800000e-06	6.282415e-09	2.768500e-09	3.147098e+01	3.256831e+02
1.810000e-06	6.357050e-09	2.799792e-09	3.184486e+01	3.293413e+02
1.820000e-06	6.430319e-09	2.829960e-09	3.221189e+01	3.329407e+02
1.830000e-06	6.502352e-09	2.857285e-09	3.257273e+01	3.364805e+02
1.840000e-06	6.573252e-09	2.881615e-09	3.292789e+01	3.399602e+02
1.850000e-06	6.643038e-09	2.905863e-09	3.327748e+01	3.433791e+02
1.860000e-06	6.711742e-09	2.932945e-09	3.362164e+01	3.467365e+02
1.870000e-06	6.779317e-09	2.962565e-09	3.396015e+01	3.500320e+02
1.880000e-06	6.845541e-09	2.991554e-09	3.429189e+01	3.532648e+02
1.890000e-06	6.910370e-09	3.017347e-09	3.461664e+01	3.564345e+02
1.900000e-06	6.974008e-09	3.041296e-09	3.493542e+01	3.595404e+02
1.910000e-06	7.036511e-09	3.065394e-09	3.524852e+01	3.625821e+02
1.920000e-06	7.097867e-09	3.088874e-09	3.555588e+01	3.655589e+02
1.930000e-06	7.158131e-09	3.111705e-09	3.585776e+01	3.684703e+02
1.940000e-06	7.217139e-09	3.134535e-09	3.615335e+01	3.713158e+02
1.950000e-06	7.274625e-09	3.157339e-09	3.644132e+01	3.740949e+02
1.960000e-06	7.330682e-09	3.180909e-09	3.672213e+01	3.768071e+02
1.970000e-06	7.385492e-09	3.204198e-09	3.699669e+01	3.794519e+02
1.980000e-06	7.439003e-09	3.225392e-09	3.726475e+01	3.820289e+02
1.990000e-06	7.491063e-09	3.244789e-09	3.752553e+01	3.845375e+02
2.000000e-06	7.541457e-09	3.263166e-09	3.777798e+01	3.869773e+02
2.010000e-06	7.590241e-09	3.281138e-09	3.802235e+01	3.893480e+02
2.020000e-06	7.637682e-09	3.298810e-09	3.826000e+01	3.916490e+02
2.030000e-06	7.683870e-09	3.316345e-09	3.849137e+01	3.938799e+02
2.040000e-06	7.728860e-09	3.333548e-09	3.871674e+01	3.960404e+02
2.050000e-06	7.772633e-09	3.350954e-09	3.893602e+01	3.981301e+02
2.060000e-06	7.814920e-09	3.368919e-09	3.914785e+01	4.001485e+02
2.070000e-06	7.855672e-09	3.386240e-09	3.935199e+01	4.020954e+02
2.080000e-06	7.895098e-09	3.401870e-09	3.954949e+01	4.039704e+02
2.090000e-06	7.933232e-09	3.415836e-09	3.974051e+01	4.057731e+02
2.100000e-06	7.970110e-09	3.429762e-09	3.992525e+01	4.075033e+02
2.110000e-06	8.005707e-09	3.445027e-09	4.010357e+01	4.091605e+02
2.120000e-06	8.039762e-09	3.460427e-09	4.027416e+01	4.107446e+02
2.130000e-06	8.072288e-09	3.473584e-09	4.043709e+01	4.122552e+02
2.140000e-06	8.103471e-09	3.484790e-09	4.059330e+01	4.136920e+02
2.150000e-06	8.133327e-09	3.495744e-09	4.074286e+01	4.150549e+02
2.160000e-06	8.161907e-09	3.506441e-09	4.088603e+01	4.163435e+02
2.170000e-06	8.189040e-09	3.516273e-09	4.102195e+01	4.175577e+02
2.180000e-06	8.214477e-09	3.525421e-09	4.114936e+01	4.186972e+02
2.190000e-06	8.238352e-09	3.534756e-09	4.126897e+01	4.197618e+02
2.200000e-06	8.260839e-09	3.545374e-09	4.138161e+01	4.207512e+02
2.210000e-06	8.281997e-09	3.555772e-09	4.148760e+01	4.216655e+02
2.220000e-06	8.301887e-09	3.562862e-09	4.158723e+01	4.225043e+02
2.230000e-06	8.320348e-09	3.568350e-09	4.167971e+01	4.232676e+02
2.240000e-06	8.337235e-09	3.573677e-09	4.176430e+01	4.239551e+02
2.250000e-06	8.352543e-09	3.579761e-09	4.184098e+01	4.245668e+02
2.260000e-06	8.366278e-09	3.587346e-09	4.190979e+01	4.251026e+02
2.270000e-06	8.378444e-09	3.594955e-09	4.197073e+01	4.255623e+02
2.280000e-06	8.388853e-09	3.601596e-09	4.202287e+01	4.259459e+02
2.290000e-06	8.397544e-09	3.606237e-09	4.206641e+01	4.262533e+02
2.300000e-06	8.404779e-09	3.610341e-09	4.210265e+01	4.264845e+02
2.310000e-06	8.410598e-09	3.613734e-09	4.213180e+01	4.266393e+02
2.320000e-06	8.415072e-09	3.614921e-09	4.215421e+01	4.267179e+02
2.330000e-06	8.418089e-09	3.614170e-09	4.216932e+01	4.267202e+02
2.340000e-06	8.419432e-09	3.613252e-09	4.217605e+01	4.266461e+02
2.350000e-06	8.419290e-09	3.613808e-09	4.217534e+01	4.264957e+02
2.360000e-06	8.417821e-09	3.614740e-09	4.216798e+01	4.262690e+02
2.370000e-06	8.415055e-09	3.615276e-09	4.215412e+01	4.259660e+02
2.380000e-06	8.411037e-09	3.614550e-09	4.213399e+01	4.255869e+02
2.390000e-06	8.405479e-09	3.611698e-09	4.210615e+01	4.251317e+02
2.400000e-06	8.398320e-09	3.608260e-09	4.207029e+01	4.246004e+02
2.410000e-06	8.389872e-09	3.606439e-09	4.202796e+01	4.239931e+02
2.420000e-06	8.380215e-09	3.609041e-09	4.197959e+01	4.233100e+02
2.430000e-06	8.369246e-09	3.602006e-09	4.192464e+01	4.225512e+02
2.440000e-06	8.356618e-09	3.566963e-09	4.186138e+01	4.217169e+02
2.450000e-06	8.341763e-09	3.544254e-09	4.178697e+01	4.208070e+02
2.460000e-06	8.324557e-09	3.550013e-09	4.170077e+01	4.198220e+02
2.470000e-06	8.305721e-09	3.592529e-09	4.160642e+01	4.187618e+02
2.480000e-06	8.286244e-09	3.600310e-09	4.150885e+01	4.176267e+02
2.490000e-06	8.266238e-09	3.529538e-09	4.140863e+01	4.164169e+02
2.500000e-06	8.244591e-09	3.546112e-09	4.130019e+01	4.151327e+02
2.510000e-06	8.221078e-09	3.561701e-09	4.118240e+01	4.137741e+02
2.520000e-06	8.196646e-09	3.482280e-09	4.106001e+01	4.123416e+02
2.530000e-06	8.170884e-09	3.511055e-09	4.093096e+01	4.108353e+02
2.540000e-06	8.143329e-09	3.531261e-09	4.079293e+01	4.092556e+02
2.550000e-06	8.114646e-09	3.429108e-09	4.064924e+01	4.076026e+02
2.560000e-06	8.084420e-09	3.443386e-09	4.049783e+01	4.058767e+02
2.570000e-06	8.052297e-09	3.469097e-09	4.033691e+01	4.040782e+02
2.580000e-06	8.019030e-09	3.379692e-09	4.017026e+01	4.022075e+02
2.590000e-06	7.984551e-09	3.374723e-09	3.999755e+01	4.002648e+02
2.600000e-06	7.948550e-09	3.355707e-09	3.981720e+01	3.982505e+02
2.610000e-06	7.911116e-09	3.302044e-09	3.962968e+01	3.961650e+02
2.620000e-06	7.872004e-09	3.351846e-09	3.943376e+01	3.940086e+02
2.630000e-06	7.831333e-09	3.336965e-09	3.923002e+01	3.917818e+02
2.640000e-06	7.789404e-09	3.290752e-09	3.901998e+01	3.894849e+02
2.650000e-06	7.746199e-09	3.288600e-09	3.880355e+01	3.871183e+02
2.660000e-06	7.701851e-09	3.240285e-09	3.858139e+01	3.846825e+02
2.670000e-06	7.656055e-09	3.230003e-09	3.835198e+01	3.821779e+02
2.680000e-06	7.608500e-09	3.221270e-09	3.811376e+01	3.796049e+02
2.690000e-06	7.559516e-09	3.180962e-09	3.786838e+01	3.769640e+02
2.700000e-06	7.509164e-09	3.174080e-09	3.761615e+01	3.742557e+02
2.710000e-06	7.457381e-09	3.158003e-09	3.735675e+01	3.714805e+02
2.720000e-06	7.404070e-09	3.143190e-09	3.708969e+01	3.686389e+02
2.730000e-06	7.349156e-09	3.106429e-09	3.681461e+01	3.657313e+02
2.740000e-06	7.292882e-09	3.061022e-09	3.653271e+01	3.627583e+02
2.750000e-06	7.235325e-09	3.045423e-09	3.624438e+01	3.597204e+02
2.760000e-06	7.176573e-09	3.021686e-09	3.595007e+01	3.566182e+02
2.770000e-06	7.116676e-09	3.017753e-09	3.565003e+01	3.534522e+02
2.780000e-06	7.055399e-09	2.993686e-09	3.534306e+01	3.502230e+02
2.790000e-06	6.992734e-09	2.947544e-09	3.502915e+01	3.469311e+02
2.800000e-06	6.928819e-09	2.921884e-09	3.470897e+01	3.435772e+02
2.810000e-06	6.863759e-09	2.882569e-09	3.438307e+01	3.401619e+02
2.820000e-06	6.797603e-09	2.858751e-09	3.405167e+01	3.366858e+02
2.830000e-06	6.730299e-09	2.834838e-09	3.371451e+01	3.331494e+02
2.840000e-06	6.661785e-09	2.804422e-09	3.337130e+01	3.295534e+02
2.850000e-06	6.591857e-09	2.787111e-09	3.302101e+01	3.258986e+02
2.860000e-06	6.520633e-09	2.757104e-09	3.266422e+01	3.221854e+02
2.870000e-06	6.448377e-09	2.725166e-09	3.230226e+01	3.184146e+02
2.880000e-06	6.375048e-09	2.679330e-09	3.193493e+01	3.145869e+02
2.890000e-06	6.300602e-09	2.638691e-09	3.156200e+01	3.107029e+02
2.900000e-06	6.224888e-09	2.614257e-09	3.118272e+01	3.067634e+02
2.910000e-06	6.147843e-09	2.589575e-09	3.079677e+01	3.027690e+02
2.920000e-06	6.069528e-09	2.568827e-09	3.040446e+01	2.987205e+02
2.930000e-06	5.990060e-09	2.530635e-09	3.000638e+01	2.946186e+02
2.940000e-06	5.909566e-09	2.490998e-09	2.960315e+01	2.904640e+02
2.950000e-06	5.828043e-09	2.453442e-09	2.919477e+01	2.862574e+02
2.960000e-06	5.745600e-09	2.415106e-09	2.878178e+01	2.819997e+02
2.970000e-06	5.662279e-09	2.381879e-09	2.836440e+01	2.776916e+02
2.980000e-06	5.577970e-09	2.343477e-09	2.794206e+01	2.733338e+02
2.990000e-06	5.492475e-09	2.313176e-09	2.751379e+01	2.689271e+02
3.000000e-06	5.405741e-09	2.283207e-09	2.707930e+01	2.644723e+02
3.010000e-06	5.318024e-09	2.248298e-09	2.663989e+01	2.599703e+02
3.020000e-06	5.229460e-09	2.206593e-09	2.619624e+01	2.554218e+02
3.030000e-06	5.140036e-09	2.160177e-09	2.574828e+01	2.508276e+02
3.040000e-06	5.049740e-09	2.122216e-09	2.529596e+01	2.461886e+02
3.050000e-06	4.958588e-09	2.086046e-09	2.483934e+01	2.415056e+02
3.060000e-06	4.866607e-09	2.050280e-09	2.437858e+01	2.367794e+02
3.070000e-06	4.773740e-09	2.008263e-09	2.391337e+01	2.320109e+02
3.080000e-06	4.679912e-09	1.964520e-09	2.344335e+01	2.272009e+02
3.090000e-06	4.585116e-09	1.925135e-09	2.296849e+01	2.223503e+02
3.100000e-06	4.489454e-09	1.885258e-09	2.248928e+01	2.174600e+02
3.110000e-06	4.393052e-09	1.846510e-09	2.200636e+01	2.125308e+02
3.120000e-06	4.295949e-09	1.803651e-09	2.151994e+01	2.075636e+02
3.130000e-06	4.198167e-09	1.761110e-09	2.103011e+01	2.025593e+02
3.140000e-06	4.099738e-09	1.720630e-09	2.053704e+01	1.975188e+02
3.150000e-06	4.000675e-09	1.678966e-09	2.004080e+01	1.924431e+02
3.160000e-06	3.900961e-09	1.635921e-09	1.954129e+01	1.873329e+02
3.170000e-06	3.800585e-09	1.588726e-09	1.903847e+01	1.821893e+02
3.180000e-06	3.699524e-09	1.544151e-09	1.853222e+01	1.770131e+02
3.190000e-06	3.597703e-09	1.503189e-09	1.802216e+01	1.718053e+02
3.200000e-06	3.495125e-09	1.462910e-09	1.750831e+01	1.665668e+02
3.210000e-06	3.391863e-09	1.420601e-09	1.699103e+01	1.612985e+02
3.220000e-06	3.287998e-09	1.373684e-09	1.647073e+01	1.560014e+02
3.230000e-06	3.183617e-09	1.327751e-09	1.594785e+01	1.506765e+02
3.240000e-06	3.078752e-09	1.282636e-09	1.542254e+01	1.453246e+02
3.250000e-06	2.973380e-09	1.238396e-09	1.489470e+01	1.399468e+02
3.260000e-06	2.867530e-09	1.193035e-09	1.436445e+01	1.345441e+02
3.270000e-06	2.761259e-09	1.146497e-09	1.383210e+01	1.291172e+02
3.280000e-06	2.654559e-09	1.103623e-09	1.329760e+01	1.236674e+02
3.290000e-06	2.547443e-09	1.060422e-09	1.276101e+01	1.181954e+02
3.300000e-06	2.439919e-09	1.016086e-09	1.222239e+01	1.127024e+02
3.310000e-06	2.332003e-09	9.691916e-10	1.168179e+01	1.071893e+02
3.320000e-06	2.223733e-09	9.213310e-10	1.113943e+01	1.016570e+02
3.330000e-06	2.115078e-09	8.777445e-10	1.059513e+01	9.610660e+01
3.340000e-06	2.006040e-09	8.352439e-10	1.004893e+01	9.053905e+01
3.350000e-06	1.896630e-09	7.905326e-10	9.500846e+00	8.495536e+01
3.360000e-06	1.786835e-09	7.417675e-10	8.950846e+00	7.935653e+01
3.370000e-06	1.676661e-09	6.918886e-10	8.398941e+00	7.374355e+01
3.380000e-06	1.566095e-09	6.441234e-10	7.845078e+00	6.811744e+01
3.390000e-06	1.455183e-09	5.976593e-10	7.289478e+00	6.247919e+01
3.400000e-06	1.344006e-09	5.530166e-10	6.732552e+00	5.682983e+01
3.410000e-06	1.232606e-09	5.080334e-10	6.174510e+00	5.117035e+01
3.420000e-06	1.120995e-09	4.614784e-10	5.615406e+00	4.550178e+01
3.430000e-06	1.009161e-09	4.144642e-10	5.055193e+00	3.982513e+01
3.440000e-06	8.971184e-10	3.672062e-10	4.493929e+00	3.414141e+01
3.450000e-06	7.849154e-10	3.186502e-10	3.931863e+00	2.845164e+01
3.460000e-06	6.725878e-10	2.680298e-10	3.369174e+00	2.275685e+01
3.470000e-06	5.601422e-10	2.181001e-10	2.805893e+00	1.705805e+01
3.480000e-06	4.475910e-10	1.710545e-10	2.242083e+00	1.135625e+01
3.490000e-06	3.349464e-10	1.256598e-10	1.677805e+00	5.652488e+00
3.500000e-06	2.222901e-10	7.968776e-11	1.113469e+00	-5.222246e-02
3.510000e-06	1.096736e-10	3.158595e-11	5.493315e-01	-5.756859e+00
3.520000e-06	-2.935388e-12	-1.790058e-11	-1.476775e-02	-1.146040e+01
3.530000e-06	-1.155209e-10	-6.759824e-11	-5.787492e-01	-1.716183e+01
3.540000e-06	-2.280671e-10	-1.172928e-10	-1.142534e+00	-2.286012e+01
3.550000e-06	-3.405244e-10	-1.671017e-10	-1.705873e+00	-2.855425e+01
3.560000e-06	-4.528438e-10	-2.163723e-10	-2.268522e+00	-3.424320e+01
3.570000e-06	-5.650264e-10	-2.646984e-10	-2.830485e+00	-3.992597e+01
3.580000e-06	-6.770628e-10	-3.131311e-10	-3.391715e+00	-4.560152e+01
3.590000e-06	-7.889591e-10	-3.624015e-10	-3.952244e+00	-5.126884e+01
3.600000e-06	-9.006746e-10	-4.124269e-10	-4.511867e+00	-5.692692e+01
3.610000e-06	-1.012148e-09	-4.625374e-10	-5.070280e+00	-6.257474e+01
3.620000e-06	-1.123389e-09	-5.118586e-10	-5.627522e+00	-6.821129e+01
3.630000e-06	-1.234385e-09	-5.610406e-10	-6.183544e+00	-7.383557e+01
3.640000e-06	-1.345153e-09	-6.109084e-10	-6.738421e+00	-7.944657e+01
3.650000e-06	-1.455660e-09	-6.599733e-10	-7.291991e+00	-8.504328e+01
3.660000e-06	-1.565868e-09	-7.086630e-10	-7.844064e+00	-9.062471e+01
3.670000e-06	-1.675793e-09	-7.580265e-10	-8.394717e+00	-9.618984e+01
3.680000e-06	-1.785399e-09	-8.074608e-10	-8.943774e+00	-1.017377e+02
3.690000e-06	-1.894689e-09	-8.561681e-10	-9.491248e+00	-1.072673e+02
3.700000e-06	-2.003673e-09	-9.037572e-10	-1.003719e+01	-1.127776e+02
3.710000e-06	-2.112347e-09	-9.523352e-10	-1.058158e+01	-1.182676e+02
3.720000e-06	-2.220726e-09	-1.002486e-09	-1.112449e+01	-1.237364e+02
3.730000e-06	-2.328804e-09	-1.053348e-09	-1.166589e+01	-1.291830e+02
3.740000e-06	-2.436561e-09	-1.104716e-09	-1.220569e+01	-1.346064e+02
3.750000e-06	-2.543944e-09	-1.155138e-09	-1.274361e+01	-1.400057e+02
3.760000e-06	-2.650932e-09	-1.203741e-09	-1.327955e+01	-1.453798e+02
3.770000e-06	-2.757521e-09	-1.249426e-09	-1.381350e+01	-1.507278e+02
3.780000e-06	-2.863685e-09	-1.293382e-09	-1.434531e+01	-1.560488e+02
3.790000e-06	-2.969391e-09	-1.337110e-09	-1.487483e+01	-1.613418e+02
3.800000e-06	-3.074581e-09	-1.381256e-09	-1.540177e+01	-1.666058e+02
3.810000e-06	-3.179231e-09	-1.428052e-09	-1.592600e+01	-1.718399e+02
3.820000e-06	-3.283370e-09	-1.476363e-09	-1.644767e+01	-1.770432e+02
3.830000e-06	-3.386974e-09	-1.525147e-09	-1.696666e+01	-1.822148e+02
3.840000e-06	-3.489916e-09	-1.574425e-09	-1.748234e+01	-1.873536e+02
3.850000e-06	-3.592068e-09	-1.621417e-09	-1.799405e+01	-1.924589e+02
3.860000e-06	-3.693408e-09	-1.664698e-09	-1.850170e+01	-1.975296e+02
3.870000e-06	-3.793987e-09	-1.705611e-09	-1.900553e+01	-2.025649e+02
3.880000e-06	-3.893833e-09	-1.747068e-09	-1.950570e+01	-2.075639e+02
3.890000e-06	-3.992971e-09	-1.791036e-09	-2.000232e+01	-2.125257e+02
3.900000e-06	-4.091452e-09	-1.838072e-09	-2.049565e+01	-2.174493e+02
3.910000e-06	-4.189277e-09	-1.886356e-09	-2.098569e+01	-2.223340e+02
3.920000e-06	-4.286401e-09	-1.933211e-09	-2.147222e+01	-2.271788e+02
3.930000e-06	-4.382835e-09	-1.978547e-09	-2.195529e+01	-2.319828e+02
3.940000e-06	-4.478606e-09	-2.021499e-09	-2.243505e+01	-2.367453e+02
3.950000e-06	-4.573643e-09	-2.062354e-09	-2.291112e+01	-2.414653e+02
3.960000e-06	-4.667817e-09	-2.102143e-09	-2.338287e+01	-2.461420e+02
3.970000e-06	-4.761010e-09	-2.141977e-09	-2.384971e+01	-2.507746e+02
3.980000e-06	-4.853210e-09	-2.183919e-09	-2.431157e+01	-2.553622e+02
3.990000e-06	-4.944485e-09	-2.227702e-09	-2.476880e+01	-2.599041e+02
4.000000e-06	-5.034881e-09	-2.271117e-09	-2.522163e+01	-2.643994e+02
4.010000e-06	-5.124423e-09	-2.312131e-09	-2.567018e+01	-2.688472e+02
4.020000e-06	-5.213131e-09	-2.351641e-09	-2.611455e+01	-2.732469e+02
4.030000e-06	-5.301049e-09	-2.390813e-09	-2.655496e+01	-2.775976e+02
4.040000e-06	-5.388142e-09	-2.429658e-09	-2.699124e+01	-2.818985e+02
4.050000e-06	-5.474234e-09	-2.467454e-09	-2.742251e+01	-2.861489e+02
4.060000e-06	-5.559202e-09	-2.503633e-09	-2.784814e+01	-2.903480e+02
4.070000e-06	-5.643123e-09	-2.539892e-09	-2.826854e+01	-2.944950e+02
4.080000e-06	-5.726120e-09	-2.577996e-09	-2.868430e+01	-2.985893e+02
4.090000e-06	-5.808221e-09	-2.617029e-09	-2.909557e+01	-3.026301e+02
4.100000e-06	-5.889387e-09	-2.655067e-09	-2.950216e+01	-3.066166e+02
4.110000e-06	-5.969615e-09	-2.691522e-09	-2.990405e+01	-3.105481e+02
4.120000e-06	-6.048898e-09	-2.727398e-09	-3.030121e+01	-3.144240e+02
4.130000e-06	-6.127075e-09	-2.762664e-09	-3.069283e+01	-3.182436e+02
4.140000e-06	-6.203930e-09	-2.795683e-09	-3.107782e+01	-3.220061e+02
4.150000e-06	-6.279437e-09	-2.826295e-09	-3.145606e+01	-3.257108e+02
4.160000e-06	-6.353699e-09	-2.856511e-09	-3.182807e+01	-3.293573e+02
4.170000e-06	-6.426799e-09	-2.889391e-09	-3.219425e+01	-3.329447e+02
4.180000e-06	-6.498822e-09	-2.925216e-09	-3.255504e+01	-3.364724e+02
4.190000e-06	-6.569748e-09	-2.959953e-09	-3.291033e+01	-3.399398e+02
4.200000e-06	-6.639360e-09	-2.990407e-09	-3.325905e+01	-3.433463e+02
4.210000e-06	-6.707610e-09	-3.018141e-09	-3.360093e+01	-3.466913e+02
4.220000e-06	-6.774685e-09	-3.046793e-09	-3.393694e+01	-3.499741e+02
4.230000e-06	-6.840641e-09	-3.075645e-09	-3.426734e+01	-3.531942e+02
4.240000e-06	-6.905448e-09	-3.102876e-09	-3.459197e+01	-3.563511e+02
4.250000e-06	-6.969123e-09	-3.130101e-09	-3.491095e+01	-3.594440e+02
4.260000e-06	-7.031536e-09	-3.157429e-09	-3.522360e+01	-3.624726e+02
4.270000e-06	-7.092478e-09	-3.184494e-09	-3.552888e+01	-3.654362e+02
4.280000e-06	-7.152076e-09	-3.210188e-09	-3.582743e+01	-3.683343e+02
4.290000e-06	-7.210520e-09	-3.232893e-09	-3.612019e+01	-3.711664e+02
4.300000e-06	-7.267751e-09	-3.253958e-09	-3.640688e+01	-3.739320e+02
4.310000e-06	-7.323750e-09	-3.276234e-09	-3.668740e+01	-3.766306e+02
4.320000e-06	-7.378443e-09	-3.300259e-09	-3.696138e+01	-3.792617e+02
4.330000e-06	-7.431586e-09	-3.324556e-09	-3.722759e+01	-3.818248e+02
4.340000e-06	-7.483121e-09	-3.347326e-09	-3.748575e+01	-3.843195e+02
4.350000e-06	-7.533182e-09	-3.367344e-09	-3.773652e+01	-3.867454e+02
4.360000e-06	-7.581672e-09	-3.385359e-09	-3.797942e+01	-3.891020e+02
4.370000e-06	-7.628538e-09	-3.403125e-09	-3.821419e+01	-3.913888e+02
4.380000e-06	-7.674062e-09	-3.421629e-09	-3.844224e+01	-3.936055e+02
4.390000e-06	-7.718450e-09	-3.440337e-09	-3.866460e+01	-3.957517e+02
4.400000e-06	-7.761755e-09	-3.458198e-09	-3.888153e+01	-3.978269e+02
4.410000e-06	-7.803923e-09	-3.474938e-09	-3.909276e+01	-3.998309e+02
4.420000e-06	-7.844827e-09	-3.491202e-09	-3.929766e+01	-4.017632e+02
4.430000e-06	-7.884493e-09	-3.506748e-09	-3.949636e+01	-4.036236e+02
4.440000e-06	-7.922794e-09	-3.520548e-09	-3.968823e+01	-4.054116e+02
4.450000e-06	-7.959519e-09	-3.533810e-09	-3.987219e+01	-4.071269e+02
4.460000e-06	-7.994816e-09	-3.547668e-09	-4.004901e+01	-4.087694e+02
4.470000e-06	-8.028826e-09	-3.560880e-09	-4.021938e+01	-4.103386e+02
4.480000e-06	-8.061495e-09	-3.572541e-09	-4.038303e+01	-4.118342e+02
4.490000e-06	-8.092794e-09	-3.582651e-09	-4.053981e+01	-4.132561e+02
4.500000e-06	-8.122524e-09	-3.592508e-09	-4.068874e+01	-4.146039e+02
4.510000e-06	-8.150659e-09	-3.603684e-09	-4.082968e+01	-4.158774e+02
4.520000e-06	-8.177431e-09	-3.614961e-09	-4.096379e+01	-4.170765e+02
4.530000e-06	-8.202821e-09	-3.623942e-09	-4.109098e+01	-4.182007e+02
4.540000e-06	-8.226821e-09	-3.630458e-09	-4.121120e+01	-4.192501e+02
4.550000e-06	-8.249414e-09	-3.635785e-09	-4.132438e+01	-4.202243e+02
4.560000e-06	-8.270375e-09	-3.641452e-09	-4.142938e+01	-4.211233e+02
4.570000e-06	-8.289816e-09	-3.647357e-09	-4.152676e+01	-4.219468e+02
4.580000e-06	-8.307923e-09	-3.653182e-09	-4.161747e+01	-4.226947e+02
4.590000e-06	-8.324653e-09	-3.659558e-09	-4.170128e+01	-4.233668e+02
4.600000e-06	-8.339955e-09	-3.665576e-09	-4.177793e+01	-4.239631e+02
4.610000e-06	-8.353541e-09	-3.669695e-09	-4.184598e+01	-4.244834e+02
4.620000e-06	-8.365320e-09	-3.670623e-09	-4.190499e+01	-4.249277e+02
4.630000e-06	-8.375534e-09	-3.670440e-09	-4.195615e+01	-4.252959e+02
4.640000e-06	-8.384320e-09	-3.671916e-09	-4.200016e+01	-4.255878e+02
4.650000e-06	-8.391737e-09	-3.674366e-09	-4.203732e+01	-4.258035e+02
4.660000e-06	-8.397584e-09	-3.675689e-09	-4.206660e+01	-4.259429e+02
4.670000e-06	-8.401782e-09	-3.674804e-09	-4.208764e+01	-4.260059e+02
4.680000e-06	-8.404579e-09	-3.673299e-09	-4.210165e+01	-4.259927e+02
4.690000e-06	-8.406032e-09	-3.672233e-09	-4.210892e+01	-4.259031e+02
