# Temperatura_=_20.0
# Concentracion g/m^3_=_10000.0
# C_Vs_to_Am_M_A/Vsm_=_116720831517.84952
# pendiente_HvsI_1/m_=_3716.3
# ordenada_HvsI_A/m_=_1297.0
# frecuencia_Hz_=_175610.21354430134
# Promedio de 24 ciclos

Tiempo_(s)	Campo_(V.s)	Magnetizacion_(V.s)	Campo_(kA/m)	Magnetizacion_(A/m)
0.000000e+00	-1.016282e-08	-4.377540e-09	-4.580921e+01	-5.122067e+02
1.000000e-08	-1.016238e-08	-4.375695e-09	-4.580723e+01	-5.119307e+02
2.000000e-08	-1.016083e-08	-4.373381e-09	-4.580025e+01	-5.115924e+02
3.000000e-08	-1.015788e-08	-4.369560e-09	-4.578697e+01	-5.111917e+02
4.000000e-08	-1.015367e-08	-4.366350e-09	-4.576797e+01	-5.107287e+02
5.000000e-08	-1.014846e-08	-4.363540e-09	-4.574452e+01	-5.102034e+02
6.000000e-08	-1.014218e-08	-4.360240e-09	-4.571619e+01	-5.096160e+02
7.000000e-08	-1.013472e-08	-4.353504e-09	-4.568257e+01	-5.089665e+02
8.000000e-08	-1.012618e-08	-4.344281e-09	-4.564407e+01	-5.082550e+02
9.000000e-08	-1.011634e-08	-4.352718e-09	-4.559972e+01	-5.074816e+02
1.000000e-07	-1.010472e-08	-4.362358e-09	-4.554736e+01	-5.066463e+02
1.100000e-07	-1.009136e-08	-4.352074e-09	-4.548713e+01	-5.057492e+02
1.200000e-07	-1.007655e-08	-4.338830e-09	-4.542037e+01	-5.047906e+02
1.300000e-07	-1.006031e-08	-4.292838e-09	-4.534717e+01	-5.037704e+02
1.400000e-07	-1.004285e-08	-4.277300e-09	-4.526850e+01	-5.026889e+02
1.500000e-07	-1.002443e-08	-4.305337e-09	-4.518546e+01	-5.015461e+02
1.600000e-07	-1.000495e-08	-4.265498e-09	-4.509765e+01	-5.003421e+02
1.700000e-07	-9.984545e-09	-4.283943e-09	-4.500567e+01	-4.990773e+02
1.800000e-07	-9.963142e-09	-4.315147e-09	-4.490920e+01	-4.977515e+02
1.900000e-07	-9.940548e-09	-4.236775e-09	-4.480735e+01	-4.963652e+02
2.000000e-07	-9.917034e-09	-4.232608e-09	-4.470136e+01	-4.949183e+02
2.100000e-07	-9.892553e-09	-4.246405e-09	-4.459102e+01	-4.934112e+02
2.200000e-07	-9.866740e-09	-4.187932e-09	-4.447467e+01	-4.918439e+02
2.300000e-07	-9.839512e-09	-4.194638e-09	-4.435194e+01	-4.902167e+02
2.400000e-07	-9.810963e-09	-4.200080e-09	-4.422325e+01	-4.885297e+02
2.500000e-07	-9.781283e-09	-4.183612e-09	-4.408947e+01	-4.867833e+02
2.600000e-07	-9.750609e-09	-4.189138e-09	-4.395121e+01	-4.849775e+02
2.700000e-07	-9.718879e-09	-4.141587e-09	-4.380818e+01	-4.831126e+02
2.800000e-07	-9.686036e-09	-4.100034e-09	-4.366014e+01	-4.811888e+02
2.900000e-07	-9.651927e-09	-4.085448e-09	-4.350640e+01	-4.792064e+02
3.000000e-07	-9.616454e-09	-4.081410e-09	-4.334650e+01	-4.771656e+02
3.100000e-07	-9.579736e-09	-4.086324e-09	-4.318100e+01	-4.750666e+02
3.200000e-07	-9.541808e-09	-4.068390e-09	-4.301004e+01	-4.729098e+02
3.300000e-07	-9.502748e-09	-4.035427e-09	-4.283398e+01	-4.706953e+02
3.400000e-07	-9.462677e-09	-4.008392e-09	-4.265335e+01	-4.684235e+02
3.500000e-07	-9.421571e-09	-3.995899e-09	-4.246807e+01	-4.660946e+02
3.600000e-07	-9.379176e-09	-3.974517e-09	-4.227697e+01	-4.637089e+02
3.700000e-07	-9.335370e-09	-3.938128e-09	-4.207952e+01	-4.612666e+02
3.800000e-07	-9.290364e-09	-3.931745e-09	-4.187665e+01	-4.587682e+02
3.900000e-07	-9.244267e-09	-3.920711e-09	-4.166887e+01	-4.562139e+02
4.000000e-07	-9.197081e-09	-3.900190e-09	-4.145618e+01	-4.536039e+02
4.100000e-07	-9.148808e-09	-3.873025e-09	-4.123859e+01	-4.509387e+02
4.200000e-07	-9.099292e-09	-3.827117e-09	-4.101540e+01	-4.482185e+02
4.300000e-07	-9.048371e-09	-3.804579e-09	-4.078587e+01	-4.454437e+02
4.400000e-07	-8.996023e-09	-3.794772e-09	-4.054991e+01	-4.426147e+02
4.500000e-07	-8.942427e-09	-3.778756e-09	-4.030833e+01	-4.397316e+02
4.600000e-07	-8.887763e-09	-3.750932e-09	-4.006193e+01	-4.367950e+02
4.700000e-07	-8.832109e-09	-3.716243e-09	-3.981106e+01	-4.338052e+02
4.800000e-07	-8.775467e-09	-3.690225e-09	-3.955575e+01	-4.307624e+02
4.900000e-07	-8.717732e-09	-3.666485e-09	-3.929551e+01	-4.276672e+02
5.000000e-07	-8.658821e-09	-3.639175e-09	-3.902997e+01	-4.245199e+02
5.100000e-07	-8.598747e-09	-3.608795e-09	-3.875918e+01	-4.213208e+02
5.200000e-07	-8.537654e-09	-3.582602e-09	-3.848381e+01	-4.180704e+02
5.300000e-07	-8.475626e-09	-3.562929e-09	-3.820421e+01	-4.147690e+02
5.400000e-07	-8.412653e-09	-3.533063e-09	-3.792036e+01	-4.114171e+02
5.500000e-07	-8.348772e-09	-3.497560e-09	-3.763242e+01	-4.080150e+02
5.600000e-07	-8.283932e-09	-3.457448e-09	-3.734015e+01	-4.045632e+02
5.700000e-07	-8.218002e-09	-3.425550e-09	-3.704297e+01	-4.010621e+02
5.800000e-07	-8.150894e-09	-3.404136e-09	-3.674048e+01	-3.975121e+02
5.900000e-07	-8.082732e-09	-3.380973e-09	-3.643324e+01	-3.939137e+02
6.000000e-07	-8.013735e-09	-3.350229e-09	-3.612224e+01	-3.902672e+02
6.100000e-07	-7.943900e-09	-3.314553e-09	-3.580745e+01	-3.865732e+02
6.200000e-07	-7.873132e-09	-3.277566e-09	-3.548846e+01	-3.828320e+02
6.300000e-07	-7.801430e-09	-3.244287e-09	-3.516526e+01	-3.790442e+02
6.400000e-07	-7.728817e-09	-3.211591e-09	-3.483796e+01	-3.752102e+02
6.500000e-07	-7.655217e-09	-3.179850e-09	-3.450621e+01	-3.713305e+02
6.600000e-07	-7.580494e-09	-3.146800e-09	-3.416939e+01	-3.674055e+02
6.700000e-07	-7.504593e-09	-3.114634e-09	-3.382727e+01	-3.634357e+02
6.800000e-07	-7.427619e-09	-3.083053e-09	-3.348031e+01	-3.594216e+02
6.900000e-07	-7.349660e-09	-3.047585e-09	-3.312890e+01	-3.553636e+02
7.000000e-07	-7.270646e-09	-3.007105e-09	-3.277275e+01	-3.512624e+02
7.100000e-07	-7.190552e-09	-2.964654e-09	-3.241172e+01	-3.471184e+02
7.200000e-07	-7.109436e-09	-2.928333e-09	-3.204609e+01	-3.429320e+02
7.300000e-07	-7.027392e-09	-2.896536e-09	-3.167628e+01	-3.387038e+02
7.400000e-07	-6.944583e-09	-2.863645e-09	-3.130301e+01	-3.344343e+02
7.500000e-07	-6.861107e-09	-2.825679e-09	-3.092674e+01	-3.301241e+02
7.600000e-07	-6.776943e-09	-2.783213e-09	-3.054737e+01	-3.257736e+02
7.700000e-07	-6.692049e-09	-2.743063e-09	-3.016471e+01	-3.213834e+02
7.800000e-07	-6.606470e-09	-2.706036e-09	-2.977896e+01	-3.169540e+02
7.900000e-07	-6.520260e-09	-2.667760e-09	-2.939036e+01	-3.124860e+02
8.000000e-07	-6.433359e-09	-2.627303e-09	-2.899865e+01	-3.079799e+02
8.100000e-07	-6.345712e-09	-2.586618e-09	-2.860358e+01	-3.034362e+02
8.200000e-07	-6.257301e-09	-2.548368e-09	-2.820507e+01	-2.988555e+02
8.300000e-07	-6.168144e-09	-2.509206e-09	-2.780319e+01	-2.942384e+02
8.400000e-07	-6.078244e-09	-2.468422e-09	-2.739797e+01	-2.895854e+02
8.500000e-07	-5.987542e-09	-2.424988e-09	-2.698913e+01	-2.848971e+02
8.600000e-07	-5.896006e-09	-2.383524e-09	-2.657653e+01	-2.801740e+02
8.700000e-07	-5.803684e-09	-2.344480e-09	-2.616038e+01	-2.754168e+02
8.800000e-07	-5.710700e-09	-2.304546e-09	-2.574125e+01	-2.706260e+02
8.900000e-07	-5.617144e-09	-2.259751e-09	-2.531955e+01	-2.658022e+02
9.000000e-07	-5.523020e-09	-2.212762e-09	-2.489528e+01	-2.609459e+02
9.100000e-07	-5.428271e-09	-2.167430e-09	-2.446820e+01	-2.560579e+02
9.200000e-07	-5.332866e-09	-2.126664e-09	-2.403816e+01	-2.511386e+02
9.300000e-07	-5.236839e-09	-2.088202e-09	-2.360531e+01	-2.461887e+02
9.400000e-07	-5.140181e-09	-2.046746e-09	-2.316963e+01	-2.412087e+02
9.500000e-07	-5.042859e-09	-2.001891e-09	-2.273095e+01	-2.361994e+02
9.600000e-07	-4.944896e-09	-1.955663e-09	-2.228937e+01	-2.311612e+02
9.700000e-07	-4.846304e-09	-1.908110e-09	-2.184497e+01	-2.260948e+02
9.800000e-07	-4.747069e-09	-1.859009e-09	-2.139767e+01	-2.210008e+02
9.900000e-07	-4.647187e-09	-1.810100e-09	-2.094745e+01	-2.158799e+02
1.000000e-06	-4.546685e-09	-1.766737e-09	-2.049443e+01	-2.107326e+02
1.010000e-06	-4.445630e-09	-1.727385e-09	-2.003892e+01	-2.055596e+02
1.020000e-06	-4.344095e-09	-1.686105e-09	-1.958125e+01	-2.003616e+02
1.030000e-06	-4.242097e-09	-1.639357e-09	-1.912149e+01	-1.951390e+02
1.040000e-06	-4.139609e-09	-1.589323e-09	-1.865952e+01	-1.898927e+02
1.050000e-06	-4.036627e-09	-1.541462e-09	-1.819533e+01	-1.846232e+02
1.060000e-06	-3.933165e-09	-1.496905e-09	-1.772897e+01	-1.793311e+02
1.070000e-06	-3.829214e-09	-1.453264e-09	-1.726041e+01	-1.740172e+02
1.080000e-06	-3.724770e-09	-1.409175e-09	-1.678963e+01	-1.686820e+02
1.090000e-06	-3.619836e-09	-1.364528e-09	-1.631663e+01	-1.633263e+02
1.100000e-06	-3.514417e-09	-1.318885e-09	-1.584145e+01	-1.579505e+02
1.110000e-06	-3.408542e-09	-1.273599e-09	-1.536422e+01	-1.525555e+02
1.120000e-06	-3.302258e-09	-1.226889e-09	-1.488514e+01	-1.471419e+02
1.130000e-06	-3.195575e-09	-1.178151e-09	-1.440426e+01	-1.417103e+02
1.140000e-06	-3.088460e-09	-1.130008e-09	-1.392144e+01	-1.362614e+02
1.150000e-06	-2.980925e-09	-1.084536e-09	-1.343673e+01	-1.307958e+02
1.160000e-06	-2.873015e-09	-1.038752e-09	-1.295032e+01	-1.253142e+02
1.170000e-06	-2.764727e-09	-9.914523e-10	-1.246221e+01	-1.198174e+02
1.180000e-06	-2.656075e-09	-9.429578e-10	-1.197245e+01	-1.143059e+02
1.190000e-06	-2.547097e-09	-8.940441e-10	-1.148123e+01	-1.087804e+02
1.200000e-06	-2.437838e-09	-8.462445e-10	-1.098874e+01	-1.032416e+02
1.210000e-06	-2.328331e-09	-8.003232e-10	-1.049514e+01	-9.769018e+01
1.220000e-06	-2.218595e-09	-7.536618e-10	-1.000050e+01	-9.212682e+01
1.230000e-06	-2.108660e-09	-7.064043e-10	-9.504963e+00	-8.655217e+01
1.240000e-06	-1.998530e-09	-6.597679e-10	-9.008548e+00	-8.096693e+01
1.250000e-06	-1.888206e-09	-6.133232e-10	-8.511259e+00	-7.537178e+01
1.260000e-06	-1.777696e-09	-5.655184e-10	-8.013134e+00	-6.976739e+01
1.270000e-06	-1.667009e-09	-5.166879e-10	-7.514207e+00	-6.415444e+01
1.280000e-06	-1.556148e-09	-4.687151e-10	-7.014498e+00	-5.853363e+01
1.290000e-06	-1.445116e-09	-4.215106e-10	-6.514017e+00	-5.290563e+01
1.300000e-06	-1.333934e-09	-3.744410e-10	-6.012860e+00	-4.727113e+01
1.310000e-06	-1.222607e-09	-3.261313e-10	-5.511052e+00	-4.163081e+01
1.320000e-06	-1.111121e-09	-2.761416e-10	-5.008525e+00	-3.598537e+01
1.330000e-06	-9.994904e-10	-2.264085e-10	-4.505347e+00	-3.033548e+01
1.340000e-06	-8.877529e-10	-1.773551e-10	-4.001686e+00	-2.468184e+01
1.350000e-06	-7.759183e-10	-1.272804e-10	-3.497589e+00	-1.902514e+01
1.360000e-06	-6.639747e-10	-7.618821e-11	-2.992999e+00	-1.336606e+01
1.370000e-06	-5.519357e-10	-2.710877e-11	-2.487980e+00	-7.705299e+00
1.380000e-06	-4.398273e-10	1.769096e-11	-1.982648e+00	-2.043535e+00
1.390000e-06	-3.276616e-10	6.053471e-11	-1.477058e+00	3.618537e+00
1.400000e-06	-2.154527e-10	1.056963e-10	-9.712732e-01	9.280230e+00
1.410000e-06	-1.032071e-10	1.545698e-10	-4.653230e-01	1.494085e+01
1.420000e-06	9.076651e-12	2.037701e-10	4.079929e-02	2.059972e+01
1.430000e-06	1.213616e-10	2.514304e-10	5.469271e-01	2.625613e+01
1.440000e-06	2.336116e-10	2.985337e-10	1.052897e+00	3.190941e+01
1.450000e-06	3.458379e-10	3.460766e-10	1.558760e+00	3.755887e+01
1.460000e-06	4.580470e-10	3.939964e-10	2.064547e+00	4.320381e+01
1.470000e-06	5.701926e-10	4.418048e-10	2.570046e+00	4.884356e+01
1.480000e-06	6.822460e-10	4.888813e-10	3.075131e+00	5.447742e+01
1.490000e-06	7.942190e-10	5.362327e-10	3.579852e+00	6.010471e+01
1.500000e-06	9.060969e-10	5.844434e-10	4.084146e+00	6.572474e+01
1.510000e-06	1.017862e-09	6.327471e-10	4.587932e+00	7.133683e+01
1.520000e-06	1.129495e-09	6.798238e-10	5.091119e+00	7.694030e+01
1.530000e-06	1.240979e-09	7.248912e-10	5.593640e+00	8.253446e+01
1.540000e-06	1.352314e-09	7.691615e-10	6.095485e+00	8.811863e+01
1.550000e-06	1.463474e-09	8.149132e-10	6.596545e+00	9.369214e+01
1.560000e-06	1.574437e-09	8.617921e-10	7.096712e+00	9.925430e+01
1.570000e-06	1.685223e-09	9.081776e-10	7.596085e+00	1.048044e+02
1.580000e-06	1.795832e-09	9.544861e-10	8.094659e+00	1.103419e+02
1.590000e-06	1.906235e-09	1.001909e-09	8.592304e+00	1.158660e+02
1.600000e-06	2.016422e-09	1.050545e-09	9.088974e+00	1.213760e+02
1.610000e-06	2.126389e-09	1.098982e-09	9.584657e+00	1.268713e+02
1.620000e-06	2.236145e-09	1.145500e-09	1.007938e+01	1.323512e+02
1.630000e-06	2.345665e-09	1.189401e-09	1.057305e+01	1.378151e+02
1.640000e-06	2.454928e-09	1.233387e-09	1.106556e+01	1.432622e+02
1.650000e-06	2.563905e-09	1.278171e-09	1.155678e+01	1.486920e+02
1.660000e-06	2.672572e-09	1.323049e-09	1.204660e+01	1.541038e+02
1.670000e-06	2.780914e-09	1.368832e-09	1.253495e+01	1.594968e+02
1.680000e-06	2.888883e-09	1.415170e-09	1.302162e+01	1.648705e+02
1.690000e-06	2.996458e-09	1.461309e-09	1.350652e+01	1.702242e+02
1.700000e-06	3.103638e-09	1.505698e-09	1.398964e+01	1.755572e+02
1.710000e-06	3.210409e-09	1.548468e-09	1.447091e+01	1.808689e+02
1.720000e-06	3.316787e-09	1.590607e-09	1.495042e+01	1.861586e+02
1.730000e-06	3.422767e-09	1.633126e-09	1.542812e+01	1.914257e+02
1.740000e-06	3.528302e-09	1.677204e-09	1.590383e+01	1.966696e+02
1.750000e-06	3.633363e-09	1.721208e-09	1.637739e+01	2.018897e+02
1.760000e-06	3.737942e-09	1.764116e-09	1.684879e+01	2.070852e+02
1.770000e-06	3.842042e-09	1.806599e-09	1.731802e+01	2.122555e+02
1.780000e-06	3.945690e-09	1.849675e-09	1.778521e+01	2.174001e+02
1.790000e-06	4.048891e-09	1.892890e-09	1.825040e+01	2.225183e+02
1.800000e-06	4.151637e-09	1.934914e-09	1.871353e+01	2.276094e+02
1.810000e-06	4.253917e-09	1.976405e-09	1.917456e+01	2.326729e+02
1.820000e-06	4.355730e-09	2.017981e-09	1.963349e+01	2.377081e+02
1.830000e-06	4.457090e-09	2.059070e-09	2.009037e+01	2.427145e+02
1.840000e-06	4.557955e-09	2.099582e-09	2.054502e+01	2.476913e+02
1.850000e-06	4.658245e-09	2.139115e-09	2.099709e+01	2.526381e+02
1.860000e-06	4.757923e-09	2.177865e-09	2.144639e+01	2.575542e+02
1.870000e-06	4.856973e-09	2.216852e-09	2.189286e+01	2.624390e+02
1.880000e-06	4.955370e-09	2.256749e-09	2.233639e+01	2.672919e+02
1.890000e-06	5.053090e-09	2.297281e-09	2.277687e+01	2.721123e+02
1.900000e-06	5.150120e-09	2.337527e-09	2.321423e+01	2.768997e+02
1.910000e-06	5.246460e-09	2.375615e-09	2.364849e+01	2.816534e+02
1.920000e-06	5.342151e-09	2.412489e-09	2.407982e+01	2.863729e+02
1.930000e-06	5.437222e-09	2.449473e-09	2.450836e+01	2.910576e+02
1.940000e-06	5.531689e-09	2.486305e-09	2.493417e+01	2.957069e+02
1.950000e-06	5.625546e-09	2.522693e-09	2.535723e+01	3.003202e+02
1.960000e-06	5.718795e-09	2.556931e-09	2.577756e+01	3.048971e+02
1.970000e-06	5.811413e-09	2.592332e-09	2.619504e+01	3.094369e+02
1.980000e-06	5.903314e-09	2.629379e-09	2.660928e+01	3.139391e+02
1.990000e-06	5.994422e-09	2.667459e-09	2.701996e+01	3.184032e+02
2.000000e-06	6.084703e-09	2.705263e-09	2.742690e+01	3.228286e+02
2.010000e-06	6.174163e-09	2.739942e-09	2.783015e+01	3.272147e+02
2.020000e-06	6.262829e-09	2.772153e-09	2.822981e+01	3.315610e+02
2.030000e-06	6.350739e-09	2.803411e-09	2.862607e+01	3.358671e+02
2.040000e-06	6.437940e-09	2.835761e-09	2.901913e+01	3.401323e+02
2.050000e-06	6.524436e-09	2.868650e-09	2.940901e+01	3.443561e+02
2.060000e-06	6.610228e-09	2.900743e-09	2.979572e+01	3.485382e+02
2.070000e-06	6.695335e-09	2.933283e-09	3.017935e+01	3.526778e+02
2.080000e-06	6.779743e-09	2.968804e-09	3.055982e+01	3.567746e+02
2.090000e-06	6.863403e-09	3.006456e-09	3.093692e+01	3.608280e+02
2.100000e-06	6.946284e-09	3.040654e-09	3.131051e+01	3.648375e+02
2.110000e-06	7.028344e-09	3.068797e-09	3.168040e+01	3.688027e+02
2.120000e-06	7.109538e-09	3.094336e-09	3.204638e+01	3.727230e+02
2.130000e-06	7.189858e-09	3.121950e-09	3.240843e+01	3.765981e+02
2.140000e-06	7.269270e-09	3.152654e-09	3.276638e+01	3.804273e+02
2.150000e-06	7.347768e-09	3.183529e-09	3.312022e+01	3.842103e+02
2.160000e-06	7.425387e-09	3.213079e-09	3.347009e+01	3.879466e+02
2.170000e-06	7.502116e-09	3.242719e-09	3.381595e+01	3.916357e+02
2.180000e-06	7.577843e-09	3.273332e-09	3.415729e+01	3.952772e+02
2.190000e-06	7.652440e-09	3.302497e-09	3.449354e+01	3.988707e+02
2.200000e-06	7.725931e-09	3.328266e-09	3.482480e+01	4.024156e+02
2.210000e-06	7.798428e-09	3.352244e-09	3.515159e+01	4.059116e+02
2.220000e-06	7.870002e-09	3.378219e-09	3.547421e+01	4.093583e+02
2.230000e-06	7.940673e-09	3.408485e-09	3.579276e+01	4.127552e+02
2.240000e-06	8.010428e-09	3.439336e-09	3.610718e+01	4.161019e+02
2.250000e-06	8.079302e-09	3.465953e-09	3.641764e+01	4.193981e+02
2.260000e-06	8.147261e-09	3.489523e-09	3.672397e+01	4.226432e+02
2.270000e-06	8.214140e-09	3.513324e-09	3.702543e+01	4.258369e+02
2.280000e-06	8.279862e-09	3.539492e-09	3.732167e+01	4.289789e+02
2.290000e-06	8.344524e-09	3.566689e-09	3.761314e+01	4.320687e+02
2.300000e-06	8.408246e-09	3.591782e-09	3.790037e+01	4.351059e+02
2.310000e-06	8.471041e-09	3.614362e-09	3.818342e+01	4.380903e+02
2.320000e-06	8.532892e-09	3.635925e-09	3.846221e+01	4.410214e+02
2.330000e-06	8.593860e-09	3.657836e-09	3.873703e+01	4.438988e+02
2.340000e-06	8.653920e-09	3.679485e-09	3.900775e+01	4.467223e+02
2.350000e-06	8.712835e-09	3.700122e-09	3.927332e+01	4.494915e+02
2.360000e-06	8.770471e-09	3.721391e-09	3.953311e+01	4.522060e+02
2.370000e-06	8.826961e-09	3.744783e-09	3.978774e+01	4.548655e+02
2.380000e-06	8.882454e-09	3.769059e-09	4.003788e+01	4.574697e+02
2.390000e-06	8.936943e-09	3.790550e-09	4.028349e+01	4.600182e+02
2.400000e-06	8.990358e-09	3.808578e-09	4.052427e+01	4.625109e+02
2.410000e-06	9.042577e-09	3.826286e-09	4.075964e+01	4.649472e+02
2.420000e-06	9.093410e-09	3.845090e-09	4.098878e+01	4.673271e+02
2.430000e-06	9.142866e-09	3.864752e-09	4.121170e+01	4.696501e+02
2.440000e-06	9.191159e-09	3.884118e-09	4.142939e+01	4.719160e+02
2.450000e-06	9.238418e-09	3.902700e-09	4.164241e+01	4.741245e+02
2.460000e-06	9.284652e-09	3.921188e-09	4.185081e+01	4.762754e+02
2.470000e-06	9.329905e-09	3.940661e-09	4.205479e+01	4.783683e+02
2.480000e-06	9.374195e-09	3.960331e-09	4.225443e+01	4.804031e+02
2.490000e-06	9.417322e-09	3.977253e-09	4.244883e+01	4.823794e+02
2.500000e-06	9.459096e-09	3.991404e-09	4.263713e+01	4.842971e+02
2.510000e-06	9.499664e-09	4.004749e-09	4.281999e+01	4.861559e+02
2.520000e-06	9.539176e-09	4.018914e-09	4.299809e+01	4.879556e+02
2.530000e-06	9.577605e-09	4.034133e-09	4.317132e+01	4.896959e+02
2.540000e-06	9.614987e-09	4.048954e-09	4.333982e+01	4.913767e+02
2.550000e-06	9.651365e-09	4.063707e-09	4.350379e+01	4.929977e+02
2.560000e-06	9.686551e-09	4.079269e-09	4.366239e+01	4.945588e+02
2.570000e-06	9.720367e-09	4.094853e-09	4.381483e+01	4.960597e+02
2.580000e-06	9.752950e-09	4.108572e-09	4.396169e+01	4.975003e+02
2.590000e-06	9.784434e-09	4.120044e-09	4.410361e+01	4.988803e+02
2.600000e-06	9.814820e-09	4.130752e-09	4.424058e+01	5.001998e+02
2.610000e-06	9.844149e-09	4.141751e-09	4.437278e+01	5.014583e+02
2.620000e-06	9.872440e-09	4.154034e-09	4.450030e+01	5.026559e+02
2.630000e-06	9.899465e-09	4.165966e-09	4.462212e+01	5.037924e+02
2.640000e-06	9.925038e-09	4.175660e-09	4.473739e+01	5.048676e+02
2.650000e-06	9.949307e-09	4.184009e-09	4.484679e+01	5.058814e+02
2.660000e-06	9.972401e-09	4.191624e-09	4.495089e+01	5.068337e+02
2.670000e-06	9.994349e-09	4.199705e-09	4.504982e+01	5.077243e+02
2.680000e-06	1.001527e-08	4.208150e-09	4.514412e+01	5.085532e+02
2.690000e-06	1.003519e-08	4.214377e-09	4.523393e+01	5.093203e+02
2.700000e-06	1.005395e-08	4.220459e-09	4.531847e+01	5.100254e+02
2.710000e-06	1.007145e-08	4.227227e-09	4.539735e+01	5.106684e+02
2.720000e-06	1.008765e-08	4.234109e-09	4.547038e+01	5.112494e+02
2.730000e-06	1.010251e-08	4.240492e-09	4.553736e+01	5.117682e+02
2.740000e-06	1.011610e-08	4.246220e-09	4.559863e+01	5.122247e+02
2.750000e-06	1.012842e-08	4.252676e-09	4.565415e+01	5.126190e+02
2.760000e-06	1.013926e-08	4.258740e-09	4.570302e+01	5.129509e+02
2.770000e-06	1.014862e-08	4.263629e-09	4.574523e+01	5.132204e+02
2.780000e-06	1.015679e-08	4.265298e-09	4.578203e+01	5.134276e+02
2.790000e-06	1.016382e-08	4.265242e-09	4.581375e+01	5.135722e+02
2.800000e-06	1.016969e-08	4.266845e-09	4.584017e+01	5.136544e+02
2.810000e-06	1.017448e-08	4.270056e-09	4.586179e+01	5.136742e+02
2.820000e-06	1.017815e-08	4.273413e-09	4.587833e+01	5.136314e+02
2.830000e-06	1.018040e-08	4.275603e-09	4.588849e+01	5.135262e+02
2.840000e-06	1.018131e-08	4.276505e-09	4.589258e+01	5.133586e+02
2.850000e-06	1.018111e-08	4.275603e-09	4.589165e+01	5.131285e+02
2.860000e-06	1.017981e-08	4.271751e-09	4.588580e+01	5.128360e+02
2.870000e-06	1.017744e-08	4.267549e-09	4.587511e+01	5.124811e+02
2.880000e-06	1.017409e-08	4.263076e-09	4.586005e+01	5.120639e+02
2.890000e-06	1.016964e-08	4.259367e-09	4.583996e+01	5.115845e+02
2.900000e-06	1.016378e-08	4.258549e-09	4.581358e+01	5.110428e+02
2.910000e-06	1.015668e-08	4.261361e-09	4.578154e+01	5.104390e+02
2.920000e-06	1.014856e-08	4.267054e-09	4.574497e+01	5.097730e+02
2.930000e-06	1.013945e-08	4.245650e-09	4.570388e+01	5.090451e+02
2.940000e-06	1.012907e-08	4.214882e-09	4.565709e+01	5.082553e+02
2.950000e-06	1.011679e-08	4.206853e-09	4.560176e+01	5.074037e+02
2.960000e-06	1.010241e-08	4.208140e-09	4.553694e+01	5.064903e+02
2.970000e-06	1.008661e-08	4.253955e-09	4.546572e+01	5.055154e+02
2.980000e-06	1.007013e-08	4.242711e-09	4.539142e+01	5.044790e+02
2.990000e-06	1.005302e-08	4.210667e-09	4.531430e+01	5.033812e+02
3.000000e-06	1.003484e-08	4.255084e-09	4.523237e+01	5.022222e+02
3.010000e-06	1.001561e-08	4.206749e-09	4.514567e+01	5.010021e+02
3.020000e-06	9.995526e-09	4.186615e-09	4.505517e+01	4.997211e+02
3.030000e-06	9.973966e-09	4.273266e-09	4.495798e+01	4.983793e+02
3.040000e-06	9.950750e-09	4.242606e-09	4.485334e+01	4.969769e+02
3.050000e-06	9.926438e-09	4.231484e-09	4.474375e+01	4.955141e+02
3.060000e-06	9.900896e-09	4.283070e-09	4.462862e+01	4.939910e+02
3.070000e-06	9.874173e-09	4.227198e-09	4.450817e+01	4.924078e+02
3.080000e-06	9.846534e-09	4.229576e-09	4.438358e+01	4.907648e+02
3.090000e-06	9.817519e-09	4.227033e-09	4.425280e+01	4.890621e+02
3.100000e-06	9.786987e-09	4.173745e-09	4.411518e+01	4.872998e+02
3.110000e-06	9.755293e-09	4.222832e-09	4.397231e+01	4.854784e+02
3.120000e-06	9.722525e-09	4.216167e-09	4.382462e+01	4.835978e+02
3.130000e-06	9.688714e-09	4.190673e-09	4.367221e+01	4.816585e+02
3.140000e-06	9.653874e-09	4.187343e-09	4.351517e+01	4.796606e+02
3.150000e-06	9.618022e-09	4.112422e-09	4.335357e+01	4.776044e+02
3.160000e-06	9.580944e-09	4.103191e-09	4.318644e+01	4.754901e+02
3.170000e-06	9.542362e-09	4.109733e-09	4.301253e+01	4.733179e+02
3.180000e-06	9.502511e-09	4.098204e-09	4.283290e+01	4.710882e+02
3.190000e-06	9.461543e-09	4.094791e-09	4.264824e+01	4.688012e+02
3.200000e-06	9.419471e-09	4.055775e-09	4.245860e+01	4.664572e+02
3.210000e-06	9.376439e-09	4.049989e-09	4.226463e+01	4.640565e+02
3.220000e-06	9.332440e-09	4.012295e-09	4.206631e+01	4.615993e+02
3.230000e-06	9.287387e-09	3.979772e-09	4.186323e+01	4.590860e+02
3.240000e-06	9.241048e-09	3.969689e-09	4.165435e+01	4.565169e+02
3.250000e-06	9.193484e-09	3.935657e-09	4.143996e+01	4.538923e+02
3.260000e-06	9.144852e-09	3.950242e-09	4.122075e+01	4.512124e+02
3.270000e-06	9.095002e-09	3.929987e-09	4.099605e+01	4.484777e+02
3.280000e-06	9.043979e-09	3.895654e-09	4.076606e+01	4.456885e+02
3.290000e-06	8.991651e-09	3.866383e-09	4.053020e+01	4.428450e+02
3.300000e-06	8.937933e-09	3.818669e-09	4.028807e+01	4.399477e+02
3.310000e-06	8.883022e-09	3.812120e-09	4.004055e+01	4.369969e+02
3.320000e-06	8.827036e-09	3.793908e-09	3.978820e+01	4.339930e+02
3.330000e-06	8.770074e-09	3.775243e-09	3.953144e+01	4.309363e+02
3.340000e-06	8.712084e-09	3.750596e-09	3.927005e+01	4.278272e+02
3.350000e-06	8.653114e-09	3.712977e-09	3.900424e+01	4.246661e+02
3.360000e-06	8.593180e-09	3.686753e-09	3.873409e+01	4.214533e+02
3.370000e-06	8.532137e-09	3.650502e-09	3.845893e+01	4.181893e+02
3.380000e-06	8.469969e-09	3.626013e-09	3.817871e+01	4.148744e+02
3.390000e-06	8.406700e-09	3.602305e-09	3.789352e+01	4.115091e+02
3.400000e-06	8.342442e-09	3.582881e-09	3.760388e+01	4.080937e+02
3.410000e-06	8.277230e-09	3.566993e-09	3.730994e+01	4.046288e+02
3.420000e-06	8.211083e-09	3.532278e-09	3.701178e+01	4.011146e+02
3.430000e-06	8.144035e-09	3.493098e-09	3.670956e+01	3.975516e+02
3.440000e-06	8.075993e-09	3.451742e-09	3.640286e+01	3.939404e+02
3.450000e-06	8.006873e-09	3.419053e-09	3.609130e+01	3.902812e+02
3.460000e-06	7.936596e-09	3.400099e-09	3.577452e+01	3.865745e+02
3.470000e-06	7.865279e-09	3.376039e-09	3.545306e+01	3.828209e+02
3.480000e-06	7.793080e-09	3.347539e-09	3.512762e+01	3.790207e+02
3.490000e-06	7.720003e-09	3.311843e-09	3.479823e+01	3.751744e+02
3.500000e-06	7.645966e-09	3.275552e-09	3.446450e+01	3.712826e+02
3.510000e-06	7.570875e-09	3.242423e-09	3.412603e+01	3.673455e+02
3.520000e-06	7.494727e-09	3.202285e-09	3.378279e+01	3.633639e+02
3.530000e-06	7.417507e-09	3.167107e-09	3.343472e+01	3.593380e+02
3.540000e-06	7.339243e-09	3.135880e-09	3.308194e+01	3.552685e+02
3.550000e-06	7.259999e-09	3.112255e-09	3.272475e+01	3.511557e+02
3.560000e-06	7.179858e-09	3.083656e-09	3.236352e+01	3.470003e+02
3.570000e-06	7.098914e-09	3.041367e-09	3.199865e+01	3.428027e+02
3.580000e-06	7.017164e-09	2.998012e-09	3.163017e+01	3.385634e+02
3.590000e-06	6.934649e-09	2.957353e-09	3.125823e+01	3.342829e+02
3.600000e-06	6.851362e-09	2.928140e-09	3.088281e+01	3.299619e+02
3.610000e-06	6.767260e-09	2.896421e-09	3.050372e+01	3.256007e+02
3.620000e-06	6.682334e-09	2.859447e-09	3.012091e+01	3.211999e+02
3.630000e-06	6.596508e-09	2.819930e-09	2.973405e+01	3.167601e+02
3.640000e-06	6.509762e-09	2.780231e-09	2.934304e+01	3.122817e+02
3.650000e-06	6.422173e-09	2.743464e-09	2.894823e+01	3.077655e+02
3.660000e-06	6.333871e-09	2.702859e-09	2.855021e+01	3.032118e+02
3.670000e-06	6.244906e-09	2.661742e-09	2.814920e+01	2.986212e+02
3.680000e-06	6.155275e-09	2.622258e-09	2.774518e+01	2.939944e+02
3.690000e-06	6.065016e-09	2.585817e-09	2.733834e+01	2.893318e+02
3.700000e-06	5.974117e-09	2.548794e-09	2.692861e+01	2.846340e+02
3.710000e-06	5.882507e-09	2.506918e-09	2.651567e+01	2.799017e+02
3.720000e-06	5.790154e-09	2.463795e-09	2.609939e+01	2.751354e+02
3.730000e-06	5.697106e-09	2.422400e-09	2.567997e+01	2.703356e+02
3.740000e-06	5.603368e-09	2.385711e-09	2.525745e+01	2.655029e+02
3.750000e-06	5.508916e-09	2.350811e-09	2.483171e+01	2.606380e+02
3.760000e-06	5.413766e-09	2.312134e-09	2.440281e+01	2.557414e+02
3.770000e-06	5.317930e-09	2.270017e-09	2.397083e+01	2.508138e+02
3.780000e-06	5.221444e-09	2.227080e-09	2.353592e+01	2.458556e+02
3.790000e-06	5.124378e-09	2.185403e-09	2.309839e+01	2.408676e+02
3.800000e-06	5.026788e-09	2.144115e-09	2.265850e+01	2.358503e+02
3.810000e-06	4.928702e-09	2.101825e-09	2.221637e+01	2.308044e+02
3.820000e-06	4.830083e-09	2.058789e-09	2.177185e+01	2.257304e+02
3.830000e-06	4.730891e-09	2.015820e-09	2.132473e+01	2.206290e+02
3.840000e-06	4.631128e-09	1.974387e-09	2.087505e+01	2.155008e+02
3.850000e-06	4.530789e-09	1.933719e-09	2.042277e+01	2.103465e+02
3.860000e-06	4.429878e-09	1.893418e-09	1.996791e+01	2.051665e+02
3.870000e-06	4.328371e-09	1.852274e-09	1.951037e+01	1.999617e+02
3.880000e-06	4.226228e-09	1.809493e-09	1.904996e+01	1.947325e+02
3.890000e-06	4.123471e-09	1.765861e-09	1.858678e+01	1.894798e+02
3.900000e-06	4.020154e-09	1.721593e-09	1.812107e+01	1.842040e+02
3.910000e-06	3.916316e-09	1.677963e-09	1.765302e+01	1.789058e+02
3.920000e-06	3.811978e-09	1.634839e-09	1.718271e+01	1.735859e+02
3.930000e-06	3.707188e-09	1.591520e-09	1.671037e+01	1.682449e+02
3.940000e-06	3.601991e-09	1.547214e-09	1.623619e+01	1.628835e+02
3.950000e-06	3.496418e-09	1.501932e-09	1.576032e+01	1.575024e+02
3.960000e-06	3.390489e-09	1.456794e-09	1.528284e+01	1.521021e+02
3.970000e-06	3.284189e-09	1.411802e-09	1.480369e+01	1.466833e+02
3.980000e-06	3.177527e-09	1.365363e-09	1.432290e+01	1.412468e+02
3.990000e-06	3.070529e-09	1.318243e-09	1.384061e+01	1.357931e+02
4.000000e-06	2.963215e-09	1.271153e-09	1.335689e+01	1.303229e+02
4.010000e-06	2.855584e-09	1.225391e-09	1.287173e+01	1.248369e+02
4.020000e-06	2.747644e-09	1.180379e-09	1.238519e+01	1.193358e+02
4.030000e-06	2.639416e-09	1.134672e-09	1.189735e+01	1.138202e+02
4.040000e-06	2.530924e-09	1.087735e-09	1.140832e+01	1.082908e+02
4.050000e-06	2.422180e-09	1.040140e-09	1.091816e+01	1.027483e+02
4.060000e-06	2.313176e-09	9.942184e-10	1.042682e+01	9.719331e+01
4.070000e-06	2.203890e-09	9.479338e-10	9.934207e+00	9.162655e+01
4.080000e-06	2.094352e-09	8.994649e-10	9.440461e+00	8.604870e+01
4.090000e-06	1.984568e-09	8.492611e-10	8.945607e+00	8.046042e+01
4.100000e-06	1.874536e-09	8.016825e-10	8.449635e+00	7.486240e+01
4.110000e-06	1.764285e-09	7.569488e-10	7.952673e+00	6.925532e+01
4.120000e-06	1.653794e-09	7.115844e-10	7.454635e+00	6.363986e+01
4.130000e-06	1.543082e-09	6.624338e-10	6.955597e+00	5.801672e+01
4.140000e-06	1.432188e-09	6.087990e-10	6.455738e+00	5.238656e+01
4.150000e-06	1.321125e-09	5.558723e-10	5.955120e+00	4.675008e+01
4.160000e-06	1.209899e-09	5.061600e-10	5.453765e+00	4.110796e+01
4.170000e-06	1.098526e-09	4.571380e-10	4.951748e+00	3.546089e+01
4.180000e-06	9.870061e-10	4.078284e-10	4.449070e+00	2.980955e+01
4.190000e-06	8.753442e-10	3.587249e-10	3.945750e+00	2.415464e+01
4.200000e-06	7.635811e-10	3.096408e-10	3.441976e+00	1.849685e+01
4.210000e-06	6.517331e-10	2.595632e-10	2.937818e+00	1.283685e+01
4.220000e-06	5.397831e-10	2.081009e-10	2.433200e+00	7.175345e+00
4.230000e-06	4.277535e-10	1.557206e-10	1.928224e+00	1.513020e+00
4.240000e-06	3.156703e-10	1.047376e-10	1.423006e+00	-4.149437e+00
4.250000e-06	2.035431e-10	5.620179e-11	9.175900e-01	-9.811335e+00
4.260000e-06	9.138731e-11	7.797530e-12	4.120447e-01	-1.547199e+01
4.270000e-06	-2.077874e-11	-4.090603e-11	-9.354695e-02	-2.113070e+01
4.280000e-06	-1.329185e-10	-9.140982e-11	-5.990200e-01	-2.678679e+01
4.290000e-06	-2.450216e-10	-1.439669e-10	-1.104327e+00	-3.243957e+01
4.300000e-06	-3.570965e-10	-1.959274e-10	-1.609508e+00	-3.808834e+01
4.310000e-06	-4.691128e-10	-2.468448e-10	-2.114424e+00	-4.373243e+01
4.320000e-06	-5.810441e-10	-2.984561e-10	-2.618958e+00	-4.937114e+01
4.330000e-06	-6.929056e-10	-3.500328e-10	-3.123176e+00	-5.500378e+01
4.340000e-06	-8.046644e-10	-3.990901e-10	-3.626933e+00	-6.062968e+01
4.350000e-06	-9.162906e-10	-4.469662e-10	-4.130090e+00	-6.624815e+01
4.360000e-06	-1.027787e-09	-4.952828e-10	-4.632665e+00	-7.185850e+01
4.370000e-06	-1.139126e-09	-5.447643e-10	-5.134527e+00	-7.746004e+01
4.380000e-06	-1.250284e-09	-5.944754e-10	-5.635575e+00	-8.305211e+01
4.390000e-06	-1.361267e-09	-6.436185e-10	-6.135833e+00	-8.863402e+01
4.400000e-06	-1.472059e-09	-6.935802e-10	-6.635232e+00	-9.420508e+01
4.410000e-06	-1.582631e-09	-7.442745e-10	-7.133640e+00	-9.976462e+01
4.420000e-06	-1.692970e-09	-7.952478e-10	-7.630996e+00	-1.053120e+02
4.430000e-06	-1.803047e-09	-8.458255e-10	-8.127168e+00	-1.108464e+02
4.440000e-06	-1.912849e-09	-8.966655e-10	-8.622105e+00	-1.163674e+02
4.450000e-06	-2.022393e-09	-9.477942e-10	-9.115877e+00	-1.218741e+02
4.460000e-06	-2.131687e-09	-9.986312e-10	-9.608524e+00	-1.273659e+02
4.470000e-06	-2.240726e-09	-1.047943e-09	-1.010002e+01	-1.328422e+02
4.480000e-06	-2.349511e-09	-1.094817e-09	-1.059037e+01	-1.383022e+02
4.490000e-06	-2.458046e-09	-1.143393e-09	-1.107960e+01	-1.437454e+02
4.500000e-06	-2.566316e-09	-1.195960e-09	-1.156763e+01	-1.491710e+02
4.510000e-06	-2.674310e-09	-1.249335e-09	-1.205442e+01	-1.545784e+02
4.520000e-06	-2.782027e-09	-1.301284e-09	-1.253996e+01	-1.599669e+02
4.530000e-06	-2.889455e-09	-1.348843e-09	-1.302419e+01	-1.653359e+02
4.540000e-06	-2.996586e-09	-1.395093e-09	-1.350709e+01	-1.706847e+02
4.550000e-06	-3.103401e-09	-1.441761e-09	-1.398856e+01	-1.760127e+02
4.560000e-06	-3.209871e-09	-1.489508e-09	-1.446848e+01	-1.813192e+02
4.570000e-06	-3.315997e-09	-1.538440e-09	-1.494685e+01	-1.866036e+02
4.580000e-06	-3.421782e-09	-1.589572e-09	-1.542368e+01	-1.918652e+02
4.590000e-06	-3.527199e-09	-1.643280e-09	-1.589885e+01	-1.971035e+02
4.600000e-06	-3.632224e-09	-1.695630e-09	-1.637225e+01	-2.023176e+02
4.610000e-06	-3.736849e-09	-1.743948e-09	-1.684385e+01	-2.075071e+02
4.620000e-06	-3.841049e-09	-1.788945e-09	-1.731354e+01	-2.126713e+02
4.630000e-06	-3.944781e-09	-1.833642e-09	-1.778111e+01	-2.178095e+02
4.640000e-06	-4.048004e-09	-1.880876e-09	-1.824640e+01	-2.229212e+02
4.650000e-06	-4.150673e-09	-1.930194e-09	-1.870918e+01	-2.280057e+02
4.660000e-06	-4.252768e-09	-1.979950e-09	-1.916938e+01	-2.330624e+02
4.670000e-06	-4.354273e-09	-2.030111e-09	-1.962691e+01	-2.380906e+02
4.680000e-06	-4.455191e-09	-2.079527e-09	-2.008180e+01	-2.430899e+02
4.690000e-06	-4.555530e-09	-2.127621e-09	-2.053409e+01	-2.480595e+02
4.700000e-06	-4.655271e-09	-2.173606e-09	-2.098367e+01	-2.529988e+02
4.710000e-06	-4.754443e-09	-2.218103e-09	-2.143070e+01	-2.579073e+02
4.720000e-06	-4.853065e-09	-2.261365e-09	-2.187524e+01	-2.627843e+02
4.730000e-06	-4.951138e-09	-2.305422e-09	-2.231730e+01	-2.676293e+02
4.740000e-06	-5.048673e-09	-2.351724e-09	-2.275695e+01	-2.724417e+02
4.750000e-06	-5.145668e-09	-2.399402e-09	-2.319416e+01	-2.772208e+02
4.760000e-06	-5.242126e-09	-2.446983e-09	-2.362895e+01	-2.819662e+02
4.770000e-06	-5.338047e-09	-2.493000e-09	-2.406131e+01	-2.866772e+02
4.780000e-06	-5.433383e-09	-2.537996e-09	-2.449105e+01	-2.913532e+02
4.790000e-06	-5.528027e-09	-2.582357e-09	-2.491766e+01	-2.959937e+02
4.800000e-06	-5.621922e-09	-2.625376e-09	-2.534089e+01	-3.005981e+02
4.810000e-06	-5.715066e-09	-2.666738e-09	-2.576074e+01	-3.051659e+02
4.820000e-06	-5.807445e-09	-2.706792e-09	-2.617714e+01	-3.096965e+02
4.830000e-06	-5.899062e-09	-2.747682e-09	-2.659011e+01	-3.141894e+02
4.840000e-06	-5.989928e-09	-2.790254e-09	-2.699969e+01	-3.186439e+02
4.850000e-06	-6.080074e-09	-2.833360e-09	-2.740603e+01	-3.230596e+02
4.860000e-06	-6.169520e-09	-2.875557e-09	-2.780921e+01	-3.274359e+02
4.870000e-06	-6.258268e-09	-2.917266e-09	-2.820924e+01	-3.317724e+02
4.880000e-06	-6.346330e-09	-2.957685e-09	-2.860619e+01	-3.360683e+02
4.890000e-06	-6.433715e-09	-2.996210e-09	-2.900008e+01	-3.403234e+02
4.900000e-06	-6.520360e-09	-3.033355e-09	-2.939064e+01	-3.445369e+02
4.910000e-06	-6.606172e-09	-3.070065e-09	-2.977744e+01	-3.487084e+02
4.920000e-06	-6.691108e-09	-3.108084e-09	-3.016029e+01	-3.528375e+02
4.930000e-06	-6.775164e-09	-3.145958e-09	-3.053917e+01	-3.569235e+02
4.940000e-06	-6.858390e-09	-3.181774e-09	-3.091432e+01	-3.609661e+02
4.950000e-06	-6.940856e-09	-3.216618e-09	-3.128604e+01	-3.649647e+02
4.960000e-06	-7.022567e-09	-3.251888e-09	-3.165436e+01	-3.689187e+02
4.970000e-06	-7.103512e-09	-3.289016e-09	-3.201922e+01	-3.728279e+02
4.980000e-06	-7.183691e-09	-3.326745e-09	-3.238063e+01	-3.766915e+02
4.990000e-06	-7.263096e-09	-3.361244e-09	-3.273855e+01	-3.805093e+02
5.000000e-06	-7.341626e-09	-3.391156e-09	-3.309253e+01	-3.842807e+02
5.010000e-06	-7.419140e-09	-3.420073e-09	-3.344192e+01	-3.880053e+02
5.020000e-06	-7.495546e-09	-3.450567e-09	-3.378633e+01	-3.916826e+02
5.030000e-06	-7.570825e-09	-3.481948e-09	-3.412565e+01	-3.953122e+02
5.040000e-06	-7.645070e-09	-3.513428e-09	-3.446031e+01	-3.988936e+02
5.050000e-06	-7.718395e-09	-3.544773e-09	-3.479083e+01	-4.024264e+02
5.060000e-06	-7.790844e-09	-3.575174e-09	-3.511739e+01	-4.059101e+02
5.070000e-06	-7.862431e-09	-3.604037e-09	-3.544008e+01	-4.093444e+02
5.080000e-06	-7.933094e-09	-3.631827e-09	-3.575860e+01	-4.127289e+02
5.090000e-06	-8.002682e-09	-3.658169e-09	-3.607227e+01	-4.160630e+02
5.100000e-06	-8.071144e-09	-3.683360e-09	-3.638086e+01	-4.193464e+02
5.110000e-06	-8.138573e-09	-3.708901e-09	-3.668480e+01	-4.225787e+02
5.120000e-06	-8.205073e-09	-3.736952e-09	-3.698455e+01	-4.257596e+02
5.130000e-06	-8.270660e-09	-3.766830e-09	-3.728019e+01	-4.288885e+02
5.140000e-06	-8.335323e-09	-3.795046e-09	-3.757166e+01	-4.319652e+02
5.150000e-06	-8.399091e-09	-3.819690e-09	-3.785910e+01	-4.349893e+02
5.160000e-06	-8.461886e-09	-3.840464e-09	-3.814215e+01	-4.379604e+02
5.170000e-06	-8.523512e-09	-3.859737e-09	-3.841993e+01	-4.408781e+02
5.180000e-06	-8.583945e-09	-3.879726e-09	-3.869234e+01	-4.437420e+02
5.190000e-06	-8.643348e-09	-3.899905e-09	-3.896010e+01	-4.465520e+02
5.200000e-06	-8.701810e-09	-3.920731e-09	-3.922362e+01	-4.493075e+02
5.210000e-06	-8.759280e-09	-3.942725e-09	-3.948267e+01	-4.520082e+02
5.220000e-06	-8.815735e-09	-3.965810e-09	-3.973714e+01	-4.546539e+02
5.230000e-06	-8.871225e-09	-3.988218e-09	-3.998727e+01	-4.572442e+02
5.240000e-06	-8.925632e-09	-4.008199e-09	-4.023251e+01	-4.597788e+02
5.250000e-06	-8.978712e-09	-4.024814e-09	-4.047177e+01	-4.622574e+02
5.260000e-06	-9.030467e-09	-4.040487e-09	-4.070506e+01	-4.646796e+02
5.270000e-06	-9.081035e-09	-4.057687e-09	-4.093300e+01	-4.670453e+02
5.280000e-06	-9.130383e-09	-4.076093e-09	-4.115543e+01	-4.693540e+02
5.290000e-06	-9.178324e-09	-4.093527e-09	-4.137153e+01	-4.716056e+02
5.300000e-06	-9.224879e-09	-4.109310e-09	-4.158138e+01	-4.737996e+02
5.310000e-06	-9.270350e-09	-4.125073e-09	-4.178634e+01	-4.759360e+02
5.320000e-06	-9.314894e-09	-4.141469e-09	-4.198713e+01	-4.780144e+02
5.330000e-06	-9.358545e-09	-4.158598e-09	-4.218388e+01	-4.800345e+02
5.340000e-06	-9.401316e-09	-4.174338e-09	-4.237668e+01	-4.819962e+02
5.350000e-06	-9.443103e-09	-4.187553e-09	-4.256504e+01	-4.838991e+02
5.360000e-06	-9.483836e-09	-4.199191e-09	-4.274864e+01	-4.857431e+02
5.370000e-06	-9.523568e-09	-4.210524e-09	-4.292774e+01	-4.875279e+02
5.380000e-06	-9.562245e-09	-4.221842e-09	-4.310208e+01	-4.892533e+02
5.390000e-06	-9.599594e-09	-4.233548e-09	-4.327043e+01	-4.909191e+02
5.400000e-06	-9.635602e-09	-4.247155e-09	-4.343274e+01	-4.925251e+02
5.410000e-06	-9.670513e-09	-4.262381e-09	-4.359010e+01	-4.940711e+02
5.420000e-06	-9.704349e-09	-4.275054e-09	-4.374262e+01	-4.955569e+02
5.430000e-06	-9.737041e-09	-4.283112e-09	-4.388998e+01	-4.969823e+02
5.440000e-06	-9.768659e-09	-4.288340e-09	-4.403250e+01	-4.983472e+02
5.450000e-06	-9.799105e-09	-4.294395e-09	-4.416974e+01	-4.996513e+02
5.460000e-06	-9.828150e-09	-4.303623e-09	-4.430066e+01	-5.008946e+02
5.470000e-06	-9.855899e-09	-4.315157e-09	-4.442574e+01	-5.020769e+02
5.480000e-06	-9.882544e-09	-4.326424e-09	-4.454585e+01	-5.031980e+02
5.490000e-06	-9.908036e-09	-4.335292e-09	-4.466075e+01	-5.042578e+02
5.500000e-06	-9.932366e-09	-4.341631e-09	-4.477043e+01	-5.052561e+02
5.510000e-06	-9.955655e-09	-4.346577e-09	-4.487540e+01	-5.061930e+02
5.520000e-06	-9.977724e-09	-4.349563e-09	-4.497488e+01	-5.070681e+02
5.530000e-06	-9.998345e-09	-4.351399e-09	-4.506783e+01	-5.078815e+02
5.540000e-06	-1.001773e-08	-4.355194e-09	-4.515521e+01	-5.086330e+02
5.550000e-06	-1.003604e-08	-4.361797e-09	-4.523773e+01	-5.093225e+02
5.560000e-06	-1.005322e-08	-4.369324e-09	-4.531518e+01	-5.099500e+02
5.570000e-06	-1.006931e-08	-4.374801e-09	-4.538771e+01	-5.105153e+02
5.580000e-06	-1.008425e-08	-4.377189e-09	-4.545505e+01	-5.110185e+02
5.590000e-06	-1.009773e-08	-4.378700e-09	-4.551581e+01	-5.114594e+02
5.600000e-06	-1.010968e-08	-4.380889e-09	-4.556969e+01	-5.118380e+02
5.610000e-06	-1.012032e-08	-4.383879e-09	-4.561765e+01	-5.121542e+02
5.620000e-06	-1.012975e-08	-4.386770e-09	-4.566017e+01	-5.124081e+02
5.630000e-06	-1.013805e-08	-4.387860e-09	-4.569758e+01	-5.125995e+02
5.640000e-06	-1.014530e-08	-4.388287e-09	-4.573024e+01	-5.127285e+02
5.650000e-06	-1.015128e-08	-4.389553e-09	-4.575723e+01	-5.127950e+02
5.660000e-06	-1.015582e-08	-4.390032e-09	-4.577768e+01	-5.127991e+02
5.670000e-06	-1.015914e-08	-4.387846e-09	-4.579265e+01	-5.127406e+02
5.680000e-06	-1.016139e-08	-4.384518e-09	-4.580280e+01	-5.126197e+02
5.690000e-06	-1.016252e-08	-4.381136e-09	-4.580787e+01	-5.124364e+02
