# Temperatura_=_20.0
# Concentracion g/m^3_=_10000.0
# C_Vs_to_Am_M_A/Vsm_=_116720831517.84952
# pendiente_HvsI_1/m_=_3716.3
# ordenada_HvsI_A/m_=_1297.0
# frecuencia_Hz_=_115181.84450930016
# Promedio de 27 ciclos

Tiempo_(s)	Campo_(V.s)	Magnetizacion_(V.s)	Campo_(kA/m)	Magnetizacion_(A/m)
0.000000e+00	-9.784944e-09	-4.318440e-09	-4.579846e+01	-5.117215e+02
1.000000e-08	-9.784865e-09	-4.319385e-09	-4.579809e+01	-5.117065e+02
2.000000e-08	-9.784550e-09	-4.321862e-09	-4.579661e+01	-5.116646e+02
3.000000e-08	-9.783917e-09	-4.323202e-09	-4.579365e+01	-5.115959e+02
4.000000e-08	-9.782871e-09	-4.323319e-09	-4.578875e+01	-5.115004e+02
5.000000e-08	-9.781247e-09	-4.319600e-09	-4.578115e+01	-5.113781e+02
6.000000e-08	-9.778901e-09	-4.306425e-09	-4.577017e+01	-5.112289e+02
7.000000e-08	-9.775814e-09	-4.289293e-09	-4.575572e+01	-5.110529e+02
8.000000e-08	-9.772104e-09	-4.296494e-09	-4.573835e+01	-5.108502e+02
9.000000e-08	-9.767883e-09	-4.333505e-09	-4.571860e+01	-5.106207e+02
1.000000e-07	-9.763148e-09	-4.349980e-09	-4.569643e+01	-5.103644e+02
1.100000e-07	-9.757756e-09	-4.310447e-09	-4.567120e+01	-5.100813e+02
1.200000e-07	-9.751696e-09	-4.269707e-09	-4.564283e+01	-5.097715e+02
1.300000e-07	-9.745230e-09	-4.278650e-09	-4.561257e+01	-5.094350e+02
1.400000e-07	-9.738532e-09	-4.275916e-09	-4.558122e+01	-5.090717e+02
1.500000e-07	-9.731454e-09	-4.225538e-09	-4.554809e+01	-5.086818e+02
1.600000e-07	-9.723810e-09	-4.238094e-09	-4.551231e+01	-5.082652e+02
1.700000e-07	-9.715677e-09	-4.294917e-09	-4.547424e+01	-5.078220e+02
1.800000e-07	-9.707175e-09	-4.268022e-09	-4.543445e+01	-5.073521e+02
1.900000e-07	-9.698227e-09	-4.236300e-09	-4.539256e+01	-5.068556e+02
2.000000e-07	-9.688759e-09	-4.260083e-09	-4.534825e+01	-5.063326e+02
2.100000e-07	-9.678792e-09	-4.250099e-09	-4.530160e+01	-5.057830e+02
2.200000e-07	-9.668224e-09	-4.188729e-09	-4.525213e+01	-5.052069e+02
2.300000e-07	-9.656875e-09	-4.199464e-09	-4.519901e+01	-5.046043e+02
2.400000e-07	-9.644822e-09	-4.250947e-09	-4.514260e+01	-5.039752e+02
2.500000e-07	-9.632294e-09	-4.226301e-09	-4.508396e+01	-5.033197e+02
2.600000e-07	-9.619249e-09	-4.200842e-09	-4.502290e+01	-5.026379e+02
2.700000e-07	-9.605573e-09	-4.214545e-09	-4.495889e+01	-5.019297e+02
2.800000e-07	-9.591341e-09	-4.186773e-09	-4.489228e+01	-5.011951e+02
2.900000e-07	-9.576541e-09	-4.145868e-09	-4.482300e+01	-5.004343e+02
3.000000e-07	-9.561068e-09	-4.181665e-09	-4.475058e+01	-4.996473e+02
3.100000e-07	-9.544858e-09	-4.197353e-09	-4.467471e+01	-4.988340e+02
3.200000e-07	-9.527965e-09	-4.153295e-09	-4.459564e+01	-4.979946e+02
3.300000e-07	-9.510552e-09	-4.154696e-09	-4.451414e+01	-4.971291e+02
3.400000e-07	-9.492769e-09	-4.168542e-09	-4.443091e+01	-4.962375e+02
3.500000e-07	-9.474666e-09	-4.134798e-09	-4.434617e+01	-4.953199e+02
3.600000e-07	-9.456101e-09	-4.115728e-09	-4.425928e+01	-4.943764e+02
3.700000e-07	-9.436984e-09	-4.122378e-09	-4.416980e+01	-4.934069e+02
3.800000e-07	-9.417381e-09	-4.109784e-09	-4.407805e+01	-4.924115e+02
3.900000e-07	-9.397385e-09	-4.111006e-09	-4.398446e+01	-4.913904e+02
4.000000e-07	-9.377055e-09	-4.118505e-09	-4.388931e+01	-4.903434e+02
4.100000e-07	-9.356370e-09	-4.088975e-09	-4.379249e+01	-4.892708e+02
4.200000e-07	-9.335242e-09	-4.065291e-09	-4.369360e+01	-4.881725e+02
4.300000e-07	-9.313597e-09	-4.063044e-09	-4.359229e+01	-4.870486e+02
4.400000e-07	-9.291481e-09	-4.055982e-09	-4.348877e+01	-4.858992e+02
4.500000e-07	-9.268931e-09	-4.052507e-09	-4.338323e+01	-4.847242e+02
4.600000e-07	-9.245894e-09	-4.047295e-09	-4.327540e+01	-4.835239e+02
4.700000e-07	-9.222363e-09	-4.028488e-09	-4.316526e+01	-4.822983e+02
4.800000e-07	-9.198419e-09	-4.021369e-09	-4.305319e+01	-4.810473e+02
4.900000e-07	-9.174159e-09	-4.018952e-09	-4.293964e+01	-4.797711e+02
5.000000e-07	-9.149583e-09	-3.995598e-09	-4.282461e+01	-4.784698e+02
5.100000e-07	-9.124535e-09	-3.980665e-09	-4.270738e+01	-4.771433e+02
5.200000e-07	-9.098818e-09	-3.975032e-09	-4.258701e+01	-4.757919e+02
5.300000e-07	-9.072376e-09	-3.964316e-09	-4.246324e+01	-4.744155e+02
5.400000e-07	-9.045220e-09	-3.961251e-09	-4.233614e+01	-4.730143e+02
5.500000e-07	-9.017458e-09	-3.953524e-09	-4.220620e+01	-4.715882e+02
5.600000e-07	-8.989248e-09	-3.927687e-09	-4.207416e+01	-4.701374e+02
5.700000e-07	-8.960691e-09	-3.907119e-09	-4.194050e+01	-4.686619e+02
5.800000e-07	-8.931781e-09	-3.901301e-09	-4.180519e+01	-4.671619e+02
5.900000e-07	-8.902444e-09	-3.890589e-09	-4.166788e+01	-4.656374e+02
6.000000e-07	-8.872669e-09	-3.879195e-09	-4.152851e+01	-4.640885e+02
6.100000e-07	-8.842495e-09	-3.865550e-09	-4.138728e+01	-4.625152e+02
6.200000e-07	-8.811938e-09	-3.844510e-09	-4.124426e+01	-4.609177e+02
6.300000e-07	-8.780981e-09	-3.831682e-09	-4.109936e+01	-4.592960e+02
6.400000e-07	-8.749564e-09	-3.824528e-09	-4.095232e+01	-4.576503e+02
6.500000e-07	-8.717707e-09	-3.808444e-09	-4.080321e+01	-4.559805e+02
6.600000e-07	-8.685509e-09	-3.788233e-09	-4.065250e+01	-4.542868e+02
6.700000e-07	-8.652977e-09	-3.774148e-09	-4.050024e+01	-4.525693e+02
6.800000e-07	-8.620024e-09	-3.762475e-09	-4.034600e+01	-4.508281e+02
6.900000e-07	-8.586500e-09	-3.749394e-09	-4.018909e+01	-4.490633e+02
7.000000e-07	-8.552290e-09	-3.730801e-09	-4.002897e+01	-4.472749e+02
7.100000e-07	-8.517420e-09	-3.707348e-09	-3.986576e+01	-4.454630e+02
7.200000e-07	-8.481987e-09	-3.689902e-09	-3.969991e+01	-4.436278e+02
7.300000e-07	-8.446067e-09	-3.680563e-09	-3.953179e+01	-4.417693e+02
7.400000e-07	-8.409786e-09	-3.670715e-09	-3.936197e+01	-4.398876e+02
7.500000e-07	-8.373236e-09	-3.654303e-09	-3.919091e+01	-4.379829e+02
7.600000e-07	-8.336406e-09	-3.634984e-09	-3.901852e+01	-4.360553e+02
7.700000e-07	-8.299191e-09	-3.616779e-09	-3.884434e+01	-4.341047e+02
7.800000e-07	-8.261477e-09	-3.600508e-09	-3.866782e+01	-4.321314e+02
7.900000e-07	-8.223273e-09	-3.582492e-09	-3.848900e+01	-4.301354e+02
8.000000e-07	-8.184670e-09	-3.561974e-09	-3.830831e+01	-4.281169e+02
8.100000e-07	-8.145681e-09	-3.545229e-09	-3.812583e+01	-4.260759e+02
8.200000e-07	-8.106220e-09	-3.531331e-09	-3.794113e+01	-4.240126e+02
8.300000e-07	-8.066332e-09	-3.516371e-09	-3.775443e+01	-4.219271e+02
8.400000e-07	-8.026149e-09	-3.497756e-09	-3.756635e+01	-4.198194e+02
8.500000e-07	-7.985701e-09	-3.475580e-09	-3.737704e+01	-4.176897e+02
8.600000e-07	-7.944912e-09	-3.454119e-09	-3.718612e+01	-4.155381e+02
8.700000e-07	-7.903650e-09	-3.436786e-09	-3.699299e+01	-4.133647e+02
8.800000e-07	-7.861857e-09	-3.420690e-09	-3.679738e+01	-4.111696e+02
8.900000e-07	-7.819535e-09	-3.402614e-09	-3.659929e+01	-4.089530e+02
9.000000e-07	-7.776664e-09	-3.382851e-09	-3.639864e+01	-4.067149e+02
9.100000e-07	-7.733263e-09	-3.361894e-09	-3.619550e+01	-4.044555e+02
9.200000e-07	-7.689396e-09	-3.340796e-09	-3.599018e+01	-4.021749e+02
9.300000e-07	-7.645143e-09	-3.319381e-09	-3.578305e+01	-3.998732e+02
9.400000e-07	-7.600563e-09	-3.298073e-09	-3.557439e+01	-3.975506e+02
9.500000e-07	-7.555654e-09	-3.277887e-09	-3.536419e+01	-3.952070e+02
9.600000e-07	-7.510396e-09	-3.259794e-09	-3.515237e+01	-3.928428e+02
9.700000e-07	-7.464772e-09	-3.241289e-09	-3.493882e+01	-3.904579e+02
9.800000e-07	-7.418761e-09	-3.218876e-09	-3.472347e+01	-3.880526e+02
9.900000e-07	-7.372357e-09	-3.194434e-09	-3.450627e+01	-3.856269e+02
1.000000e-06	-7.325598e-09	-3.170581e-09	-3.428742e+01	-3.831810e+02
1.010000e-06	-7.278516e-09	-3.148198e-09	-3.406705e+01	-3.807150e+02
1.020000e-06	-7.231088e-09	-3.125223e-09	-3.384506e+01	-3.782290e+02
1.030000e-06	-7.183310e-09	-3.101067e-09	-3.362144e+01	-3.757232e+02
1.040000e-06	-7.135213e-09	-3.079053e-09	-3.339632e+01	-3.731977e+02
1.050000e-06	-7.086776e-09	-3.061329e-09	-3.316961e+01	-3.706527e+02
1.060000e-06	-7.037966e-09	-3.047187e-09	-3.294115e+01	-3.680881e+02
1.070000e-06	-6.988721e-09	-3.030787e-09	-3.271066e+01	-3.655043e+02
1.080000e-06	-6.938963e-09	-3.007834e-09	-3.247777e+01	-3.629013e+02
1.090000e-06	-6.888656e-09	-2.982102e-09	-3.224231e+01	-3.602793e+02
1.100000e-06	-6.837795e-09	-2.957373e-09	-3.200425e+01	-3.576383e+02
1.110000e-06	-6.786431e-09	-2.932647e-09	-3.176384e+01	-3.549787e+02
1.120000e-06	-6.734623e-09	-2.907251e-09	-3.152135e+01	-3.523003e+02
1.130000e-06	-6.682433e-09	-2.883694e-09	-3.127708e+01	-3.496036e+02
1.140000e-06	-6.629900e-09	-2.865117e-09	-3.103120e+01	-3.468884e+02
1.150000e-06	-6.577028e-09	-2.850230e-09	-3.078373e+01	-3.441551e+02
1.160000e-06	-6.523830e-09	-2.833537e-09	-3.053473e+01	-3.414037e+02
1.170000e-06	-6.470335e-09	-2.811615e-09	-3.028435e+01	-3.386345e+02
1.180000e-06	-6.416528e-09	-2.785101e-09	-3.003251e+01	-3.358474e+02
1.190000e-06	-6.362376e-09	-2.757825e-09	-2.977905e+01	-3.330428e+02
1.200000e-06	-6.307880e-09	-2.732189e-09	-2.952398e+01	-3.302206e+02
1.210000e-06	-6.253033e-09	-2.706725e-09	-2.926726e+01	-3.273812e+02
1.220000e-06	-6.197845e-09	-2.682393e-09	-2.900896e+01	-3.245246e+02
1.230000e-06	-6.142365e-09	-2.659598e-09	-2.874928e+01	-3.216509e+02
1.240000e-06	-6.086608e-09	-2.639677e-09	-2.848831e+01	-3.187604e+02
1.250000e-06	-6.030586e-09	-2.622339e-09	-2.822610e+01	-3.158532e+02
1.260000e-06	-5.974323e-09	-2.604274e-09	-2.796276e+01	-3.129293e+02
1.270000e-06	-5.917825e-09	-2.581722e-09	-2.769832e+01	-3.099891e+02
1.280000e-06	-5.861086e-09	-2.552405e-09	-2.743275e+01	-3.070326e+02
1.290000e-06	-5.804094e-09	-2.522647e-09	-2.716600e+01	-3.040600e+02
1.300000e-06	-5.746794e-09	-2.497872e-09	-2.689780e+01	-3.010715e+02
1.310000e-06	-5.689118e-09	-2.477022e-09	-2.662785e+01	-2.980671e+02
1.320000e-06	-5.631029e-09	-2.455800e-09	-2.635597e+01	-2.950471e+02
1.330000e-06	-5.572522e-09	-2.433802e-09	-2.608213e+01	-2.920117e+02
1.340000e-06	-5.513627e-09	-2.411345e-09	-2.580647e+01	-2.889609e+02
1.350000e-06	-5.454348e-09	-2.387760e-09	-2.552901e+01	-2.858950e+02
1.360000e-06	-5.394692e-09	-2.362788e-09	-2.524979e+01	-2.828140e+02
1.370000e-06	-5.334704e-09	-2.334059e-09	-2.496902e+01	-2.797182e+02
1.380000e-06	-5.274453e-09	-2.305516e-09	-2.468701e+01	-2.766078e+02
1.390000e-06	-5.213978e-09	-2.281971e-09	-2.440396e+01	-2.734828e+02
1.400000e-06	-5.153294e-09	-2.260545e-09	-2.411992e+01	-2.703435e+02
1.410000e-06	-5.092428e-09	-2.236666e-09	-2.383504e+01	-2.671899e+02
1.420000e-06	-5.031354e-09	-2.209522e-09	-2.354918e+01	-2.640224e+02
1.430000e-06	-4.970053e-09	-2.182243e-09	-2.326226e+01	-2.608410e+02
1.440000e-06	-4.908542e-09	-2.157029e-09	-2.297436e+01	-2.576459e+02
1.450000e-06	-4.846817e-09	-2.132534e-09	-2.268545e+01	-2.544373e+02
1.460000e-06	-4.784874e-09	-2.107368e-09	-2.239553e+01	-2.512154e+02
1.470000e-06	-4.722681e-09	-2.082429e-09	-2.210444e+01	-2.479803e+02
1.480000e-06	-4.660209e-09	-2.058401e-09	-2.181204e+01	-2.447321e+02
1.490000e-06	-4.597477e-09	-2.033807e-09	-2.151842e+01	-2.414711e+02
1.500000e-06	-4.534490e-09	-2.007727e-09	-2.122361e+01	-2.381975e+02
1.510000e-06	-4.471260e-09	-1.979712e-09	-2.092766e+01	-2.349113e+02
1.520000e-06	-4.407809e-09	-1.950759e-09	-2.063067e+01	-2.316128e+02
1.530000e-06	-4.344177e-09	-1.924217e-09	-2.033284e+01	-2.283021e+02
1.540000e-06	-4.280373e-09	-1.900901e-09	-2.003421e+01	-2.249795e+02
1.550000e-06	-4.216398e-09	-1.879239e-09	-1.973477e+01	-2.216450e+02
1.560000e-06	-4.152263e-09	-1.855774e-09	-1.943459e+01	-2.182990e+02
1.570000e-06	-4.087945e-09	-1.828803e-09	-1.913355e+01	-2.149414e+02
1.580000e-06	-4.023440e-09	-1.800444e-09	-1.883163e+01	-2.115726e+02
1.590000e-06	-3.958762e-09	-1.772333e-09	-1.852890e+01	-2.081926e+02
1.600000e-06	-3.893905e-09	-1.745955e-09	-1.822534e+01	-2.048018e+02
1.610000e-06	-3.828878e-09	-1.721906e-09	-1.792098e+01	-2.014002e+02
1.620000e-06	-3.763654e-09	-1.698567e-09	-1.761570e+01	-1.979880e+02
1.630000e-06	-3.698167e-09	-1.673452e-09	-1.730918e+01	-1.945654e+02
1.640000e-06	-3.632405e-09	-1.645874e-09	-1.700138e+01	-1.911326e+02
1.650000e-06	-3.566404e-09	-1.617541e-09	-1.669247e+01	-1.876897e+02
1.660000e-06	-3.500174e-09	-1.588875e-09	-1.638248e+01	-1.842370e+02
1.670000e-06	-3.433692e-09	-1.560287e-09	-1.607131e+01	-1.807746e+02
1.680000e-06	-3.366991e-09	-1.533173e-09	-1.575912e+01	-1.773028e+02
1.690000e-06	-3.300088e-09	-1.507241e-09	-1.544598e+01	-1.738216e+02
1.700000e-06	-3.232961e-09	-1.480514e-09	-1.513179e+01	-1.703313e+02
1.710000e-06	-3.165643e-09	-1.451400e-09	-1.481671e+01	-1.668320e+02
1.720000e-06	-3.098160e-09	-1.420824e-09	-1.450086e+01	-1.633240e+02
1.730000e-06	-3.030505e-09	-1.391588e-09	-1.418419e+01	-1.598074e+02
1.740000e-06	-2.962691e-09	-1.365755e-09	-1.386679e+01	-1.562824e+02
1.750000e-06	-2.894708e-09	-1.342743e-09	-1.354860e+01	-1.527492e+02
1.760000e-06	-2.826563e-09	-1.318370e-09	-1.322965e+01	-1.492079e+02
1.770000e-06	-2.758292e-09	-1.290470e-09	-1.291010e+01	-1.456588e+02
1.780000e-06	-2.689900e-09	-1.260698e-09	-1.258999e+01	-1.421021e+02
1.790000e-06	-2.621367e-09	-1.230149e-09	-1.226922e+01	-1.385379e+02
1.800000e-06	-2.552714e-09	-1.202079e-09	-1.194789e+01	-1.349664e+02
1.810000e-06	-2.483977e-09	-1.175935e-09	-1.162616e+01	-1.313878e+02
1.820000e-06	-2.415134e-09	-1.150014e-09	-1.130394e+01	-1.278023e+02
1.830000e-06	-2.346210e-09	-1.123759e-09	-1.098134e+01	-1.242101e+02
1.840000e-06	-2.277218e-09	-1.096456e-09	-1.065842e+01	-1.206114e+02
1.850000e-06	-2.208121e-09	-1.068362e-09	-1.033502e+01	-1.170063e+02
1.860000e-06	-2.138942e-09	-1.035814e-09	-1.001122e+01	-1.133951e+02
1.870000e-06	-2.069683e-09	-1.001588e-09	-9.687056e+00	-1.097779e+02
1.880000e-06	-2.000326e-09	-9.701670e-10	-9.362430e+00	-1.061549e+02
1.890000e-06	-1.930879e-09	-9.425952e-10	-9.037385e+00	-1.025263e+02
1.900000e-06	-1.861338e-09	-9.184275e-10	-8.711897e+00	-9.889234e+01
1.910000e-06	-1.791695e-09	-8.926651e-10	-8.385932e+00	-9.525318e+01
1.920000e-06	-1.721940e-09	-8.636054e-10	-8.059445e+00	-9.160899e+01
1.930000e-06	-1.652069e-09	-8.325828e-10	-7.732412e+00	-8.795999e+01
1.940000e-06	-1.582093e-09	-8.022812e-10	-7.404891e+00	-8.430635e+01
1.950000e-06	-1.512044e-09	-7.730201e-10	-7.077023e+00	-8.064826e+01
1.960000e-06	-1.441926e-09	-7.443417e-10	-6.748837e+00	-7.698593e+01
1.970000e-06	-1.371776e-09	-7.156311e-10	-6.420501e+00	-7.331954e+01
1.980000e-06	-1.301590e-09	-6.843011e-10	-6.091995e+00	-6.964929e+01
1.990000e-06	-1.231329e-09	-6.516892e-10	-5.763139e+00	-6.597536e+01
2.000000e-06	-1.160966e-09	-6.201147e-10	-5.433803e+00	-6.229795e+01
2.010000e-06	-1.090520e-09	-5.895082e-10	-5.104080e+00	-5.861725e+01
2.020000e-06	-1.020011e-09	-5.597934e-10	-4.774064e+00	-5.493345e+01
2.030000e-06	-9.494191e-10	-5.321187e-10	-4.443658e+00	-5.124675e+01
2.040000e-06	-8.787821e-10	-5.063400e-10	-4.113042e+00	-4.755734e+01
2.050000e-06	-8.080873e-10	-4.785515e-10	-3.782155e+00	-4.386542e+01
2.060000e-06	-7.373370e-10	-4.455552e-10	-3.451008e+00	-4.017117e+01
2.070000e-06	-6.665615e-10	-4.079859e-10	-3.119744e+00	-3.647479e+01
2.080000e-06	-5.957417e-10	-3.705307e-10	-2.788272e+00	-3.277648e+01
2.090000e-06	-5.249084e-10	-3.390702e-10	-2.456736e+00	-2.907642e+01
2.100000e-06	-4.540692e-10	-3.127849e-10	-2.125173e+00	-2.537481e+01
2.110000e-06	-3.831987e-10	-2.850888e-10	-1.793463e+00	-2.167185e+01
2.120000e-06	-3.123109e-10	-2.524509e-10	-1.461673e+00	-1.796773e+01
2.130000e-06	-2.414354e-10	-2.191826e-10	-1.129940e+00	-1.426264e+01
2.140000e-06	-1.705605e-10	-1.892762e-10	-7.982094e-01	-1.055678e+01
2.150000e-06	-9.966962e-11	-1.606675e-10	-4.664045e-01	-6.850340e+00
2.160000e-06	-2.875578e-11	-1.298477e-10	-1.344919e-01	-3.143515e+00
2.170000e-06	4.216975e-11	-9.684583e-11	1.974754e-01	5.635004e-01
2.180000e-06	1.130754e-10	-6.530491e-11	5.293494e-01	4.270512e+00
2.190000e-06	1.839797e-10	-3.711944e-11	8.612171e-01	7.977325e+00
2.200000e-06	2.548942e-10	-7.909759e-12	1.193133e+00	1.168375e+01
2.210000e-06	3.257911e-10	2.598611e-11	1.524966e+00	1.538958e+01
2.220000e-06	3.966662e-10	6.181812e-11	1.856697e+00	1.909464e+01
2.230000e-06	4.675137e-10	9.556873e-11	2.188298e+00	2.279872e+01
2.240000e-06	5.382907e-10	1.263060e-10	2.519570e+00	2.650163e+01
2.250000e-06	6.090284e-10	1.567824e-10	2.850657e+00	3.020318e+01
2.260000e-06	6.797585e-10	1.880412e-10	3.181709e+00	3.390317e+01
2.270000e-06	7.504286e-10	2.213789e-10	3.512481e+00	3.760142e+01
2.280000e-06	8.210548e-10	2.566120e-10	3.843047e+00	4.129771e+01
2.290000e-06	8.916641e-10	2.904424e-10	4.173534e+00	4.499188e+01
2.300000e-06	9.622167e-10	3.226997e-10	4.503756e+00	4.868371e+01
2.310000e-06	1.032703e-09	3.539046e-10	4.833667e+00	5.237302e+01
2.320000e-06	1.103146e-09	3.858807e-10	5.163376e+00	5.605960e+01
2.330000e-06	1.173539e-09	4.175002e-10	5.492849e+00	5.974328e+01
2.340000e-06	1.243858e-09	4.470428e-10	5.821976e+00	6.342386e+01
2.350000e-06	1.314091e-09	4.772962e-10	6.150703e+00	6.710114e+01
2.360000e-06	1.384248e-09	5.104636e-10	6.479073e+00	7.077493e+01
2.370000e-06	1.454337e-09	5.441107e-10	6.807127e+00	7.444504e+01
2.380000e-06	1.524335e-09	5.738087e-10	7.134752e+00	7.811127e+01
2.390000e-06	1.594220e-09	5.995176e-10	7.461846e+00	8.177344e+01
2.400000e-06	1.663991e-09	6.255724e-10	7.788413e+00	8.543136e+01
2.410000e-06	1.733680e-09	6.578697e-10	8.114590e+00	8.908482e+01
2.420000e-06	1.803298e-09	6.957484e-10	8.440436e+00	9.273364e+01
2.430000e-06	1.872843e-09	7.334107e-10	8.765941e+00	9.637763e+01
2.440000e-06	1.942324e-09	7.672481e-10	9.091149e+00	1.000166e+02
2.450000e-06	2.011725e-09	7.983330e-10	9.415977e+00	1.036504e+02
2.460000e-06	2.081031e-09	8.291808e-10	9.740367e+00	1.072787e+02
2.470000e-06	2.150232e-09	8.584005e-10	1.006426e+01	1.109015e+02
2.480000e-06	2.219332e-09	8.853678e-10	1.038769e+01	1.145184e+02
2.490000e-06	2.288350e-09	9.136669e-10	1.071072e+01	1.181295e+02
2.500000e-06	2.357273e-09	9.458452e-10	1.103332e+01	1.217343e+02
2.510000e-06	2.426080e-09	9.805291e-10	1.135537e+01	1.253328e+02
2.520000e-06	2.494769e-09	1.015839e-09	1.167687e+01	1.289247e+02
2.530000e-06	2.563356e-09	1.051856e-09	1.199789e+01	1.325100e+02
2.540000e-06	2.631838e-09	1.087222e-09	1.231842e+01	1.360883e+02
2.550000e-06	2.700207e-09	1.119817e-09	1.263842e+01	1.396595e+02
2.560000e-06	2.768476e-09	1.150227e-09	1.295796e+01	1.432234e+02
2.570000e-06	2.836623e-09	1.177855e-09	1.327692e+01	1.467798e+02
2.580000e-06	2.904643e-09	1.204336e-09	1.359529e+01	1.503286e+02
2.590000e-06	2.972547e-09	1.234075e-09	1.391311e+01	1.538696e+02
2.600000e-06	3.040298e-09	1.266603e-09	1.423022e+01	1.574025e+02
2.610000e-06	3.107869e-09	1.301911e-09	1.454649e+01	1.609271e+02
2.620000e-06	3.175259e-09	1.340095e-09	1.486191e+01	1.644434e+02
2.630000e-06	3.242450e-09	1.378697e-09	1.517639e+01	1.679511e+02
2.640000e-06	3.309413e-09	1.416499e-09	1.548982e+01	1.714500e+02
2.650000e-06	3.376118e-09	1.449886e-09	1.580203e+01	1.749400e+02
2.660000e-06	3.442563e-09	1.477611e-09	1.611302e+01	1.784208e+02
2.670000e-06	3.508782e-09	1.503552e-09	1.642296e+01	1.818923e+02
2.680000e-06	3.574774e-09	1.530367e-09	1.673183e+01	1.853543e+02
2.690000e-06	3.640566e-09	1.559954e-09	1.703977e+01	1.888066e+02
2.700000e-06	3.706166e-09	1.592030e-09	1.734681e+01	1.922491e+02
2.710000e-06	3.771536e-09	1.626401e-09	1.765277e+01	1.956815e+02
2.720000e-06	3.836686e-09	1.662284e-09	1.795771e+01	1.991037e+02
2.730000e-06	3.901643e-09	1.697465e-09	1.826174e+01	2.025155e+02
2.740000e-06	3.966408e-09	1.731027e-09	1.856487e+01	2.059167e+02
2.750000e-06	4.030942e-09	1.763481e-09	1.886692e+01	2.093071e+02
2.760000e-06	4.095253e-09	1.795464e-09	1.916793e+01	2.126866e+02
2.770000e-06	4.159387e-09	1.824419e-09	1.946811e+01	2.160550e+02
2.780000e-06	4.223356e-09	1.850892e-09	1.976752e+01	2.194121e+02
2.790000e-06	4.287157e-09	1.877649e-09	2.006614e+01	2.227578e+02
2.800000e-06	4.350775e-09	1.906418e-09	2.036391e+01	2.260918e+02
2.810000e-06	4.414209e-09	1.938225e-09	2.066081e+01	2.294140e+02
2.820000e-06	4.477453e-09	1.972154e-09	2.095682e+01	2.327241e+02
2.830000e-06	4.540501e-09	2.005573e-09	2.125192e+01	2.360222e+02
2.840000e-06	4.603341e-09	2.037817e-09	2.154604e+01	2.393078e+02
2.850000e-06	4.665961e-09	2.069106e-09	2.183913e+01	2.425810e+02
2.860000e-06	4.728348e-09	2.096988e-09	2.213114e+01	2.458415e+02
2.870000e-06	4.790484e-09	2.121167e-09	2.242196e+01	2.490892e+02
2.880000e-06	4.852362e-09	2.143534e-09	2.271158e+01	2.523238e+02
2.890000e-06	4.914004e-09	2.167139e-09	2.300010e+01	2.555452e+02
2.900000e-06	4.975422e-09	2.195848e-09	2.328757e+01	2.587533e+02
2.910000e-06	5.036607e-09	2.229346e-09	2.357394e+01	2.619479e+02
2.920000e-06	5.097571e-09	2.262371e-09	2.385929e+01	2.651287e+02
2.930000e-06	5.158321e-09	2.290855e-09	2.414363e+01	2.682957e+02
2.940000e-06	5.218854e-09	2.315868e-09	2.442695e+01	2.714487e+02
2.950000e-06	5.279171e-09	2.342019e-09	2.470927e+01	2.745874e+02
2.960000e-06	5.339250e-09	2.371388e-09	2.499046e+01	2.777118e+02
2.970000e-06	5.399058e-09	2.400985e-09	2.527040e+01	2.808217e+02
2.980000e-06	5.458576e-09	2.426606e-09	2.554897e+01	2.839170e+02
2.990000e-06	5.517775e-09	2.448936e-09	2.582605e+01	2.869973e+02
3.000000e-06	5.576612e-09	2.472729e-09	2.610143e+01	2.900627e+02
3.010000e-06	5.635047e-09	2.498496e-09	2.637494e+01	2.931129e+02
3.020000e-06	5.693062e-09	2.526514e-09	2.664648e+01	2.961477e+02
3.030000e-06	5.750666e-09	2.556171e-09	2.691609e+01	2.991671e+02
3.040000e-06	5.807915e-09	2.587737e-09	2.718404e+01	3.021709e+02
3.050000e-06	5.864834e-09	2.620306e-09	2.745045e+01	3.051588e+02
3.060000e-06	5.921425e-09	2.649630e-09	2.771533e+01	3.081308e+02
3.070000e-06	5.977715e-09	2.673969e-09	2.797879e+01	3.110866e+02
3.080000e-06	6.033739e-09	2.693049e-09	2.824101e+01	3.140262e+02
3.090000e-06	6.089513e-09	2.712251e-09	2.850206e+01	3.169494e+02
3.100000e-06	6.145040e-09	2.736626e-09	2.876196e+01	3.198560e+02
3.110000e-06	6.200306e-09	2.766203e-09	2.902063e+01	3.227459e+02
3.120000e-06	6.255293e-09	2.798410e-09	2.927800e+01	3.256188e+02
3.130000e-06	6.309987e-09	2.827428e-09	2.953399e+01	3.284748e+02
3.140000e-06	6.364352e-09	2.850694e-09	2.978845e+01	3.313136e+02
3.150000e-06	6.418382e-09	2.870818e-09	3.004134e+01	3.341350e+02
3.160000e-06	6.472076e-09	2.890711e-09	3.029265e+01	3.369390e+02
3.170000e-06	6.525423e-09	2.912889e-09	3.054234e+01	3.397254e+02
3.180000e-06	6.578430e-09	2.937977e-09	3.079044e+01	3.424940e+02
3.190000e-06	6.631068e-09	2.964446e-09	3.103681e+01	3.452446e+02
3.200000e-06	6.683295e-09	2.992274e-09	3.128126e+01	3.479772e+02
3.210000e-06	6.735068e-09	3.020186e-09	3.152358e+01	3.506916e+02
3.220000e-06	6.786387e-09	3.044168e-09	3.176377e+01	3.533877e+02
3.230000e-06	6.837192e-09	3.064564e-09	3.200156e+01	3.560653e+02
3.240000e-06	6.887454e-09	3.085433e-09	3.223682e+01	3.587243e+02
3.250000e-06	6.937246e-09	3.108815e-09	3.246987e+01	3.613645e+02
3.260000e-06	6.986583e-09	3.133459e-09	3.270079e+01	3.639858e+02
3.270000e-06	7.035503e-09	3.157053e-09	3.292976e+01	3.665880e+02
3.280000e-06	7.084061e-09	3.179292e-09	3.315703e+01	3.691711e+02
3.290000e-06	7.132295e-09	3.203261e-09	3.338279e+01	3.717349e+02
3.300000e-06	7.180215e-09	3.227544e-09	3.360708e+01	3.742792e+02
3.310000e-06	7.227807e-09	3.248553e-09	3.382984e+01	3.768039e+02
3.320000e-06	7.275039e-09	3.267757e-09	3.405091e+01	3.793090e+02
3.330000e-06	7.321893e-09	3.286299e-09	3.427020e+01	3.817942e+02
3.340000e-06	7.368391e-09	3.307883e-09	3.448784e+01	3.842594e+02
3.350000e-06	7.414500e-09	3.333185e-09	3.470365e+01	3.867045e+02
3.360000e-06	7.460213e-09	3.355786e-09	3.491761e+01	3.891294e+02
3.370000e-06	7.505585e-09	3.373156e-09	3.512997e+01	3.915339e+02
3.380000e-06	7.550645e-09	3.388995e-09	3.534088e+01	3.939180e+02
3.390000e-06	7.595415e-09	3.408798e-09	3.555042e+01	3.962814e+02
3.400000e-06	7.639917e-09	3.431989e-09	3.575871e+01	3.986242e+02
3.410000e-06	7.684151e-09	3.455112e-09	3.596575e+01	4.009460e+02
3.420000e-06	7.728041e-09	3.475667e-09	3.617118e+01	4.032469e+02
3.430000e-06	7.771489e-09	3.493576e-09	3.637454e+01	4.055267e+02
3.440000e-06	7.814398e-09	3.511722e-09	3.657537e+01	4.077853e+02
3.450000e-06	7.856705e-09	3.529376e-09	3.677339e+01	4.100225e+02
3.460000e-06	7.898420e-09	3.546143e-09	3.696864e+01	4.122383e+02
3.470000e-06	7.939604e-09	3.563628e-09	3.716139e+01	4.144325e+02
3.480000e-06	7.980350e-09	3.582628e-09	3.735210e+01	4.166051e+02
3.490000e-06	8.020752e-09	3.603352e-09	3.754121e+01	4.187558e+02
3.500000e-06	8.060847e-09	3.623423e-09	3.772887e+01	4.208847e+02
3.510000e-06	8.100621e-09	3.640629e-09	3.791503e+01	4.229915e+02
3.520000e-06	8.140021e-09	3.655642e-09	3.809945e+01	4.250762e+02
3.530000e-06	8.179015e-09	3.671348e-09	3.828196e+01	4.271386e+02
3.540000e-06	8.217607e-09	3.689123e-09	3.846259e+01	4.291787e+02
3.550000e-06	8.255781e-09	3.706791e-09	3.864126e+01	4.311964e+02
3.560000e-06	8.293516e-09	3.722663e-09	3.881788e+01	4.331915e+02
3.570000e-06	8.330829e-09	3.738820e-09	3.899252e+01	4.351639e+02
3.580000e-06	8.367767e-09	3.756674e-09	3.916541e+01	4.371136e+02
3.590000e-06	8.404377e-09	3.774502e-09	3.933676e+01	4.390404e+02
3.600000e-06	8.440693e-09	3.791631e-09	3.950674e+01	4.409442e+02
3.610000e-06	8.476662e-09	3.809215e-09	3.967509e+01	4.428249e+02
3.620000e-06	8.512198e-09	3.828141e-09	3.984142e+01	4.446825e+02
3.630000e-06	8.547174e-09	3.846181e-09	4.000512e+01	4.465168e+02
3.640000e-06	8.581510e-09	3.861255e-09	4.016583e+01	4.483278e+02
3.650000e-06	8.615223e-09	3.873870e-09	4.032362e+01	4.501153e+02
3.660000e-06	8.648360e-09	3.887724e-09	4.047872e+01	4.518792e+02
3.670000e-06	8.681041e-09	3.904086e-09	4.063168e+01	4.536195e+02
3.680000e-06	8.713385e-09	3.919460e-09	4.078307e+01	4.553361e+02
3.690000e-06	8.745393e-09	3.931871e-09	4.093288e+01	4.570288e+02
3.700000e-06	8.777011e-09	3.943239e-09	4.108087e+01	4.586977e+02
3.710000e-06	8.808202e-09	3.956855e-09	4.122686e+01	4.603425e+02
3.720000e-06	8.838934e-09	3.972773e-09	4.137070e+01	4.619632e+02
3.730000e-06	8.869207e-09	3.987793e-09	4.151239e+01	4.635598e+02
3.740000e-06	8.899024e-09	3.998687e-09	4.165195e+01	4.651321e+02
3.750000e-06	8.928399e-09	4.007901e-09	4.178944e+01	4.666801e+02
3.760000e-06	8.957382e-09	4.018146e-09	4.192509e+01	4.682037e+02
3.770000e-06	8.986044e-09	4.029230e-09	4.205925e+01	4.697027e+02
3.780000e-06	9.014419e-09	4.040914e-09	4.219205e+01	4.711772e+02
3.790000e-06	9.042462e-09	4.052730e-09	4.232331e+01	4.726271e+02
3.800000e-06	9.070045e-09	4.067316e-09	4.245241e+01	4.740522e+02
3.810000e-06	9.097022e-09	4.082822e-09	4.257868e+01	4.754525e+02
3.820000e-06	9.123271e-09	4.093631e-09	4.270154e+01	4.768279e+02
3.830000e-06	9.148780e-09	4.099862e-09	4.282093e+01	4.781784e+02
3.840000e-06	9.173707e-09	4.106637e-09	4.293760e+01	4.795038e+02
3.850000e-06	9.198189e-09	4.118819e-09	4.305219e+01	4.808042e+02
3.860000e-06	9.222267e-09	4.135630e-09	4.316488e+01	4.820794e+02
3.870000e-06	9.245912e-09	4.151043e-09	4.327555e+01	4.833294e+02
3.880000e-06	9.269080e-09	4.160006e-09	4.338399e+01	4.845540e+02
3.890000e-06	9.291783e-09	4.163920e-09	4.349025e+01	4.857534e+02
3.900000e-06	9.314038e-09	4.168832e-09	4.359441e+01	4.869273e+02
3.910000e-06	9.335838e-09	4.177885e-09	4.369645e+01	4.880757e+02
3.920000e-06	9.357162e-09	4.188550e-09	4.379625e+01	4.891986e+02
3.930000e-06	9.378057e-09	4.198592e-09	4.389405e+01	4.902959e+02
3.940000e-06	9.398621e-09	4.208422e-09	4.399030e+01	4.913676e+02
3.950000e-06	9.418875e-09	4.220459e-09	4.408510e+01	4.924135e+02
3.960000e-06	9.438755e-09	4.232872e-09	4.417815e+01	4.934337e+02
3.970000e-06	9.458154e-09	4.240037e-09	4.426894e+01	4.944280e+02
3.980000e-06	9.477006e-09	4.243733e-09	4.435718e+01	4.953965e+02
3.990000e-06	9.495309e-09	4.249623e-09	4.444285e+01	4.963391e+02
4.000000e-06	9.513131e-09	4.259868e-09	4.452626e+01	4.972557e+02
4.010000e-06	9.530553e-09	4.270362e-09	4.460780e+01	4.981462e+02
4.020000e-06	9.547541e-09	4.276008e-09	4.468732e+01	4.990107e+02
4.030000e-06	9.563984e-09	4.279480e-09	4.476428e+01	4.998491e+02
4.040000e-06	9.579779e-09	4.286987e-09	4.483821e+01	5.006614e+02
4.050000e-06	9.594923e-09	4.299142e-09	4.490909e+01	5.014474e+02
4.060000e-06	9.609521e-09	4.309718e-09	4.497741e+01	5.022072e+02
4.070000e-06	9.623631e-09	4.314501e-09	4.504345e+01	5.029407e+02
4.080000e-06	9.637251e-09	4.315291e-09	4.510720e+01	5.036479e+02
4.090000e-06	9.650371e-09	4.316149e-09	4.516861e+01	5.043287e+02
4.100000e-06	9.662990e-09	4.318920e-09	4.522767e+01	5.049832e+02
4.110000e-06	9.675134e-09	4.321430e-09	4.528451e+01	5.056112e+02
4.120000e-06	9.686734e-09	4.323300e-09	4.533880e+01	5.062128e+02
4.130000e-06	9.697652e-09	4.327795e-09	4.538990e+01	5.067879e+02
4.140000e-06	9.707777e-09	4.336416e-09	4.543729e+01	5.073364e+02
4.150000e-06	9.717129e-09	4.347184e-09	4.548106e+01	5.078585e+02
4.160000e-06	9.725907e-09	4.353916e-09	4.552215e+01	5.083539e+02
4.170000e-06	9.734309e-09	4.354046e-09	4.556147e+01	5.088227e+02
4.180000e-06	9.742383e-09	4.351371e-09	4.559926e+01	5.092649e+02
4.190000e-06	9.750042e-09	4.349885e-09	4.563511e+01	5.096805e+02
4.200000e-06	9.757198e-09	4.351958e-09	4.566860e+01	5.100694e+02
4.210000e-06	9.763853e-09	4.355740e-09	4.569975e+01	5.104316e+02
4.220000e-06	9.770032e-09	4.359094e-09	4.572867e+01	5.107671e+02
4.230000e-06	9.775703e-09	4.362665e-09	4.575521e+01	5.110759e+02
4.240000e-06	9.780845e-09	4.366551e-09	4.577928e+01	5.113579e+02
4.250000e-06	9.785562e-09	4.369341e-09	4.580136e+01	5.116132e+02
4.260000e-06	9.789952e-09	4.369279e-09	4.582190e+01	5.118417e+02
4.270000e-06	9.793983e-09	4.367169e-09	4.584077e+01	5.120434e+02
4.280000e-06	9.797514e-09	4.365347e-09	4.585730e+01	5.122183e+02
4.290000e-06	9.800356e-09	4.365984e-09	4.587060e+01	5.123664e+02
4.300000e-06	9.802410e-09	4.367155e-09	4.588021e+01	5.124877e+02
4.310000e-06	9.803731e-09	4.365828e-09	4.588639e+01	5.125822e+02
4.320000e-06	9.804513e-09	4.363625e-09	4.589005e+01	5.126498e+02
4.330000e-06	9.804943e-09	4.362748e-09	4.589206e+01	5.126907e+02
4.340000e-06	9.805030e-09	4.364676e-09	4.589247e+01	5.127047e+02
4.350000e-06	9.804698e-09	4.365941e-09	4.589091e+01	5.126918e+02
4.360000e-06	9.803870e-09	4.364367e-09	4.588704e+01	5.126522e+02
4.370000e-06	9.802563e-09	4.362844e-09	4.588092e+01	5.125857e+02
4.380000e-06	9.800843e-09	4.362220e-09	4.587287e+01	5.124924e+02
4.390000e-06	9.798672e-09	4.368165e-09	4.586271e+01	5.123723e+02
4.400000e-06	9.796009e-09	4.382937e-09	4.585024e+01	5.122254e+02
4.410000e-06	9.792914e-09	4.379653e-09	4.583575e+01	5.120516e+02
4.420000e-06	9.789487e-09	4.327986e-09	4.581972e+01	5.118511e+02
4.430000e-06	9.785683e-09	4.283048e-09	4.580191e+01	5.116238e+02
4.440000e-06	9.781178e-09	4.319472e-09	4.578082e+01	5.113697e+02
4.450000e-06	9.775583e-09	4.381034e-09	4.575463e+01	5.110889e+02
4.460000e-06	9.768946e-09	4.383975e-09	4.572357e+01	5.107813e+02
4.470000e-06	9.761824e-09	4.361697e-09	4.569023e+01	5.104470e+02
4.480000e-06	9.754578e-09	4.396291e-09	4.565631e+01	5.100859e+02
4.490000e-06	9.747040e-09	4.391855e-09	4.562103e+01	5.096982e+02
4.500000e-06	9.739024e-09	4.290973e-09	4.558351e+01	5.092838e+02
4.510000e-06	9.730689e-09	4.274073e-09	4.554450e+01	5.088428e+02
4.520000e-06	9.722142e-09	4.351198e-09	4.550450e+01	5.083751e+02
4.530000e-06	9.713073e-09	4.328028e-09	4.546205e+01	5.078809e+02
4.540000e-06	9.703260e-09	4.261216e-09	4.541612e+01	5.073600e+02
4.550000e-06	9.692960e-09	4.309538e-09	4.536791e+01	5.068126e+02
4.560000e-06	9.682382e-09	4.342192e-09	4.531840e+01	5.062387e+02
4.570000e-06	9.671315e-09	4.247800e-09	4.526660e+01	5.056383e+02
4.580000e-06	9.659614e-09	4.220532e-09	4.521183e+01	5.050114e+02
4.590000e-06	9.647325e-09	4.310030e-09	4.515431e+01	5.043582e+02
4.600000e-06	9.634286e-09	4.319540e-09	4.509328e+01	5.036785e+02
4.610000e-06	9.620295e-09	4.298825e-09	4.502779e+01	5.029724e+02
4.620000e-06	9.605560e-09	4.356805e-09	4.495883e+01	5.022401e+02
4.630000e-06	9.590379e-09	4.346544e-09	4.488777e+01	5.014814e+02
4.640000e-06	9.574825e-09	4.255028e-09	4.481497e+01	5.006966e+02
4.650000e-06	9.558946e-09	4.270882e-09	4.474065e+01	4.998855e+02
4.660000e-06	9.542719e-09	4.314676e-09	4.466469e+01	4.990483e+02
4.670000e-06	9.525982e-09	4.270357e-09	4.458636e+01	4.981849e+02
4.680000e-06	9.508656e-09	4.266229e-09	4.450526e+01	4.972955e+02
4.690000e-06	9.490849e-09	4.302444e-09	4.442192e+01	4.963801e+02
4.700000e-06	9.472578e-09	4.270289e-09	4.433640e+01	4.954386e+02
4.710000e-06	9.453782e-09	4.243759e-09	4.424842e+01	4.944713e+02
4.720000e-06	9.434565e-09	4.246777e-09	4.415847e+01	4.934781e+02
4.730000e-06	9.415029e-09	4.206773e-09	4.406704e+01	4.924591e+02
4.740000e-06	9.395139e-09	4.196178e-09	4.397394e+01	4.914143e+02
4.750000e-06	9.374760e-09	4.227013e-09	4.387855e+01	4.903437e+02
4.760000e-06	9.353725e-09	4.217225e-09	4.378010e+01	4.892476e+02
4.770000e-06	9.331899e-09	4.200303e-09	4.367794e+01	4.881258e+02
4.780000e-06	9.309342e-09	4.193762e-09	4.357236e+01	4.869785e+02
4.790000e-06	9.286289e-09	4.164299e-09	4.346447e+01	4.858057e+02
4.800000e-06	9.262865e-09	4.155239e-09	4.335483e+01	4.846075e+02
4.810000e-06	9.239107e-09	4.167219e-09	4.324363e+01	4.833839e+02
4.820000e-06	9.214988e-09	4.146879e-09	4.313074e+01	4.821350e+02
4.830000e-06	9.190408e-09	4.138110e-09	4.301569e+01	4.808609e+02
4.840000e-06	9.165333e-09	4.142969e-09	4.289833e+01	4.795617e+02
4.850000e-06	9.139779e-09	4.118169e-09	4.277872e+01	4.782373e+02
4.860000e-06	9.113752e-09	4.104874e-09	4.265690e+01	4.768880e+02
4.870000e-06	9.087260e-09	4.100246e-09	4.253290e+01	4.755136e+02
4.880000e-06	9.060303e-09	4.076772e-09	4.240673e+01	4.741144e+02
4.890000e-06	9.032938e-09	4.068832e-09	4.227865e+01	4.726904e+02
4.900000e-06	9.005249e-09	4.071165e-09	4.214905e+01	4.712417e+02
4.910000e-06	8.977223e-09	4.051788e-09	4.201787e+01	4.697683e+02
4.920000e-06	8.948701e-09	4.034032e-09	4.188437e+01	4.682703e+02
4.930000e-06	8.919511e-09	4.020323e-09	4.174775e+01	4.667478e+02
4.940000e-06	8.889662e-09	4.001395e-09	4.160804e+01	4.652009e+02
4.950000e-06	8.859195e-09	3.994085e-09	4.146544e+01	4.636297e+02
4.960000e-06	8.828186e-09	3.987494e-09	4.132030e+01	4.620342e+02
4.970000e-06	8.796757e-09	3.972550e-09	4.117320e+01	4.604145e+02
4.980000e-06	8.764962e-09	3.960031e-09	4.102438e+01	4.587707e+02
4.990000e-06	8.732783e-09	3.948315e-09	4.087377e+01	4.571029e+02
5.000000e-06	8.700161e-09	3.929256e-09	4.072108e+01	4.554112e+02
5.010000e-06	8.667080e-09	3.907100e-09	4.056624e+01	4.536957e+02
5.020000e-06	8.633562e-09	3.889021e-09	4.040936e+01	4.519565e+02
5.030000e-06	8.599639e-09	3.878092e-09	4.025058e+01	4.501936e+02
5.040000e-06	8.565298e-09	3.871779e-09	4.008985e+01	4.484071e+02
5.050000e-06	8.530507e-09	3.861358e-09	3.992701e+01	4.465972e+02
5.060000e-06	8.495323e-09	3.844748e-09	3.976233e+01	4.447639e+02
5.070000e-06	8.459831e-09	3.826801e-09	3.959620e+01	4.429073e+02
5.080000e-06	8.424040e-09	3.812225e-09	3.942869e+01	4.410276e+02
5.090000e-06	8.387913e-09	3.797127e-09	3.925959e+01	4.391248e+02
5.100000e-06	8.351331e-09	3.778737e-09	3.908837e+01	4.371990e+02
5.110000e-06	8.314129e-09	3.760428e-09	3.891425e+01	4.352504e+02
5.120000e-06	8.276250e-09	3.744689e-09	3.873695e+01	4.332790e+02
5.130000e-06	8.237728e-09	3.732701e-09	3.855665e+01	4.312849e+02
5.140000e-06	8.198658e-09	3.718847e-09	3.837378e+01	4.292682e+02
5.150000e-06	8.159207e-09	3.702209e-09	3.818913e+01	4.272291e+02
5.160000e-06	8.119442e-09	3.686496e-09	3.800301e+01	4.251676e+02
5.170000e-06	8.079326e-09	3.671558e-09	3.781525e+01	4.230839e+02
5.180000e-06	8.038836e-09	3.657078e-09	3.762573e+01	4.209781e+02
5.190000e-06	7.997968e-09	3.640502e-09	3.743445e+01	4.188502e+02
5.200000e-06	7.956702e-09	3.618266e-09	3.724130e+01	4.167004e+02
5.210000e-06	7.915044e-09	3.593464e-09	3.704632e+01	4.145288e+02
5.220000e-06	7.873028e-09	3.573766e-09	3.684966e+01	4.123355e+02
5.230000e-06	7.830661e-09	3.560270e-09	3.665137e+01	4.101207e+02
5.240000e-06	7.787933e-09	3.549608e-09	3.645138e+01	4.078844e+02
5.250000e-06	7.744831e-09	3.535852e-09	3.624963e+01	4.056268e+02
5.260000e-06	7.701403e-09	3.517406e-09	3.604637e+01	4.033479e+02
5.270000e-06	7.657699e-09	3.498996e-09	3.584181e+01	4.010480e+02
5.280000e-06	7.613679e-09	3.482461e-09	3.563578e+01	3.987270e+02
5.290000e-06	7.569281e-09	3.464366e-09	3.542797e+01	3.963852e+02
5.300000e-06	7.524483e-09	3.441086e-09	3.521830e+01	3.940227e+02
5.310000e-06	7.479274e-09	3.416567e-09	3.500669e+01	3.916395e+02
5.320000e-06	7.433634e-09	3.395096e-09	3.479307e+01	3.892359e+02
5.330000e-06	7.387593e-09	3.379219e-09	3.457758e+01	3.868119e+02
5.340000e-06	7.341244e-09	3.365267e-09	3.436064e+01	3.843677e+02
5.350000e-06	7.294590e-09	3.347460e-09	3.414228e+01	3.819033e+02
5.360000e-06	7.247580e-09	3.326805e-09	3.392224e+01	3.794190e+02
5.370000e-06	7.200173e-09	3.304440e-09	3.370035e+01	3.769149e+02
5.380000e-06	7.152312e-09	3.282386e-09	3.347634e+01	3.743910e+02
5.390000e-06	7.103994e-09	3.260617e-09	3.325019e+01	3.718475e+02
5.400000e-06	7.055220e-09	3.236251e-09	3.302190e+01	3.692846e+02
5.410000e-06	7.005995e-09	3.210245e-09	3.279150e+01	3.667024e+02
5.420000e-06	6.956343e-09	3.188629e-09	3.255911e+01	3.641010e+02
5.430000e-06	6.906304e-09	3.172208e-09	3.232490e+01	3.614805e+02
5.440000e-06	6.855916e-09	3.154996e-09	3.208906e+01	3.588411e+02
5.450000e-06	6.805169e-09	3.133251e-09	3.185153e+01	3.561830e+02
5.460000e-06	6.754043e-09	3.107482e-09	3.161224e+01	3.535062e+02
5.470000e-06	6.702530e-09	3.082348e-09	3.137113e+01	3.508110e+02
5.480000e-06	6.650634e-09	3.060548e-09	3.112823e+01	3.480974e+02
5.490000e-06	6.598361e-09	3.038617e-09	3.088357e+01	3.453656e+02
5.500000e-06	6.545675e-09	3.012280e-09	3.063697e+01	3.426157e+02
5.510000e-06	6.492516e-09	2.983751e-09	3.038816e+01	3.398479e+02
5.520000e-06	6.438864e-09	2.959250e-09	3.013704e+01	3.370623e+02
5.530000e-06	6.384734e-09	2.941034e-09	2.988369e+01	3.342591e+02
5.540000e-06	6.330142e-09	2.924295e-09	2.962817e+01	3.314384e+02
5.550000e-06	6.275154e-09	2.902202e-09	2.937080e+01	3.286004e+02
5.560000e-06	6.219844e-09	2.875404e-09	2.911192e+01	3.257452e+02
5.570000e-06	6.164239e-09	2.849889e-09	2.885165e+01	3.228730e+02
5.580000e-06	6.108348e-09	2.826047e-09	2.859006e+01	3.199838e+02
5.590000e-06	6.052203e-09	2.800277e-09	2.832727e+01	3.170780e+02
5.600000e-06	5.995786e-09	2.771741e-09	2.806321e+01	3.141555e+02
5.610000e-06	5.939080e-09	2.743768e-09	2.779780e+01	3.112167e+02
5.620000e-06	5.882099e-09	2.720674e-09	2.753110e+01	3.082615e+02
5.630000e-06	5.824856e-09	2.699781e-09	2.726317e+01	3.052903e+02
5.640000e-06	5.767348e-09	2.673505e-09	2.699401e+01	3.023030e+02
5.650000e-06	5.709534e-09	2.639926e-09	2.672340e+01	2.993000e+02
5.660000e-06	5.651413e-09	2.605902e-09	2.645137e+01	2.962813e+02
5.670000e-06	5.593009e-09	2.578715e-09	2.617801e+01	2.932471e+02
5.680000e-06	5.534328e-09	2.557862e-09	2.590335e+01	2.901976e+02
5.690000e-06	5.475390e-09	2.535439e-09	2.562749e+01	2.871329e+02
5.700000e-06	5.416211e-09	2.508520e-09	2.535051e+01	2.840532e+02
5.710000e-06	5.356779e-09	2.480164e-09	2.507233e+01	2.809586e+02
5.720000e-06	5.297093e-09	2.453222e-09	2.479297e+01	2.778494e+02
5.730000e-06	5.237203e-09	2.427115e-09	2.451265e+01	2.747256e+02
5.740000e-06	5.177086e-09	2.398587e-09	2.423128e+01	2.715875e+02
5.750000e-06	5.116703e-09	2.369985e-09	2.394865e+01	2.684351e+02
5.760000e-06	5.056040e-09	2.345396e-09	2.366472e+01	2.652687e+02
5.770000e-06	4.995049e-09	2.324703e-09	2.337925e+01	2.620885e+02
5.780000e-06	4.933717e-09	2.302874e-09	2.309219e+01	2.588946e+02
5.790000e-06	4.872058e-09	2.274606e-09	2.280359e+01	2.556871e+02
5.800000e-06	4.810072e-09	2.241622e-09	2.251347e+01	2.524662e+02
5.810000e-06	4.747744e-09	2.210465e-09	2.222174e+01	2.492322e+02
5.820000e-06	4.685105e-09	2.183851e-09	2.192856e+01	2.459851e+02
5.830000e-06	4.622185e-09	2.157347e-09	2.163406e+01	2.427252e+02
5.840000e-06	4.558980e-09	2.129018e-09	2.133823e+01	2.394526e+02
5.850000e-06	4.495535e-09	2.101620e-09	2.104127e+01	2.361674e+02
5.860000e-06	4.431889e-09	2.077345e-09	2.074338e+01	2.328699e+02
5.870000e-06	4.368067e-09	2.054518e-09	2.044466e+01	2.295603e+02
5.880000e-06	4.304093e-09	2.027212e-09	2.014523e+01	2.262386e+02
5.890000e-06	4.239958e-09	1.993320e-09	1.984504e+01	2.229052e+02
5.900000e-06	4.175635e-09	1.957818e-09	1.954398e+01	2.195600e+02
5.910000e-06	4.111120e-09	1.926905e-09	1.924201e+01	2.162034e+02
5.920000e-06	4.046411e-09	1.901621e-09	1.893915e+01	2.128355e+02
5.930000e-06	3.981469e-09	1.875281e-09	1.863518e+01	2.094565e+02
5.940000e-06	3.916331e-09	1.844025e-09	1.833030e+01	2.060666e+02
5.950000e-06	3.851030e-09	1.813138e-09	1.802466e+01	2.026658e+02
5.960000e-06	3.785539e-09	1.784578e-09	1.771813e+01	1.992545e+02
5.970000e-06	3.719833e-09	1.754727e-09	1.741059e+01	1.958328e+02
5.980000e-06	3.653897e-09	1.722623e-09	1.710198e+01	1.924008e+02
5.990000e-06	3.587775e-09	1.691542e-09	1.679249e+01	1.889588e+02
6.000000e-06	3.521487e-09	1.663530e-09	1.648223e+01	1.855069e+02
6.010000e-06	3.455050e-09	1.636721e-09	1.617127e+01	1.820453e+02
6.020000e-06	3.388503e-09	1.608372e-09	1.585980e+01	1.785742e+02
6.030000e-06	3.321837e-09	1.576345e-09	1.554777e+01	1.750938e+02
6.040000e-06	3.255034e-09	1.542287e-09	1.523510e+01	1.716043e+02
6.050000e-06	3.188090e-09	1.511303e-09	1.492177e+01	1.681057e+02
6.060000e-06	3.121000e-09	1.483974e-09	1.460775e+01	1.645984e+02
6.070000e-06	3.053778e-09	1.455736e-09	1.429311e+01	1.610825e+02
6.080000e-06	2.986408e-09	1.422916e-09	1.397779e+01	1.575582e+02
6.090000e-06	2.918877e-09	1.389171e-09	1.366171e+01	1.540257e+02
6.100000e-06	2.851191e-09	1.358297e-09	1.334490e+01	1.504851e+02
6.110000e-06	2.783356e-09	1.327890e-09	1.302740e+01	1.469367e+02
6.120000e-06	2.715405e-09	1.296339e-09	1.270935e+01	1.433806e+02
6.130000e-06	2.647296e-09	1.264749e-09	1.239057e+01	1.398170e+02
6.140000e-06	2.579038e-09	1.234621e-09	1.207109e+01	1.362461e+02
6.150000e-06	2.510654e-09	1.205666e-09	1.175102e+01	1.326681e+02
6.160000e-06	2.442142e-09	1.174933e-09	1.143035e+01	1.290832e+02
6.170000e-06	2.373510e-09	1.140697e-09	1.110912e+01	1.254915e+02
6.180000e-06	2.304740e-09	1.105775e-09	1.078724e+01	1.218933e+02
6.190000e-06	2.235820e-09	1.074387e-09	1.046466e+01	1.182887e+02
6.200000e-06	2.166753e-09	1.045802e-09	1.014139e+01	1.146780e+02
6.210000e-06	2.097560e-09	1.015583e-09	9.817535e+00	1.110613e+02
6.220000e-06	2.028226e-09	9.810750e-10	9.493017e+00	1.074388e+02
6.230000e-06	1.958764e-09	9.457460e-10	9.167902e+00	1.038107e+02
6.240000e-06	1.889165e-09	9.145825e-10	8.842141e+00	1.001772e+02
6.250000e-06	1.819430e-09	8.861768e-10	8.515749e+00	9.653841e+01
6.260000e-06	1.749580e-09	8.551957e-10	8.188814e+00	9.289464e+01
6.270000e-06	1.679592e-09	8.212495e-10	7.861238e+00	8.924603e+01
6.280000e-06	1.609501e-09	7.871393e-10	7.533176e+00	8.559277e+01
6.290000e-06	1.539327e-09	7.545590e-10	7.204729e+00	8.193505e+01
6.300000e-06	1.469088e-09	7.221205e-10	6.875975e+00	7.827307e+01
6.310000e-06	1.398786e-09	6.865105e-10	6.546929e+00	7.460701e+01
6.320000e-06	1.328388e-09	6.498774e-10	6.217430e+00	7.093707e+01
6.330000e-06	1.257899e-09	6.162471e-10	5.887504e+00	6.726344e+01
6.340000e-06	1.187341e-09	5.867036e-10	5.557258e+00	6.358632e+01
6.350000e-06	1.116685e-09	5.562522e-10	5.226554e+00	5.990588e+01
6.360000e-06	1.045933e-09	5.207968e-10	4.895400e+00	5.622234e+01
6.370000e-06	9.751389e-10	4.834196e-10	4.564046e+00	5.253588e+01
6.380000e-06	9.043028e-10	4.491910e-10	4.232497e+00	4.884669e+01
6.390000e-06	8.334068e-10	4.179754e-10	3.900668e+00	4.515497e+01
6.400000e-06	7.624584e-10	3.856858e-10	3.568593e+00	4.146091e+01
6.410000e-06	6.914845e-10	3.521304e-10	3.236399e+00	3.776470e+01
6.420000e-06	6.204833e-10	3.187604e-10	2.904078e+00	3.406654e+01
6.430000e-06	5.494419e-10	2.858821e-10	2.571569e+00	3.036663e+01
6.440000e-06	4.783670e-10	2.525740e-10	2.238902e+00	2.666514e+01
6.450000e-06	4.072737e-10	2.164920e-10	1.906149e+00	2.296229e+01
6.460000e-06	3.361736e-10	1.773819e-10	1.573365e+00	1.925826e+01
6.470000e-06	2.650685e-10	1.382358e-10	1.240557e+00	1.555325e+01
6.480000e-06	1.939463e-10	1.035015e-10	9.076684e-01	1.184744e+01
6.490000e-06	1.228004e-10	7.387659e-11	5.746688e-01	8.141048e+00
6.500000e-06	5.165937e-11	4.406930e-11	2.416926e-01	4.434251e+00
6.510000e-06	-1.948296e-11	9.886878e-12	-9.128993e-02	7.272470e-01
6.520000e-06	-9.063820e-11	-2.636582e-11	-4.243327e-01	-2.979769e+00
6.530000e-06	-1.617785e-10	-6.063093e-11	-7.573055e-01	-6.686604e+00
6.540000e-06	-2.329067e-10	-9.046302e-11	-1.090222e+00	-1.039306e+01
6.550000e-06	-3.040100e-10	-1.192956e-10	-1.423022e+00	-1.409895e+01
6.560000e-06	-3.750753e-10	-1.533242e-10	-1.755643e+00	-1.780407e+01
6.570000e-06	-4.461107e-10	-1.893110e-10	-2.088125e+00	-2.150824e+01
6.580000e-06	-5.171050e-10	-2.237833e-10	-2.420414e+00	-2.521125e+01
6.590000e-06	-5.880537e-10	-2.563633e-10	-2.752490e+00	-2.891292e+01
6.600000e-06	-6.589639e-10	-2.902539e-10	-3.084385e+00	-3.261305e+01
6.610000e-06	-7.298383e-10	-3.273548e-10	-3.416113e+00	-3.631144e+01
6.620000e-06	-8.006893e-10	-3.628759e-10	-3.747731e+00	-4.000791e+01
6.630000e-06	-8.715124e-10	-3.939054e-10	-4.079219e+00	-4.370225e+01
6.640000e-06	-9.422898e-10	-4.227233e-10	-4.410493e+00	-4.739428e+01
6.650000e-06	-1.013023e-09	-4.561932e-10	-4.741559e+00	-5.108380e+01
6.660000e-06	-1.083700e-09	-4.929047e-10	-5.072365e+00	-5.477062e+01
6.670000e-06	-1.154309e-09	-5.288038e-10	-5.402846e+00	-5.845454e+01
6.680000e-06	-1.224825e-09	-5.624063e-10	-5.732900e+00	-6.213538e+01
6.690000e-06	-1.295262e-09	-5.930522e-10	-6.062577e+00	-6.581294e+01
6.700000e-06	-1.365599e-09	-6.239142e-10	-6.391791e+00	-6.948702e+01
6.710000e-06	-1.435805e-09	-6.531875e-10	-6.720387e+00	-7.315744e+01
6.720000e-06	-1.505910e-09	-6.834863e-10	-7.048512e+00	-7.682400e+01
6.730000e-06	-1.575951e-09	-7.165000e-10	-7.376340e+00	-8.048651e+01
6.740000e-06	-1.645897e-09	-7.535359e-10	-7.703720e+00	-8.414478e+01
6.750000e-06	-1.715711e-09	-7.945337e-10	-8.030487e+00	-8.779862e+01
6.760000e-06	-1.785415e-09	-8.316210e-10	-8.356733e+00	-9.144783e+01
6.770000e-06	-1.855015e-09	-8.615020e-10	-8.682492e+00	-9.509223e+01
6.780000e-06	-1.924502e-09	-8.851514e-10	-9.007727e+00	-9.873162e+01
6.790000e-06	-1.993863e-09	-9.092476e-10	-9.332371e+00	-1.023658e+02
6.800000e-06	-2.063087e-09	-9.395712e-10	-9.656372e+00	-1.059946e+02
6.810000e-06	-2.132182e-09	-9.765925e-10	-9.979769e+00	-1.096178e+02
6.820000e-06	-2.201143e-09	-1.016993e-09	-1.030254e+01	-1.132353e+02
6.830000e-06	-2.269939e-09	-1.054991e-09	-1.062454e+01	-1.168468e+02
6.840000e-06	-2.338553e-09	-1.088976e-09	-1.094569e+01	-1.204522e+02
6.850000e-06	-2.407057e-09	-1.119870e-09	-1.126632e+01	-1.240512e+02
6.860000e-06	-2.475440e-09	-1.146790e-09	-1.158639e+01	-1.276437e+02
6.870000e-06	-2.543653e-09	-1.171384e-09	-1.190566e+01	-1.312295e+02
6.880000e-06	-2.611710e-09	-1.198170e-09	-1.222420e+01	-1.348084e+02
6.890000e-06	-2.679624e-09	-1.231751e-09	-1.254207e+01	-1.383802e+02
6.900000e-06	-2.747407e-09	-1.271986e-09	-1.285933e+01	-1.419447e+02
6.910000e-06	-2.815068e-09	-1.312054e-09	-1.317602e+01	-1.455018e+02
6.920000e-06	-2.882600e-09	-1.347488e-09	-1.349210e+01	-1.490512e+02
6.930000e-06	-2.949975e-09	-1.379402e-09	-1.380745e+01	-1.525928e+02
6.940000e-06	-3.017206e-09	-1.410444e-09	-1.412212e+01	-1.561263e+02
6.950000e-06	-3.084307e-09	-1.441587e-09	-1.443619e+01	-1.596517e+02
6.960000e-06	-3.151267e-09	-1.471015e-09	-1.474960e+01	-1.631687e+02
6.970000e-06	-3.218079e-09	-1.500198e-09	-1.506231e+01	-1.666771e+02
6.980000e-06	-3.284721e-09	-1.533023e-09	-1.537423e+01	-1.701767e+02
6.990000e-06	-3.351201e-09	-1.569904e-09	-1.568539e+01	-1.736674e+02
7.000000e-06	-3.417553e-09	-1.606742e-09	-1.599595e+01	-1.771490e+02
7.010000e-06	-3.483766e-09	-1.638691e-09	-1.630586e+01	-1.806213e+02
7.020000e-06	-3.549811e-09	-1.667195e-09	-1.661499e+01	-1.840841e+02
7.030000e-06	-3.615680e-09	-1.697709e-09	-1.692328e+01	-1.875372e+02
7.040000e-06	-3.681365e-09	-1.730544e-09	-1.723072e+01	-1.909805e+02
7.050000e-06	-3.746853e-09	-1.761706e-09	-1.753724e+01	-1.944138e+02
7.060000e-06	-3.812134e-09	-1.790193e-09	-1.784279e+01	-1.978368e+02
7.070000e-06	-3.877229e-09	-1.818701e-09	-1.814747e+01	-2.012495e+02
7.080000e-06	-3.942140e-09	-1.848667e-09	-1.845128e+01	-2.046516e+02
7.090000e-06	-4.006853e-09	-1.879923e-09	-1.875417e+01	-2.080429e+02
7.100000e-06	-4.071384e-09	-1.910993e-09	-1.905621e+01	-2.114233e+02
7.110000e-06	-4.135749e-09	-1.940428e-09	-1.935747e+01	-2.147926e+02
7.120000e-06	-4.199944e-09	-1.970967e-09	-1.965793e+01	-2.181507e+02
7.130000e-06	-4.263945e-09	-2.004195e-09	-1.995749e+01	-2.214973e+02
7.140000e-06	-4.327741e-09	-2.038603e-09	-2.025609e+01	-2.248322e+02
7.150000e-06	-4.391355e-09	-2.071254e-09	-2.055383e+01	-2.281554e+02
7.160000e-06	-4.454773e-09	-2.099166e-09	-2.085066e+01	-2.314666e+02
7.170000e-06	-4.517983e-09	-2.124387e-09	-2.114652e+01	-2.347656e+02
7.180000e-06	-4.580981e-09	-2.151978e-09	-2.144138e+01	-2.380523e+02
7.190000e-06	-4.643732e-09	-2.182047e-09	-2.173508e+01	-2.413265e+02
7.200000e-06	-4.706223e-09	-2.211671e-09	-2.202757e+01	-2.445881e+02
7.210000e-06	-4.768400e-09	-2.240249e-09	-2.231859e+01	-2.478368e+02
7.220000e-06	-4.830217e-09	-2.271041e-09	-2.260793e+01	-2.510725e+02
7.230000e-06	-4.891685e-09	-2.304592e-09	-2.289562e+01	-2.542951e+02
7.240000e-06	-4.952815e-09	-2.335447e-09	-2.318175e+01	-2.575042e+02
7.250000e-06	-5.013625e-09	-2.361029e-09	-2.346637e+01	-2.606999e+02
7.260000e-06	-5.074133e-09	-2.384087e-09	-2.374957e+01	-2.638819e+02
7.270000e-06	-5.134346e-09	-2.410454e-09	-2.403140e+01	-2.670501e+02
7.280000e-06	-5.194271e-09	-2.441375e-09	-2.431188e+01	-2.702042e+02
7.290000e-06	-5.253962e-09	-2.471620e-09	-2.459126e+01	-2.733441e+02
7.300000e-06	-5.313440e-09	-2.497782e-09	-2.486965e+01	-2.764698e+02
7.310000e-06	-5.372694e-09	-2.522246e-09	-2.514699e+01	-2.795809e+02
7.320000e-06	-5.431723e-09	-2.550406e-09	-2.542327e+01	-2.826773e+02
7.330000e-06	-5.490514e-09	-2.582056e-09	-2.569845e+01	-2.857589e+02
7.340000e-06	-5.549048e-09	-2.612650e-09	-2.597241e+01	-2.888255e+02
7.350000e-06	-5.607330e-09	-2.640764e-09	-2.624520e+01	-2.918770e+02
7.360000e-06	-5.665339e-09	-2.666181e-09	-2.651671e+01	-2.949131e+02
7.370000e-06	-5.723032e-09	-2.690449e-09	-2.678674e+01	-2.979338e+02
7.380000e-06	-5.780395e-09	-2.715878e-09	-2.705523e+01	-3.009388e+02
7.390000e-06	-5.837436e-09	-2.741279e-09	-2.732221e+01	-3.039280e+02
7.400000e-06	-5.894177e-09	-2.766607e-09	-2.758779e+01	-3.069014e+02
7.410000e-06	-5.950624e-09	-2.793628e-09	-2.785199e+01	-3.098586e+02
7.420000e-06	-6.006811e-09	-2.821949e-09	-2.811497e+01	-3.127995e+02
7.430000e-06	-6.062759e-09	-2.847921e-09	-2.837684e+01	-3.157240e+02
7.440000e-06	-6.118453e-09	-2.870424e-09	-2.863751e+01	-3.186320e+02
7.450000e-06	-6.173870e-09	-2.892821e-09	-2.889689e+01	-3.215233e+02
7.460000e-06	-6.228983e-09	-2.917281e-09	-2.915485e+01	-3.243977e+02
7.470000e-06	-6.283784e-09	-2.943520e-09	-2.941134e+01	-3.272550e+02
7.480000e-06	-6.338205e-09	-2.968502e-09	-2.966606e+01	-3.300952e+02
7.490000e-06	-6.392171e-09	-2.989380e-09	-2.991865e+01	-3.329181e+02
7.500000e-06	-6.445677e-09	-3.009229e-09	-3.016908e+01	-3.357236e+02
7.510000e-06	-6.498723e-09	-3.033432e-09	-3.041736e+01	-3.385114e+02
7.520000e-06	-6.551289e-09	-3.061316e-09	-3.066340e+01	-3.412815e+02
7.530000e-06	-6.603406e-09	-3.087360e-09	-3.090733e+01	-3.440336e+02
7.540000e-06	-6.655109e-09	-3.109568e-09	-3.114932e+01	-3.467677e+02
7.550000e-06	-6.706424e-09	-3.131104e-09	-3.138950e+01	-3.494837e+02
7.560000e-06	-6.757405e-09	-3.155069e-09	-3.162812e+01	-3.521812e+02
7.570000e-06	-6.808050e-09	-3.179878e-09	-3.186516e+01	-3.548604e+02
7.580000e-06	-6.858325e-09	-3.201874e-09	-3.210047e+01	-3.575209e+02
7.590000e-06	-6.908225e-09	-3.222005e-09	-3.233403e+01	-3.601626e+02
7.600000e-06	-6.957706e-09	-3.242828e-09	-3.256562e+01	-3.627855e+02
7.610000e-06	-7.006738e-09	-3.265285e-09	-3.279512e+01	-3.653893e+02
7.620000e-06	-7.055321e-09	-3.289643e-09	-3.302251e+01	-3.679740e+02
7.630000e-06	-7.103418e-09	-3.313359e-09	-3.324763e+01	-3.705394e+02
7.640000e-06	-7.151030e-09	-3.334937e-09	-3.347047e+01	-3.730853e+02
7.650000e-06	-7.198154e-09	-3.355837e-09	-3.369103e+01	-3.756117e+02
7.660000e-06	-7.244810e-09	-3.376991e-09	-3.390941e+01	-3.781184e+02
7.670000e-06	-7.291114e-09	-3.397609e-09	-3.412613e+01	-3.806052e+02
7.680000e-06	-7.337117e-09	-3.416054e-09	-3.434145e+01	-3.830721e+02
7.690000e-06	-7.382815e-09	-3.434031e-09	-3.455534e+01	-3.855189e+02
7.700000e-06	-7.428215e-09	-3.454483e-09	-3.476784e+01	-3.879455e+02
7.710000e-06	-7.473279e-09	-3.477592e-09	-3.497876e+01	-3.903517e+02
7.720000e-06	-7.517961e-09	-3.500356e-09	-3.518789e+01	-3.927375e+02
7.730000e-06	-7.562282e-09	-3.520320e-09	-3.539533e+01	-3.951026e+02
7.740000e-06	-7.606291e-09	-3.537802e-09	-3.560132e+01	-3.974471e+02
7.750000e-06	-7.650003e-09	-3.555287e-09	-3.580592e+01	-3.997706e+02
7.760000e-06	-7.693436e-09	-3.573721e-09	-3.600920e+01	-4.020733e+02
7.770000e-06	-7.736589e-09	-3.591487e-09	-3.621118e+01	-4.043548e+02
7.780000e-06	-7.779418e-09	-3.609111e-09	-3.641164e+01	-4.066152e+02
7.790000e-06	-7.821868e-09	-3.627294e-09	-3.661033e+01	-4.088542e+02
7.800000e-06	-7.863943e-09	-3.646058e-09	-3.680726e+01	-4.110717e+02
7.810000e-06	-7.905632e-09	-3.665637e-09	-3.700239e+01	-4.132678e+02
7.820000e-06	-7.946903e-09	-3.685832e-09	-3.719555e+01	-4.154421e+02
7.830000e-06	-7.987759e-09	-3.705868e-09	-3.738678e+01	-4.175947e+02
7.840000e-06	-8.028231e-09	-3.724062e-09	-3.757621e+01	-4.197253e+02
7.850000e-06	-8.068356e-09	-3.739254e-09	-3.776401e+01	-4.218340e+02
7.860000e-06	-8.108155e-09	-3.753067e-09	-3.795030e+01	-4.239205e+02
7.870000e-06	-8.147645e-09	-3.768171e-09	-3.813513e+01	-4.259848e+02
7.880000e-06	-8.186797e-09	-3.784136e-09	-3.831838e+01	-4.280268e+02
7.890000e-06	-8.225542e-09	-3.799938e-09	-3.849972e+01	-4.300463e+02
7.900000e-06	-8.263764e-09	-3.814941e-09	-3.867862e+01	-4.320433e+02
7.910000e-06	-8.301362e-09	-3.830180e-09	-3.885460e+01	-4.340176e+02
7.920000e-06	-8.338326e-09	-3.847152e-09	-3.902761e+01	-4.359691e+02
7.930000e-06	-8.374726e-09	-3.863351e-09	-3.919797e+01	-4.378978e+02
7.940000e-06	-8.410677e-09	-3.876105e-09	-3.936624e+01	-4.398035e+02
7.950000e-06	-8.446262e-09	-3.886356e-09	-3.953280e+01	-4.416862e+02
7.960000e-06	-8.481514e-09	-3.897859e-09	-3.969780e+01	-4.435457e+02
7.970000e-06	-8.516403e-09	-3.912247e-09	-3.986109e+01	-4.453819e+02
7.980000e-06	-8.550892e-09	-3.928584e-09	-4.002252e+01	-4.471948e+02
7.990000e-06	-8.584970e-09	-3.945421e-09	-4.018202e+01	-4.489843e+02
8.000000e-06	-8.618627e-09	-3.960149e-09	-4.033955e+01	-4.507502e+02
8.010000e-06	-8.651852e-09	-3.972546e-09	-4.049506e+01	-4.524925e+02
8.020000e-06	-8.684616e-09	-3.983720e-09	-4.064841e+01	-4.542110e+02
8.030000e-06	-8.716952e-09	-3.993492e-09	-4.079976e+01	-4.559057e+02
8.040000e-06	-8.748916e-09	-4.002920e-09	-4.094937e+01	-4.575765e+02
8.050000e-06	-8.780519e-09	-4.014563e-09	-4.109729e+01	-4.592234e+02
8.060000e-06	-8.811745e-09	-4.029285e-09	-4.124344e+01	-4.608461e+02
8.070000e-06	-8.842511e-09	-4.044270e-09	-4.138744e+01	-4.624447e+02
8.080000e-06	-8.872679e-09	-4.056763e-09	-4.152864e+01	-4.640190e+02
8.090000e-06	-8.902152e-09	-4.066032e-09	-4.166659e+01	-4.655690e+02
8.100000e-06	-8.930958e-09	-4.074078e-09	-4.180141e+01	-4.670946e+02
8.110000e-06	-8.959197e-09	-4.083425e-09	-4.193358e+01	-4.685957e+02
8.120000e-06	-8.986997e-09	-4.093948e-09	-4.206370e+01	-4.700722e+02
8.130000e-06	-9.014480e-09	-4.103838e-09	-4.219233e+01	-4.715241e+02
8.140000e-06	-9.041641e-09	-4.113091e-09	-4.231946e+01	-4.729513e+02
8.150000e-06	-9.068385e-09	-4.123012e-09	-4.244464e+01	-4.743536e+02
8.160000e-06	-9.094654e-09	-4.132733e-09	-4.256759e+01	-4.757311e+02
8.170000e-06	-9.120449e-09	-4.140295e-09	-4.268832e+01	-4.770837e+02
8.180000e-06	-9.145774e-09	-4.144510e-09	-4.280686e+01	-4.784112e+02
8.190000e-06	-9.170606e-09	-4.149273e-09	-4.292308e+01	-4.797136e+02
8.200000e-06	-9.194953e-09	-4.158162e-09	-4.303704e+01	-4.809909e+02
8.210000e-06	-9.218903e-09	-4.171336e-09	-4.314913e+01	-4.822430e+02
8.220000e-06	-9.242528e-09	-4.184763e-09	-4.325971e+01	-4.834698e+02
8.230000e-06	-9.265814e-09	-4.193299e-09	-4.336870e+01	-4.846712e+02
8.240000e-06	-9.288662e-09	-4.198051e-09	-4.347564e+01	-4.858473e+02
8.250000e-06	-9.310928e-09	-4.202229e-09	-4.357985e+01	-4.869978e+02
8.260000e-06	-9.332483e-09	-4.208966e-09	-4.368074e+01	-4.881229e+02
8.270000e-06	-9.353295e-09	-4.217063e-09	-4.377815e+01	-4.892223e+02
8.280000e-06	-9.373490e-09	-4.223717e-09	-4.387267e+01	-4.902961e+02
8.290000e-06	-9.393265e-09	-4.229951e-09	-4.396523e+01	-4.913441e+02
8.300000e-06	-9.412726e-09	-4.236294e-09	-4.405631e+01	-4.923664e+02
8.310000e-06	-9.431824e-09	-4.242791e-09	-4.414570e+01	-4.933629e+02
8.320000e-06	-9.450465e-09	-4.247767e-09	-4.423295e+01	-4.943336e+02
8.330000e-06	-9.468624e-09	-4.250571e-09	-4.431794e+01	-4.952783e+02
8.340000e-06	-9.486344e-09	-4.254161e-09	-4.440088e+01	-4.961970e+02
8.350000e-06	-9.503625e-09	-4.260180e-09	-4.448177e+01	-4.970897e+02
8.360000e-06	-9.520421e-09	-4.267196e-09	-4.456038e+01	-4.979564e+02
8.370000e-06	-9.536725e-09	-4.272394e-09	-4.463669e+01	-4.987970e+02
8.380000e-06	-9.552624e-09	-4.276025e-09	-4.471110e+01	-4.996114e+02
8.390000e-06	-9.568202e-09	-4.280119e-09	-4.478402e+01	-5.003996e+02
8.400000e-06	-9.583381e-09	-4.286806e-09	-4.485506e+01	-5.011615e+02
8.410000e-06	-9.597952e-09	-4.295992e-09	-4.492326e+01	-5.018972e+02
8.420000e-06	-9.611723e-09	-4.303613e-09	-4.498771e+01	-5.026066e+02
8.430000e-06	-9.624671e-09	-4.307291e-09	-4.504832e+01	-5.032897e+02
8.440000e-06	-9.636934e-09	-4.309301e-09	-4.510571e+01	-5.039463e+02
8.450000e-06	-9.648686e-09	-4.311767e-09	-4.516071e+01	-5.045765e+02
8.460000e-06	-9.660002e-09	-4.314246e-09	-4.521368e+01	-5.051803e+02
8.470000e-06	-9.670834e-09	-4.315866e-09	-4.526438e+01	-5.057576e+02
8.480000e-06	-9.681137e-09	-4.317584e-09	-4.531260e+01	-5.063083e+02
8.490000e-06	-9.690950e-09	-4.321168e-09	-4.535853e+01	-5.068326e+02
8.500000e-06	-9.700309e-09	-4.325338e-09	-4.540233e+01	-5.073302e+02
8.510000e-06	-9.709182e-09	-4.327419e-09	-4.544387e+01	-5.078012e+02
8.520000e-06	-9.717555e-09	-4.326854e-09	-4.548305e+01	-5.082457e+02
8.530000e-06	-9.725515e-09	-4.325266e-09	-4.552031e+01	-5.086634e+02
8.540000e-06	-9.733161e-09	-4.325404e-09	-4.555610e+01	-5.090546e+02
8.550000e-06	-9.740451e-09	-4.327989e-09	-4.559022e+01	-5.094190e+02
8.560000e-06	-9.747271e-09	-4.329610e-09	-4.562213e+01	-5.097567e+02
8.570000e-06	-9.753431e-09	-4.328472e-09	-4.565097e+01	-5.100677e+02
8.580000e-06	-9.758814e-09	-4.326754e-09	-4.567616e+01	-5.103519e+02
8.590000e-06	-9.763454e-09	-4.326459e-09	-4.569788e+01	-5.106094e+02
8.600000e-06	-9.767499e-09	-4.326101e-09	-4.571681e+01	-5.108401e+02
8.610000e-06	-9.771160e-09	-4.324701e-09	-4.573395e+01	-5.110440e+02
8.620000e-06	-9.774495e-09	-4.324617e-09	-4.574955e+01	-5.112212e+02
8.630000e-06	-9.777407e-09	-4.326806e-09	-4.576318e+01	-5.113715e+02
8.640000e-06	-9.779825e-09	-4.329495e-09	-4.577450e+01	-5.114951e+02
8.650000e-06	-9.781776e-09	-4.329467e-09	-4.578363e+01	-5.115918e+02
8.660000e-06	-9.783323e-09	-4.325543e-09	-4.579087e+01	-5.116616e+02
8.670000e-06	-9.784390e-09	-4.321366e-09	-4.579587e+01	-5.117047e+02
8.680000e-06	-9.784859e-09	-4.319465e-09	-4.579806e+01	-5.117209e+02
