# Temperatura_=_20.0
# Concentracion g/m^3_=_10000.0
# C_Vs_to_Am_M_A/Vsm_=_116720831517.84952
# pendiente_HvsI_1/m_=_3716.3
# ordenada_HvsI_A/m_=_1297.0
# frecuencia_Hz_=_115101.21390335815
# Promedio de 25 ciclos

Tiempo_(s)	Campo_(V.s)	Magnetizacion_(V.s)	Campo_(kA/m)	Magnetizacion_(A/m)
0.000000e+00	-8.960083e-09	-3.925754e-09	-4.214927e+01	-4.693700e+02
1.000000e-08	-8.960070e-09	-3.928551e-09	-4.214921e+01	-4.693533e+02
2.000000e-08	-8.959832e-09	-3.931890e-09	-4.214809e+01	-4.693121e+02
3.000000e-08	-8.959291e-09	-3.932451e-09	-4.214555e+01	-4.692464e+02
4.000000e-08	-8.958432e-09	-3.931683e-09	-4.214151e+01	-4.691561e+02
5.000000e-08	-8.957113e-09	-3.932183e-09	-4.213531e+01	-4.690412e+02
6.000000e-08	-8.955187e-09	-3.931576e-09	-4.212624e+01	-4.689019e+02
7.000000e-08	-8.952588e-09	-3.928536e-09	-4.211402e+01	-4.687380e+02
8.000000e-08	-8.949332e-09	-3.928179e-09	-4.209870e+01	-4.685495e+02
9.000000e-08	-8.945482e-09	-3.934599e-09	-4.208059e+01	-4.683366e+02
1.000000e-07	-8.941071e-09	-3.939717e-09	-4.205984e+01	-4.680992e+02
1.100000e-07	-8.936061e-09	-3.935935e-09	-4.203627e+01	-4.678372e+02
1.200000e-07	-8.930503e-09	-3.939500e-09	-4.201013e+01	-4.675508e+02
1.300000e-07	-8.924620e-09	-3.946100e-09	-4.198245e+01	-4.672400e+02
1.400000e-07	-8.918526e-09	-3.930344e-09	-4.195379e+01	-4.669047e+02
1.500000e-07	-8.912059e-09	-3.899633e-09	-4.192337e+01	-4.665449e+02
1.600000e-07	-8.905077e-09	-3.912445e-09	-4.189052e+01	-4.661608e+02
1.700000e-07	-8.897655e-09	-3.953536e-09	-4.185561e+01	-4.657523e+02
1.800000e-07	-8.889900e-09	-3.927224e-09	-4.181913e+01	-4.653194e+02
1.900000e-07	-8.881817e-09	-3.884421e-09	-4.178111e+01	-4.648622e+02
2.000000e-07	-8.873436e-09	-3.918696e-09	-4.174168e+01	-4.643806e+02
2.100000e-07	-8.864759e-09	-3.943135e-09	-4.170086e+01	-4.638748e+02
2.200000e-07	-8.855565e-09	-3.886348e-09	-4.165761e+01	-4.633446e+02
2.300000e-07	-8.845555e-09	-3.863029e-09	-4.161053e+01	-4.627903e+02
2.400000e-07	-8.834762e-09	-3.909481e-09	-4.155976e+01	-4.622117e+02
2.500000e-07	-8.823436e-09	-3.905984e-09	-4.150648e+01	-4.616090e+02
2.600000e-07	-8.811638e-09	-3.860103e-09	-4.145098e+01	-4.609821e+02
2.700000e-07	-8.799298e-09	-3.886784e-09	-4.139293e+01	-4.603311e+02
2.800000e-07	-8.786422e-09	-3.914427e-09	-4.133236e+01	-4.596560e+02
2.900000e-07	-8.773062e-09	-3.856782e-09	-4.126951e+01	-4.589569e+02
3.000000e-07	-8.759225e-09	-3.836874e-09	-4.120442e+01	-4.582337e+02
3.100000e-07	-8.744908e-09	-3.881265e-09	-4.113707e+01	-4.574866e+02
3.200000e-07	-8.730023e-09	-3.863988e-09	-4.106705e+01	-4.567156e+02
3.300000e-07	-8.714474e-09	-3.821077e-09	-4.099391e+01	-4.559206e+02
3.400000e-07	-8.698320e-09	-3.846301e-09	-4.091792e+01	-4.551018e+02
3.500000e-07	-8.681647e-09	-3.849541e-09	-4.083949e+01	-4.542592e+02
3.600000e-07	-8.664464e-09	-3.807164e-09	-4.075866e+01	-4.533928e+02
3.700000e-07	-8.646826e-09	-3.813877e-09	-4.067569e+01	-4.525028e+02
3.800000e-07	-8.628825e-09	-3.828407e-09	-4.059101e+01	-4.515890e+02
3.900000e-07	-8.610459e-09	-3.794543e-09	-4.050461e+01	-4.506516e+02
4.000000e-07	-8.591625e-09	-3.789683e-09	-4.041602e+01	-4.496907e+02
4.100000e-07	-8.572306e-09	-3.812395e-09	-4.032514e+01	-4.487062e+02
4.200000e-07	-8.552561e-09	-3.788852e-09	-4.023225e+01	-4.476982e+02
4.300000e-07	-8.532451e-09	-3.762229e-09	-4.013765e+01	-4.466668e+02
4.400000e-07	-8.512064e-09	-3.764287e-09	-4.004175e+01	-4.456121e+02
4.500000e-07	-8.491398e-09	-3.755850e-09	-3.994453e+01	-4.445340e+02
4.600000e-07	-8.470350e-09	-3.743848e-09	-3.984552e+01	-4.434327e+02
4.700000e-07	-8.448875e-09	-3.744642e-09	-3.974450e+01	-4.423082e+02
4.800000e-07	-8.426981e-09	-3.731902e-09	-3.964151e+01	-4.411605e+02
4.900000e-07	-8.404696e-09	-3.723082e-09	-3.953668e+01	-4.399898e+02
5.000000e-07	-8.382036e-09	-3.722057e-09	-3.943008e+01	-4.387961e+02
5.100000e-07	-8.358927e-09	-3.705118e-09	-3.932138e+01	-4.375794e+02
5.200000e-07	-8.335336e-09	-3.687658e-09	-3.921040e+01	-4.363398e+02
5.300000e-07	-8.311335e-09	-3.675927e-09	-3.909750e+01	-4.350773e+02
5.400000e-07	-8.286996e-09	-3.664106e-09	-3.898301e+01	-4.337921e+02
5.500000e-07	-8.262343e-09	-3.655108e-09	-3.886703e+01	-4.324843e+02
5.600000e-07	-8.237266e-09	-3.647017e-09	-3.874907e+01	-4.311538e+02
5.700000e-07	-8.211601e-09	-3.627983e-09	-3.862834e+01	-4.298007e+02
5.800000e-07	-8.185275e-09	-3.615102e-09	-3.850450e+01	-4.284252e+02
5.900000e-07	-8.158304e-09	-3.609395e-09	-3.837762e+01	-4.270272e+02
6.000000e-07	-8.130802e-09	-3.592397e-09	-3.824825e+01	-4.256069e+02
6.100000e-07	-8.102895e-09	-3.578350e-09	-3.811698e+01	-4.241643e+02
6.200000e-07	-8.074655e-09	-3.566264e-09	-3.798413e+01	-4.226996e+02
6.300000e-07	-8.046131e-09	-3.552439e-09	-3.784995e+01	-4.212127e+02
6.400000e-07	-8.017287e-09	-3.542997e-09	-3.771426e+01	-4.197038e+02
6.500000e-07	-7.988031e-09	-3.532962e-09	-3.757664e+01	-4.181729e+02
6.600000e-07	-7.958365e-09	-3.516691e-09	-3.743709e+01	-4.166202e+02
6.700000e-07	-7.928321e-09	-3.500416e-09	-3.729576e+01	-4.150457e+02
6.800000e-07	-7.897891e-09	-3.488289e-09	-3.715261e+01	-4.134494e+02
6.900000e-07	-7.867054e-09	-3.472715e-09	-3.700755e+01	-4.118315e+02
7.000000e-07	-7.835806e-09	-3.457932e-09	-3.686056e+01	-4.101921e+02
7.100000e-07	-7.804162e-09	-3.443284e-09	-3.671170e+01	-4.085312e+02
7.200000e-07	-7.772169e-09	-3.426790e-09	-3.656120e+01	-4.068490e+02
7.300000e-07	-7.739892e-09	-3.412796e-09	-3.640937e+01	-4.051454e+02
7.400000e-07	-7.707364e-09	-3.399584e-09	-3.625635e+01	-4.034207e+02
7.500000e-07	-7.674535e-09	-3.385307e-09	-3.610192e+01	-4.016749e+02
7.600000e-07	-7.641294e-09	-3.369965e-09	-3.594555e+01	-3.999080e+02
7.700000e-07	-7.607526e-09	-3.353145e-09	-3.578670e+01	-3.981202e+02
7.800000e-07	-7.573131e-09	-3.335440e-09	-3.562490e+01	-3.963116e+02
7.900000e-07	-7.538088e-09	-3.321175e-09	-3.546006e+01	-3.944823e+02
8.000000e-07	-7.502512e-09	-3.307296e-09	-3.529271e+01	-3.926323e+02
8.100000e-07	-7.466548e-09	-3.292114e-09	-3.512352e+01	-3.907618e+02
8.200000e-07	-7.430268e-09	-3.276420e-09	-3.495286e+01	-3.888708e+02
8.300000e-07	-7.393693e-09	-3.259971e-09	-3.478081e+01	-3.869595e+02
8.400000e-07	-7.356825e-09	-3.245086e-09	-3.460738e+01	-3.850280e+02
8.500000e-07	-7.319641e-09	-3.229831e-09	-3.443246e+01	-3.830763e+02
8.600000e-07	-7.282101e-09	-3.212869e-09	-3.425587e+01	-3.811046e+02
8.700000e-07	-7.244154e-09	-3.194598e-09	-3.407736e+01	-3.791129e+02
8.800000e-07	-7.205829e-09	-3.177631e-09	-3.389708e+01	-3.771014e+02
8.900000e-07	-7.167163e-09	-3.158931e-09	-3.371518e+01	-3.750702e+02
9.000000e-07	-7.128145e-09	-3.138351e-09	-3.353164e+01	-3.730193e+02
9.100000e-07	-7.088749e-09	-3.119272e-09	-3.334632e+01	-3.709489e+02
9.200000e-07	-7.048971e-09	-3.101910e-09	-3.315919e+01	-3.688591e+02
9.300000e-07	-7.008895e-09	-3.085628e-09	-3.297067e+01	-3.667501e+02
9.400000e-07	-6.968560e-09	-3.067263e-09	-3.278094e+01	-3.646218e+02
9.500000e-07	-6.927958e-09	-3.048518e-09	-3.258994e+01	-3.624745e+02
9.600000e-07	-6.887034e-09	-3.030848e-09	-3.239743e+01	-3.603082e+02
9.700000e-07	-6.845702e-09	-3.013544e-09	-3.220299e+01	-3.581230e+02
9.800000e-07	-6.803878e-09	-2.993313e-09	-3.200625e+01	-3.559191e+02
9.900000e-07	-6.761535e-09	-2.970806e-09	-3.180707e+01	-3.536966e+02
1.000000e-06	-6.718700e-09	-2.950584e-09	-3.160557e+01	-3.514556e+02
1.010000e-06	-6.675427e-09	-2.932459e-09	-3.140201e+01	-3.491962e+02
1.020000e-06	-6.631771e-09	-2.914352e-09	-3.119664e+01	-3.469185e+02
1.030000e-06	-6.587774e-09	-2.893404e-09	-3.098968e+01	-3.446227e+02
1.040000e-06	-6.543504e-09	-2.870915e-09	-3.078142e+01	-3.423088e+02
1.050000e-06	-6.498985e-09	-2.850912e-09	-3.057200e+01	-3.399771e+02
1.060000e-06	-6.454197e-09	-2.833257e-09	-3.036131e+01	-3.376275e+02
1.070000e-06	-6.409101e-09	-2.814365e-09	-3.014918e+01	-3.352603e+02
1.080000e-06	-6.363674e-09	-2.792269e-09	-2.993549e+01	-3.328755e+02
1.090000e-06	-6.317912e-09	-2.769066e-09	-2.972021e+01	-3.304734e+02
1.100000e-06	-6.271811e-09	-2.747429e-09	-2.950335e+01	-3.280539e+02
1.110000e-06	-6.225389e-09	-2.727635e-09	-2.928497e+01	-3.256173e+02
1.120000e-06	-6.178659e-09	-2.707842e-09	-2.906515e+01	-3.231636e+02
1.130000e-06	-6.131623e-09	-2.687343e-09	-2.884389e+01	-3.206930e+02
1.140000e-06	-6.084300e-09	-2.667018e-09	-2.862128e+01	-3.182057e+02
1.150000e-06	-6.036712e-09	-2.647771e-09	-2.839742e+01	-3.157017e+02
1.160000e-06	-5.988844e-09	-2.630070e-09	-2.817224e+01	-3.131812e+02
1.170000e-06	-5.940708e-09	-2.611361e-09	-2.794580e+01	-3.106443e+02
1.180000e-06	-5.892330e-09	-2.589224e-09	-2.771823e+01	-3.080911e+02
1.190000e-06	-5.843668e-09	-2.564185e-09	-2.748931e+01	-3.055219e+02
1.200000e-06	-5.794664e-09	-2.539650e-09	-2.725879e+01	-3.029366e+02
1.210000e-06	-5.745276e-09	-2.520347e-09	-2.702647e+01	-3.003355e+02
1.220000e-06	-5.695446e-09	-2.504574e-09	-2.679207e+01	-2.977187e+02
1.230000e-06	-5.645161e-09	-2.486292e-09	-2.655552e+01	-2.950863e+02
1.240000e-06	-5.594423e-09	-2.464641e-09	-2.631684e+01	-2.924385e+02
1.250000e-06	-5.543257e-09	-2.442383e-09	-2.607615e+01	-2.897753e+02
1.260000e-06	-5.491701e-09	-2.420945e-09	-2.583363e+01	-2.870970e+02
1.270000e-06	-5.439786e-09	-2.399452e-09	-2.558942e+01	-2.844037e+02
1.280000e-06	-5.387592e-09	-2.374727e-09	-2.534389e+01	-2.816955e+02
1.290000e-06	-5.335135e-09	-2.349033e-09	-2.509713e+01	-2.789726e+02
1.300000e-06	-5.282403e-09	-2.327706e-09	-2.484907e+01	-2.762350e+02
1.310000e-06	-5.229417e-09	-2.310909e-09	-2.459982e+01	-2.734830e+02
1.320000e-06	-5.176171e-09	-2.292861e-09	-2.434934e+01	-2.707167e+02
1.330000e-06	-5.122640e-09	-2.267963e-09	-2.409753e+01	-2.679363e+02
1.340000e-06	-5.068828e-09	-2.239501e-09	-2.384439e+01	-2.651418e+02
1.350000e-06	-5.014747e-09	-2.215244e-09	-2.358999e+01	-2.623334e+02
1.360000e-06	-4.960400e-09	-2.196578e-09	-2.333433e+01	-2.595114e+02
1.370000e-06	-4.905804e-09	-2.177333e-09	-2.307750e+01	-2.566757e+02
1.380000e-06	-4.850971e-09	-2.153850e-09	-2.281956e+01	-2.538266e+02
1.390000e-06	-4.795877e-09	-2.126998e-09	-2.256040e+01	-2.509642e+02
1.400000e-06	-4.740531e-09	-2.101832e-09	-2.230004e+01	-2.480887e+02
1.410000e-06	-4.684964e-09	-2.082183e-09	-2.203865e+01	-2.452002e+02
1.420000e-06	-4.629211e-09	-2.062781e-09	-2.177638e+01	-2.422989e+02
1.430000e-06	-4.573268e-09	-2.039110e-09	-2.151321e+01	-2.393849e+02
1.440000e-06	-4.517130e-09	-2.013442e-09	-2.124913e+01	-2.364584e+02
1.450000e-06	-4.460830e-09	-1.991420e-09	-2.098429e+01	-2.335195e+02
1.460000e-06	-4.404383e-09	-1.973591e-09	-2.071876e+01	-2.305684e+02
1.470000e-06	-4.347776e-09	-1.951974e-09	-2.045247e+01	-2.276052e+02
1.480000e-06	-4.290970e-09	-1.924064e-09	-2.018525e+01	-2.246302e+02
1.490000e-06	-4.233918e-09	-1.897549e-09	-1.991687e+01	-2.216433e+02
1.500000e-06	-4.176612e-09	-1.878097e-09	-1.964730e+01	-2.186449e+02
1.510000e-06	-4.119045e-09	-1.861348e-09	-1.937650e+01	-2.156350e+02
1.520000e-06	-4.061176e-09	-1.838975e-09	-1.910428e+01	-2.126138e+02
1.530000e-06	-4.002998e-09	-1.809912e-09	-1.883060e+01	-2.095815e+02
1.540000e-06	-3.944533e-09	-1.780801e-09	-1.855558e+01	-2.065383e+02
1.550000e-06	-3.885797e-09	-1.758119e-09	-1.827928e+01	-2.034842e+02
1.560000e-06	-3.826785e-09	-1.740591e-09	-1.800168e+01	-2.004195e+02
1.570000e-06	-3.767495e-09	-1.721624e-09	-1.772277e+01	-1.973443e+02
1.580000e-06	-3.707950e-09	-1.699913e-09	-1.744267e+01	-1.942588e+02
1.590000e-06	-3.648187e-09	-1.678957e-09	-1.716153e+01	-1.911631e+02
1.600000e-06	-3.588226e-09	-1.659541e-09	-1.687947e+01	-1.880574e+02
1.610000e-06	-3.528094e-09	-1.637183e-09	-1.659660e+01	-1.849418e+02
1.620000e-06	-3.467801e-09	-1.607121e-09	-1.631298e+01	-1.818166e+02
1.630000e-06	-3.407357e-09	-1.572337e-09	-1.602864e+01	-1.786819e+02
1.640000e-06	-3.346782e-09	-1.542299e-09	-1.574369e+01	-1.755378e+02
1.650000e-06	-3.286075e-09	-1.523102e-09	-1.545811e+01	-1.723845e+02
1.660000e-06	-3.225229e-09	-1.510417e-09	-1.517189e+01	-1.692223e+02
1.670000e-06	-3.164259e-09	-1.495057e-09	-1.488508e+01	-1.660511e+02
1.680000e-06	-3.103165e-09	-1.473615e-09	-1.459769e+01	-1.628713e+02
1.690000e-06	-3.041942e-09	-1.449181e-09	-1.430969e+01	-1.596829e+02
1.700000e-06	-2.980602e-09	-1.424140e-09	-1.402114e+01	-1.564862e+02
1.710000e-06	-2.919144e-09	-1.396131e-09	-1.373203e+01	-1.532813e+02
1.720000e-06	-2.857535e-09	-1.363849e-09	-1.344221e+01	-1.500683e+02
1.730000e-06	-2.795757e-09	-1.332687e-09	-1.315160e+01	-1.468476e+02
1.740000e-06	-2.733815e-09	-1.308064e-09	-1.286022e+01	-1.436191e+02
1.750000e-06	-2.671739e-09	-1.289995e-09	-1.256820e+01	-1.403831e+02
1.760000e-06	-2.609537e-09	-1.271447e-09	-1.227560e+01	-1.371398e+02
1.770000e-06	-2.547180e-09	-1.246807e-09	-1.198227e+01	-1.338892e+02
1.780000e-06	-2.484677e-09	-1.218959e-09	-1.168825e+01	-1.306317e+02
1.790000e-06	-2.422047e-09	-1.191230e-09	-1.139362e+01	-1.273673e+02
1.800000e-06	-2.359287e-09	-1.163170e-09	-1.109840e+01	-1.240963e+02
1.810000e-06	-2.296408e-09	-1.132939e-09	-1.080261e+01	-1.208188e+02
1.820000e-06	-2.233425e-09	-1.100977e-09	-1.050633e+01	-1.175349e+02
1.830000e-06	-2.170337e-09	-1.072045e-09	-1.020955e+01	-1.142449e+02
1.840000e-06	-2.107154e-09	-1.048549e-09	-9.912337e+00	-1.109489e+02
1.850000e-06	-2.043879e-09	-1.027284e-09	-9.614681e+00	-1.076472e+02
1.860000e-06	-1.980507e-09	-1.003358e-09	-9.316572e+00	-1.043397e+02
1.870000e-06	-1.917047e-09	-9.761822e-10	-9.018049e+00	-1.010268e+02
1.880000e-06	-1.853480e-09	-9.475721e-10	-8.719020e+00	-9.770865e+01
1.890000e-06	-1.789815e-09	-9.180525e-10	-8.419535e+00	-9.438535e+01
1.900000e-06	-1.726070e-09	-8.875634e-10	-8.119670e+00	-9.105711e+01
1.910000e-06	-1.662230e-09	-8.546810e-10	-7.819360e+00	-8.772411e+01
1.920000e-06	-1.598312e-09	-8.236153e-10	-7.518680e+00	-8.438650e+01
1.930000e-06	-1.534350e-09	-7.984496e-10	-7.217794e+00	-8.104448e+01
1.940000e-06	-1.470338e-09	-7.757061e-10	-6.916672e+00	-7.769822e+01
1.950000e-06	-1.406268e-09	-7.504154e-10	-6.615281e+00	-7.434788e+01
1.960000e-06	-1.342151e-09	-7.211584e-10	-6.313663e+00	-7.099365e+01
1.970000e-06	-1.277986e-09	-6.899632e-10	-6.011826e+00	-6.763570e+01
1.980000e-06	-1.213790e-09	-6.588109e-10	-5.709840e+00	-6.427421e+01
1.990000e-06	-1.149561e-09	-6.278733e-10	-5.407696e+00	-6.090935e+01
2.000000e-06	-1.085286e-09	-5.969856e-10	-5.105339e+00	-5.754130e+01
2.010000e-06	-1.020963e-09	-5.686019e-10	-4.802753e+00	-5.417024e+01
2.020000e-06	-9.565961e-10	-5.431537e-10	-4.499965e+00	-5.079634e+01
2.030000e-06	-8.921757e-10	-5.180230e-10	-4.196923e+00	-4.741977e+01
2.040000e-06	-8.277103e-10	-4.919173e-10	-3.893670e+00	-4.404072e+01
2.050000e-06	-7.632236e-10	-4.634314e-10	-3.590316e+00	-4.065936e+01
2.060000e-06	-6.987131e-10	-4.335025e-10	-3.286851e+00	-3.727586e+01
2.070000e-06	-6.341822e-10	-4.046938e-10	-2.983290e+00	-3.389041e+01
2.080000e-06	-5.696262e-10	-3.762279e-10	-2.679610e+00	-3.050319e+01
2.090000e-06	-5.050522e-10	-3.471488e-10	-2.375846e+00	-2.711436e+01
2.100000e-06	-4.404887e-10	-3.186384e-10	-2.072132e+00	-2.372411e+01
2.110000e-06	-3.759210e-10	-2.914921e-10	-1.768398e+00	-2.033261e+01
2.120000e-06	-3.113273e-10	-2.652657e-10	-1.464541e+00	-1.694004e+01
2.130000e-06	-2.467258e-10	-2.369585e-10	-1.160647e+00	-1.354658e+01
2.140000e-06	-1.821187e-10	-2.060429e-10	-8.567277e-01	-1.015241e+01
2.150000e-06	-1.174993e-10	-1.754269e-10	-5.527498e-01	-6.757701e+00
2.160000e-06	-5.285642e-11	-1.464846e-10	-2.486619e-01	-3.362632e+00
2.170000e-06	1.179823e-11	-1.190386e-10	5.548158e-02	3.261783e-02
2.180000e-06	7.644961e-11	-9.012197e-11	3.596095e-01	3.427872e+00
2.190000e-06	1.410975e-10	-5.815725e-11	6.637210e-01	6.822953e+00
2.200000e-06	2.057363e-10	-2.531541e-11	9.677900e-01	1.021768e+01
2.210000e-06	2.703679e-10	5.428167e-12	1.271825e+00	1.361188e+01
2.220000e-06	3.349718e-10	3.237605e-11	1.575730e+00	1.700538e+01
2.230000e-06	3.995560e-10	5.792794e-11	1.879542e+00	2.039799e+01
2.240000e-06	4.641269e-10	8.505686e-11	2.183290e+00	2.378954e+01
2.250000e-06	5.286645e-10	1.131654e-10	2.486883e+00	2.717985e+01
2.260000e-06	5.931701e-10	1.411042e-10	2.790325e+00	3.056874e+01
2.270000e-06	6.576569e-10	1.709577e-10	3.093679e+00	3.395604e+01
2.280000e-06	7.221153e-10	2.045925e-10	3.396900e+00	3.734158e+01
2.290000e-06	7.865435e-10	2.380438e-10	3.699979e+00	4.072516e+01
2.300000e-06	8.509593e-10	2.674725e-10	4.002999e+00	4.410662e+01
2.310000e-06	9.153520e-10	2.935308e-10	4.305910e+00	4.748578e+01
2.320000e-06	9.797148e-10	3.200389e-10	4.608680e+00	5.086246e+01
2.330000e-06	1.044034e-09	3.515360e-10	4.911246e+00	5.423648e+01
2.340000e-06	1.108311e-09	3.865701e-10	5.213613e+00	5.760768e+01
2.350000e-06	1.172540e-09	4.197270e-10	5.515755e+00	6.097587e+01
2.360000e-06	1.236723e-09	4.490750e-10	5.817681e+00	6.434087e+01
2.370000e-06	1.300863e-09	4.768959e-10	6.119403e+00	6.770251e+01
2.380000e-06	1.364927e-09	5.041770e-10	6.420767e+00	7.106062e+01
2.390000e-06	1.428917e-09	5.321299e-10	6.721784e+00	7.441502e+01
2.400000e-06	1.492855e-09	5.609409e-10	7.022556e+00	7.776553e+01
2.410000e-06	1.556734e-09	5.919262e-10	7.323054e+00	8.111198e+01
2.420000e-06	1.620555e-09	6.270046e-10	7.623274e+00	8.445420e+01
2.430000e-06	1.684327e-09	6.624893e-10	7.923263e+00	8.779200e+01
2.440000e-06	1.748048e-09	6.934744e-10	8.223015e+00	9.112521e+01
2.450000e-06	1.811716e-09	7.178765e-10	8.522518e+00	9.445367e+01
2.460000e-06	1.875304e-09	7.413269e-10	8.821642e+00	9.777719e+01
2.470000e-06	1.938774e-09	7.706759e-10	9.120214e+00	1.010956e+02
2.480000e-06	2.002134e-09	8.070607e-10	9.418266e+00	1.044087e+02
2.490000e-06	2.065406e-09	8.457106e-10	9.715908e+00	1.077164e+02
2.500000e-06	2.128572e-09	8.813429e-10	1.001305e+01	1.110185e+02
2.510000e-06	2.191629e-09	9.123522e-10	1.030968e+01	1.143147e+02
2.520000e-06	2.254577e-09	9.411891e-10	1.060579e+01	1.176050e+02
2.530000e-06	2.317401e-09	9.718423e-10	1.090132e+01	1.208891e+02
2.540000e-06	2.380119e-09	1.002640e-09	1.119635e+01	1.241669e+02
2.550000e-06	2.442740e-09	1.031467e-09	1.149093e+01	1.274382e+02
2.560000e-06	2.505234e-09	1.059453e-09	1.178491e+01	1.307029e+02
2.570000e-06	2.567576e-09	1.088664e-09	1.207817e+01	1.339607e+02
2.580000e-06	2.629798e-09	1.118402e-09	1.237087e+01	1.372116e+02
2.590000e-06	2.691900e-09	1.147557e-09	1.266301e+01	1.404552e+02
2.600000e-06	2.753851e-09	1.177575e-09	1.295443e+01	1.436915e+02
2.610000e-06	2.815662e-09	1.207800e-09	1.324520e+01	1.469204e+02
2.620000e-06	2.877338e-09	1.236588e-09	1.353533e+01	1.501415e+02
2.630000e-06	2.938861e-09	1.264894e-09	1.382474e+01	1.533548e+02
2.640000e-06	3.000225e-09	1.293734e-09	1.411340e+01	1.565600e+02
2.650000e-06	3.061410e-09	1.324058e-09	1.440123e+01	1.597571e+02
2.660000e-06	3.122442e-09	1.355382e-09	1.468833e+01	1.629459e+02
2.670000e-06	3.183358e-09	1.386350e-09	1.497488e+01	1.661261e+02
2.680000e-06	3.244133e-09	1.415802e-09	1.526077e+01	1.692976e+02
2.690000e-06	3.304795e-09	1.440421e-09	1.554614e+01	1.724603e+02
2.700000e-06	3.365376e-09	1.463203e-09	1.583112e+01	1.756140e+02
2.710000e-06	3.425839e-09	1.488442e-09	1.611554e+01	1.787585e+02
2.720000e-06	3.486166e-09	1.515993e-09	1.639933e+01	1.818936e+02
2.730000e-06	3.546366e-09	1.545014e-09	1.668252e+01	1.850193e+02
2.740000e-06	3.606430e-09	1.574777e-09	1.696507e+01	1.881353e+02
2.750000e-06	3.666311e-09	1.607398e-09	1.724676e+01	1.912414e+02
2.760000e-06	3.725976e-09	1.639232e-09	1.752743e+01	1.943375e+02
2.770000e-06	3.785392e-09	1.665320e-09	1.780693e+01	1.974235e+02
2.780000e-06	3.844518e-09	1.688723e-09	1.808506e+01	2.004992e+02
2.790000e-06	3.903332e-09	1.713249e-09	1.836173e+01	2.035644e+02
2.800000e-06	3.961811e-09	1.740522e-09	1.863682e+01	2.066189e+02
2.810000e-06	4.019976e-09	1.768398e-09	1.891043e+01	2.096626e+02
2.820000e-06	4.077853e-09	1.795107e-09	1.918269e+01	2.126954e+02
2.830000e-06	4.135435e-09	1.821749e-09	1.945356e+01	2.157171e+02
2.840000e-06	4.192739e-09	1.849482e-09	1.972312e+01	2.187275e+02
2.850000e-06	4.249791e-09	1.878333e-09	1.999150e+01	2.217264e+02
2.860000e-06	4.306617e-09	1.907810e-09	2.025882e+01	2.247138e+02
2.870000e-06	4.363280e-09	1.935100e-09	2.052537e+01	2.276894e+02
2.880000e-06	4.419785e-09	1.959520e-09	2.079118e+01	2.306531e+02
2.890000e-06	4.476092e-09	1.983812e-09	2.105605e+01	2.336047e+02
2.900000e-06	4.532205e-09	2.009293e-09	2.132001e+01	2.365442e+02
2.910000e-06	4.588118e-09	2.037700e-09	2.158304e+01	2.394713e+02
2.920000e-06	4.643824e-09	2.066505e-09	2.184508e+01	2.423858e+02
2.930000e-06	4.699315e-09	2.092662e-09	2.210612e+01	2.452877e+02
2.940000e-06	4.754576e-09	2.120384e-09	2.236607e+01	2.481767e+02
2.950000e-06	4.809615e-09	2.151393e-09	2.262498e+01	2.510528e+02
2.960000e-06	4.864443e-09	2.180629e-09	2.288290e+01	2.539158e+02
2.970000e-06	4.919038e-09	2.205382e-09	2.313973e+01	2.567655e+02
2.980000e-06	4.973391e-09	2.227216e-09	2.339541e+01	2.596017e+02
2.990000e-06	5.027503e-09	2.249724e-09	2.364996e+01	2.624244e+02
3.000000e-06	5.081352e-09	2.275893e-09	2.390327e+01	2.652334e+02
3.010000e-06	5.134935e-09	2.305074e-09	2.415533e+01	2.680285e+02
3.020000e-06	5.188238e-09	2.334076e-09	2.440607e+01	2.708096e+02
3.030000e-06	5.241242e-09	2.360330e-09	2.465541e+01	2.735765e+02
3.040000e-06	5.293961e-09	2.384348e-09	2.490340e+01	2.763291e+02
3.050000e-06	5.346396e-09	2.408287e-09	2.515007e+01	2.790673e+02
3.060000e-06	5.398502e-09	2.434149e-09	2.539518e+01	2.817909e+02
3.070000e-06	5.450221e-09	2.460233e-09	2.563847e+01	2.844998e+02
3.080000e-06	5.501556e-09	2.484101e-09	2.587995e+01	2.871937e+02
3.090000e-06	5.552522e-09	2.507015e-09	2.611970e+01	2.898727e+02
3.100000e-06	5.603035e-09	2.530986e-09	2.635732e+01	2.925365e+02
3.110000e-06	5.653072e-09	2.557900e-09	2.659270e+01	2.951850e+02
3.120000e-06	5.702675e-09	2.585294e-09	2.682604e+01	2.978181e+02
3.130000e-06	5.751902e-09	2.611842e-09	2.705761e+01	3.004356e+02
3.140000e-06	5.800804e-09	2.636723e-09	2.728765e+01	3.030375e+02
3.150000e-06	5.849403e-09	2.659937e-09	2.751626e+01	3.056234e+02
3.160000e-06	5.897752e-09	2.683008e-09	2.774370e+01	3.081934e+02
3.170000e-06	5.945882e-09	2.706252e-09	2.797011e+01	3.107473e+02
3.180000e-06	5.993754e-09	2.729828e-09	2.819531e+01	3.132849e+02
3.190000e-06	6.041317e-09	2.753602e-09	2.841905e+01	3.158061e+02
3.200000e-06	6.088550e-09	2.777797e-09	2.864124e+01	3.183109e+02
3.210000e-06	6.135461e-09	2.803608e-09	2.886191e+01	3.207990e+02
3.220000e-06	6.182056e-09	2.829196e-09	2.908110e+01	3.232703e+02
3.230000e-06	6.228353e-09	2.849389e-09	2.929889e+01	3.257247e+02
3.240000e-06	6.274368e-09	2.864511e-09	2.951535e+01	3.281621e+02
3.250000e-06	6.320086e-09	2.879857e-09	2.973041e+01	3.305823e+02
3.260000e-06	6.365501e-09	2.900994e-09	2.994405e+01	3.329852e+02
3.270000e-06	6.410612e-09	2.929667e-09	3.015626e+01	3.353708e+02
3.280000e-06	6.455429e-09	2.958366e-09	3.036708e+01	3.377388e+02
3.290000e-06	6.500013e-09	2.981649e-09	3.057681e+01	3.400891e+02
3.300000e-06	6.544404e-09	3.000394e-09	3.078563e+01	3.424217e+02
3.310000e-06	6.588579e-09	3.015043e-09	3.099344e+01	3.447363e+02
3.320000e-06	6.632467e-09	3.026886e-09	3.119989e+01	3.470329e+02
3.330000e-06	6.675968e-09	3.038175e-09	3.140453e+01	3.493114e+02
3.340000e-06	6.718978e-09	3.054560e-09	3.160685e+01	3.515716e+02
3.350000e-06	6.761416e-09	3.078315e-09	3.180648e+01	3.538135e+02
3.360000e-06	6.803292e-09	3.106143e-09	3.200347e+01	3.560368e+02
3.370000e-06	6.844656e-09	3.130690e-09	3.219805e+01	3.582415e+02
3.380000e-06	6.885615e-09	3.146505e-09	3.239073e+01	3.604275e+02
3.390000e-06	6.926283e-09	3.157550e-09	3.258203e+01	3.625947e+02
3.400000e-06	6.966684e-09	3.169014e-09	3.277208e+01	3.647429e+02
3.410000e-06	7.006851e-09	3.183673e-09	3.296103e+01	3.668720e+02
3.420000e-06	7.046752e-09	3.201858e-09	3.314873e+01	3.689819e+02
3.430000e-06	7.086316e-09	3.221300e-09	3.333484e+01	3.710725e+02
3.440000e-06	7.125522e-09	3.240252e-09	3.351928e+01	3.731438e+02
3.450000e-06	7.164354e-09	3.259112e-09	3.370195e+01	3.751955e+02
3.460000e-06	7.202814e-09	3.277557e-09	3.388287e+01	3.772276e+02
3.470000e-06	7.240894e-09	3.292196e-09	3.406200e+01	3.792400e+02
3.480000e-06	7.278604e-09	3.303284e-09	3.423939e+01	3.812326e+02
3.490000e-06	7.315956e-09	3.314211e-09	3.441510e+01	3.832052e+02
3.500000e-06	7.352950e-09	3.330015e-09	3.458913e+01	3.851578e+02
3.510000e-06	7.389651e-09	3.351405e-09	3.476177e+01	3.870902e+02
3.520000e-06	7.426106e-09	3.371214e-09	3.493326e+01	3.890024e+02
3.530000e-06	7.462320e-09	3.384360e-09	3.510361e+01	3.908943e+02
3.540000e-06	7.498232e-09	3.392315e-09	3.527255e+01	3.927657e+02
3.550000e-06	7.533725e-09	3.401142e-09	3.543951e+01	3.946166e+02
3.560000e-06	7.568684e-09	3.413912e-09	3.560396e+01	3.964469e+02
3.570000e-06	7.603041e-09	3.429210e-09	3.576558e+01	3.982564e+02
3.580000e-06	7.636772e-09	3.445024e-09	3.592426e+01	4.000451e+02
3.590000e-06	7.669969e-09	3.460338e-09	3.608042e+01	4.018129e+02
3.600000e-06	7.702780e-09	3.476294e-09	3.623476e+01	4.035597e+02
3.610000e-06	7.735288e-09	3.490718e-09	3.638769e+01	4.052853e+02
3.620000e-06	7.767510e-09	3.501933e-09	3.653927e+01	4.069898e+02
3.630000e-06	7.799419e-09	3.512949e-09	3.668937e+01	4.086730e+02
3.640000e-06	7.830967e-09	3.527046e-09	3.683777e+01	4.103348e+02
3.650000e-06	7.862114e-09	3.545041e-09	3.698429e+01	4.119752e+02
3.660000e-06	7.892858e-09	3.563591e-09	3.712891e+01	4.135941e+02
3.670000e-06	7.923217e-09	3.577846e-09	3.727173e+01	4.151913e+02
3.680000e-06	7.953195e-09	3.588037e-09	3.741275e+01	4.167668e+02
3.690000e-06	7.982785e-09	3.598493e-09	3.755194e+01	4.183205e+02
3.700000e-06	8.011985e-09	3.611527e-09	3.768930e+01	4.198523e+02
3.710000e-06	8.040825e-09	3.625451e-09	3.782497e+01	4.213622e+02
3.720000e-06	8.069388e-09	3.638129e-09	3.795933e+01	4.228500e+02
3.730000e-06	8.097712e-09	3.650174e-09	3.809258e+01	4.243158e+02
3.740000e-06	8.125712e-09	3.662611e-09	3.822429e+01	4.257593e+02
3.750000e-06	8.153260e-09	3.675863e-09	3.835388e+01	4.271806e+02
3.760000e-06	8.180227e-09	3.689374e-09	3.848073e+01	4.285796e+02
3.770000e-06	8.206510e-09	3.702451e-09	3.860437e+01	4.299561e+02
3.780000e-06	8.232126e-09	3.713944e-09	3.872487e+01	4.313102e+02
3.790000e-06	8.257189e-09	3.723831e-09	3.884277e+01	4.326417e+02
3.800000e-06	8.281837e-09	3.734070e-09	3.895872e+01	4.339506e+02
3.810000e-06	8.306158e-09	3.745079e-09	3.907313e+01	4.352368e+02
3.820000e-06	8.330115e-09	3.756385e-09	3.918582e+01	4.365002e+02
3.830000e-06	8.353666e-09	3.766493e-09	3.929661e+01	4.377408e+02
3.840000e-06	8.376799e-09	3.775399e-09	3.940543e+01	4.389585e+02
3.850000e-06	8.399510e-09	3.784029e-09	3.951227e+01	4.401533e+02
3.860000e-06	8.421828e-09	3.791697e-09	3.961725e+01	4.413251e+02
3.870000e-06	8.443735e-09	3.799249e-09	3.972031e+01	4.424737e+02
3.880000e-06	8.465215e-09	3.807740e-09	3.982135e+01	4.435993e+02
3.890000e-06	8.486284e-09	3.817003e-09	3.992046e+01	4.447016e+02
3.900000e-06	8.506994e-09	3.826636e-09	4.001788e+01	4.457807e+02
3.910000e-06	8.527426e-09	3.834898e-09	4.011400e+01	4.468365e+02
3.920000e-06	8.547582e-09	3.840604e-09	4.020881e+01	4.478689e+02
3.930000e-06	8.567378e-09	3.846309e-09	4.030194e+01	4.488779e+02
3.940000e-06	8.586718e-09	3.854418e-09	4.039291e+01	4.498635e+02
3.950000e-06	8.605527e-09	3.863252e-09	4.048140e+01	4.508255e+02
3.960000e-06	8.623858e-09	3.870872e-09	4.056763e+01	4.517639e+02
3.970000e-06	8.641792e-09	3.875921e-09	4.065199e+01	4.526787e+02
3.980000e-06	8.659332e-09	3.878782e-09	4.073450e+01	4.535699e+02
3.990000e-06	8.676481e-09	3.882461e-09	4.081517e+01	4.544373e+02
4.000000e-06	8.693170e-09	3.888143e-09	4.089368e+01	4.552809e+02
4.010000e-06	8.709297e-09	3.895669e-09	4.096954e+01	4.561008e+02
4.020000e-06	8.724821e-09	3.904522e-09	4.104257e+01	4.568968e+02
4.030000e-06	8.739788e-09	3.912020e-09	4.111297e+01	4.576689e+02
4.040000e-06	8.754288e-09	3.917109e-09	4.118119e+01	4.584171e+02
4.050000e-06	8.768344e-09	3.921889e-09	4.124731e+01	4.591413e+02
4.060000e-06	8.781927e-09	3.926384e-09	4.131120e+01	4.598415e+02
4.070000e-06	8.795036e-09	3.929814e-09	4.137287e+01	4.605177e+02
4.080000e-06	8.807713e-09	3.933288e-09	4.143250e+01	4.611697e+02
4.090000e-06	8.819985e-09	3.938517e-09	4.149023e+01	4.617977e+02
4.100000e-06	8.831789e-09	3.945632e-09	4.154576e+01	4.624015e+02
4.110000e-06	8.842966e-09	3.951881e-09	4.159834e+01	4.629812e+02
4.120000e-06	8.853425e-09	3.955842e-09	4.164754e+01	4.635366e+02
4.130000e-06	8.863190e-09	3.960170e-09	4.169347e+01	4.640678e+02
4.140000e-06	8.872348e-09	3.964880e-09	4.173655e+01	4.645747e+02
4.150000e-06	8.881059e-09	3.968328e-09	4.177753e+01	4.650573e+02
4.160000e-06	8.889443e-09	3.969978e-09	4.181697e+01	4.655156e+02
4.170000e-06	8.897480e-09	3.969931e-09	4.185478e+01	4.659496e+02
4.180000e-06	8.905089e-09	3.969718e-09	4.189057e+01	4.663592e+02
4.190000e-06	8.912242e-09	3.970970e-09	4.192422e+01	4.667444e+02
4.200000e-06	8.918946e-09	3.973897e-09	4.195576e+01	4.671053e+02
4.210000e-06	8.925215e-09	3.978628e-09	4.198525e+01	4.674416e+02
4.220000e-06	8.931029e-09	3.982959e-09	4.201260e+01	4.677536e+02
4.230000e-06	8.936372e-09	3.985761e-09	4.203773e+01	4.680411e+02
4.240000e-06	8.941304e-09	3.987896e-09	4.206094e+01	4.683041e+02
4.250000e-06	8.945911e-09	3.987903e-09	4.208261e+01	4.685426e+02
4.260000e-06	8.950232e-09	3.986507e-09	4.210293e+01	4.687567e+02
4.270000e-06	8.954208e-09	3.985788e-09	4.212163e+01	4.689462e+02
4.280000e-06	8.957684e-09	3.986604e-09	4.213799e+01	4.691112e+02
4.290000e-06	8.960519e-09	3.988280e-09	4.215132e+01	4.692516e+02
4.300000e-06	8.962645e-09	3.989171e-09	4.216133e+01	4.693676e+02
4.310000e-06	8.964097e-09	3.988960e-09	4.216815e+01	4.694589e+02
4.320000e-06	8.965020e-09	3.988480e-09	4.217249e+01	4.695258e+02
4.330000e-06	8.965574e-09	3.987957e-09	4.217510e+01	4.695681e+02
4.340000e-06	8.965827e-09	3.988183e-09	4.217629e+01	4.695858e+02
4.350000e-06	8.965712e-09	3.989331e-09	4.217575e+01	4.695790e+02
4.360000e-06	8.965161e-09	3.990000e-09	4.217316e+01	4.695476e+02
4.370000e-06	8.964183e-09	3.990576e-09	4.216856e+01	4.694917e+02
4.380000e-06	8.962807e-09	3.988926e-09	4.216209e+01	4.694112e+02
4.390000e-06	8.961025e-09	3.983817e-09	4.215371e+01	4.693062e+02
4.400000e-06	8.958816e-09	3.980149e-09	4.214331e+01	4.691766e+02
4.410000e-06	8.956182e-09	3.980681e-09	4.213092e+01	4.690225e+02
4.420000e-06	8.953150e-09	3.975395e-09	4.211666e+01	4.688439e+02
4.430000e-06	8.949747e-09	3.965953e-09	4.210065e+01	4.686407e+02
4.440000e-06	8.945812e-09	3.972998e-09	4.208214e+01	4.684131e+02
4.450000e-06	8.941038e-09	3.981496e-09	4.205968e+01	4.681610e+02
4.460000e-06	8.935364e-09	3.964641e-09	4.203299e+01	4.678843e+02
4.470000e-06	8.929183e-09	3.957462e-09	4.200392e+01	4.675833e+02
4.480000e-06	8.922868e-09	3.987272e-09	4.197421e+01	4.672577e+02
4.490000e-06	8.916298e-09	4.003074e-09	4.194331e+01	4.669078e+02
4.500000e-06	8.909225e-09	3.963401e-09	4.191003e+01	4.665334e+02
4.510000e-06	8.901738e-09	3.925287e-09	4.187481e+01	4.661346e+02
4.520000e-06	8.893987e-09	3.976202e-09	4.183835e+01	4.657114e+02
4.530000e-06	8.885823e-09	3.987693e-09	4.179995e+01	4.652639e+02
4.540000e-06	8.877072e-09	3.914687e-09	4.175878e+01	4.647921e+02
4.550000e-06	8.867845e-09	3.919774e-09	4.171538e+01	4.642960e+02
4.560000e-06	8.858309e-09	3.996550e-09	4.167052e+01	4.637756e+02
4.570000e-06	8.848373e-09	3.979881e-09	4.162378e+01	4.632309e+02
4.580000e-06	8.837904e-09	3.909810e-09	4.157453e+01	4.626620e+02
4.590000e-06	8.826914e-09	3.962118e-09	4.152283e+01	4.620689e+02
4.600000e-06	8.815416e-09	4.018983e-09	4.146875e+01	4.614517e+02
4.610000e-06	8.803328e-09	3.941327e-09	4.141188e+01	4.608103e+02
4.620000e-06	8.790646e-09	3.901553e-09	4.135223e+01	4.601449e+02
4.630000e-06	8.777388e-09	3.989503e-09	4.128986e+01	4.594553e+02
4.640000e-06	8.763461e-09	3.989231e-09	4.122435e+01	4.587418e+02
4.650000e-06	8.748870e-09	3.899545e-09	4.115571e+01	4.580043e+02
4.660000e-06	8.733752e-09	3.929337e-09	4.108459e+01	4.572428e+02
4.670000e-06	8.718245e-09	3.966906e-09	4.101165e+01	4.564574e+02
4.680000e-06	8.702386e-09	3.890229e-09	4.093704e+01	4.556481e+02
4.690000e-06	8.686192e-09	3.879659e-09	4.086086e+01	4.548150e+02
4.700000e-06	8.669624e-09	3.941811e-09	4.078292e+01	4.539582e+02
4.710000e-06	8.652607e-09	3.907036e-09	4.070287e+01	4.530775e+02
4.720000e-06	8.635154e-09	3.860290e-09	4.062078e+01	4.521732e+02
4.730000e-06	8.617287e-09	3.899401e-09	4.053672e+01	4.512453e+02
4.740000e-06	8.598953e-09	3.886055e-09	4.045048e+01	4.502938e+02
4.750000e-06	8.580132e-09	3.835401e-09	4.036195e+01	4.493187e+02
4.760000e-06	8.560944e-09	3.853839e-09	4.027168e+01	4.483201e+02
4.770000e-06	8.541498e-09	3.863277e-09	4.018021e+01	4.472981e+02
4.780000e-06	8.521778e-09	3.833329e-09	4.008744e+01	4.462527e+02
4.790000e-06	8.501699e-09	3.833482e-09	3.999299e+01	4.451839e+02
4.800000e-06	8.481139e-09	3.829709e-09	3.989627e+01	4.440919e+02
4.810000e-06	8.459926e-09	3.801891e-09	3.979648e+01	4.429767e+02
4.820000e-06	8.437975e-09	3.798595e-09	3.969322e+01	4.418382e+02
4.830000e-06	8.415372e-09	3.788982e-09	3.958690e+01	4.406767e+02
4.840000e-06	8.392281e-09	3.773161e-09	3.947827e+01	4.394922e+02
4.850000e-06	8.368841e-09	3.779218e-09	3.936801e+01	4.382847e+02
4.860000e-06	8.345095e-09	3.764458e-09	3.925630e+01	4.370542e+02
4.870000e-06	8.321009e-09	3.740266e-09	3.914300e+01	4.358009e+02
4.880000e-06	8.296506e-09	3.738184e-09	3.902773e+01	4.345248e+02
4.890000e-06	8.271544e-09	3.721125e-09	3.891031e+01	4.332260e+02
4.900000e-06	8.246129e-09	3.701068e-09	3.879075e+01	4.319045e+02
4.910000e-06	8.220281e-09	3.708110e-09	3.866916e+01	4.305605e+02
4.920000e-06	8.194013e-09	3.697357e-09	3.854560e+01	4.291939e+02
4.930000e-06	8.167351e-09	3.678605e-09	3.842018e+01	4.278049e+02
4.940000e-06	8.140333e-09	3.678365e-09	3.829308e+01	4.263935e+02
4.950000e-06	8.113003e-09	3.659799e-09	3.816451e+01	4.249599e+02
4.960000e-06	8.085412e-09	3.637322e-09	3.803472e+01	4.235040e+02
4.970000e-06	8.057505e-09	3.631365e-09	3.790345e+01	4.220259e+02
4.980000e-06	8.029154e-09	3.620001e-09	3.777008e+01	4.205258e+02
4.990000e-06	8.000222e-09	3.604904e-09	3.763398e+01	4.190037e+02
5.000000e-06	7.970642e-09	3.596302e-09	3.749484e+01	4.174597e+02
5.010000e-06	7.940451e-09	3.580758e-09	3.735281e+01	4.158939e+02
5.020000e-06	7.909717e-09	3.563627e-09	3.720824e+01	4.143063e+02
5.030000e-06	7.878546e-09	3.551169e-09	3.706160e+01	4.126971e+02
5.040000e-06	7.847042e-09	3.532930e-09	3.691340e+01	4.110663e+02
5.050000e-06	7.815216e-09	3.519855e-09	3.676369e+01	4.094140e+02
5.060000e-06	7.783043e-09	3.510626e-09	3.661234e+01	4.077402e+02
5.070000e-06	7.750512e-09	3.496195e-09	3.645931e+01	4.060452e+02
5.080000e-06	7.717605e-09	3.480788e-09	3.630452e+01	4.043289e+02
5.090000e-06	7.684333e-09	3.464442e-09	3.614800e+01	4.025915e+02
5.100000e-06	7.650733e-09	3.447921e-09	3.598994e+01	4.008331e+02
5.110000e-06	7.616790e-09	3.435729e-09	3.583027e+01	3.990536e+02
5.120000e-06	7.582443e-09	3.424408e-09	3.566870e+01	3.972534e+02
5.130000e-06	7.547680e-09	3.409367e-09	3.550517e+01	3.954323e+02
5.140000e-06	7.512564e-09	3.394374e-09	3.533998e+01	3.935906e+02
5.150000e-06	7.477169e-09	3.378529e-09	3.517348e+01	3.917282e+02
5.160000e-06	7.441502e-09	3.363222e-09	3.500570e+01	3.898455e+02
5.170000e-06	7.405503e-09	3.348359e-09	3.483635e+01	3.879423e+02
5.180000e-06	7.369086e-09	3.331035e-09	3.466505e+01	3.860188e+02
5.190000e-06	7.332161e-09	3.315667e-09	3.449134e+01	3.840752e+02
5.200000e-06	7.294659e-09	3.302381e-09	3.431493e+01	3.821114e+02
5.210000e-06	7.256573e-09	3.288388e-09	3.413577e+01	3.801277e+02
5.220000e-06	7.217985e-09	3.271595e-09	3.395425e+01	3.781241e+02
5.230000e-06	7.178993e-09	3.254167e-09	3.377083e+01	3.761008e+02
5.240000e-06	7.139685e-09	3.236437e-09	3.358592e+01	3.740577e+02
5.250000e-06	7.100103e-09	3.217487e-09	3.339972e+01	3.719952e+02
5.260000e-06	7.060240e-09	3.199141e-09	3.321220e+01	3.699131e+02
5.270000e-06	7.020072e-09	3.181116e-09	3.302325e+01	3.678118e+02
5.280000e-06	6.979548e-09	3.162162e-09	3.283262e+01	3.656911e+02
5.290000e-06	6.938660e-09	3.140621e-09	3.264027e+01	3.635514e+02
5.300000e-06	6.897441e-09	3.120955e-09	3.244637e+01	3.613927e+02
5.310000e-06	6.855859e-09	3.104683e-09	3.225077e+01	3.592151e+02
5.320000e-06	6.813913e-09	3.088701e-09	3.205345e+01	3.570186e+02
5.330000e-06	6.771622e-09	3.070312e-09	3.185451e+01	3.548036e+02
5.340000e-06	6.728993e-09	3.049417e-09	3.165398e+01	3.525699e+02
5.350000e-06	6.686071e-09	3.029811e-09	3.145206e+01	3.503179e+02
5.360000e-06	6.642888e-09	3.011030e-09	3.124893e+01	3.480475e+02
5.370000e-06	6.599464e-09	2.991089e-09	3.104465e+01	3.457589e+02
5.380000e-06	6.555802e-09	2.970430e-09	3.083926e+01	3.434522e+02
5.390000e-06	6.511903e-09	2.951286e-09	3.063276e+01	3.411276e+02
5.400000e-06	6.467724e-09	2.933015e-09	3.042493e+01	3.387852e+02
5.410000e-06	6.423184e-09	2.914629e-09	3.021541e+01	3.364250e+02
5.420000e-06	6.378249e-09	2.895631e-09	3.000403e+01	3.340473e+02
5.430000e-06	6.332925e-09	2.874383e-09	2.979082e+01	3.316520e+02
5.440000e-06	6.287253e-09	2.851085e-09	2.957598e+01	3.292395e+02
5.450000e-06	6.241285e-09	2.827379e-09	2.935974e+01	3.268097e+02
5.460000e-06	6.195041e-09	2.806020e-09	2.914220e+01	3.243628e+02
5.470000e-06	6.148530e-09	2.786302e-09	2.892341e+01	3.218990e+02
5.480000e-06	6.101772e-09	2.765402e-09	2.870345e+01	3.194184e+02
5.490000e-06	6.054734e-09	2.742621e-09	2.848218e+01	3.169210e+02
5.500000e-06	6.007331e-09	2.719465e-09	2.825919e+01	3.144071e+02
5.510000e-06	5.959553e-09	2.695945e-09	2.803444e+01	3.118767e+02
5.520000e-06	5.911399e-09	2.672071e-09	2.780792e+01	3.093301e+02
5.530000e-06	5.862855e-09	2.650214e-09	2.757956e+01	3.067672e+02
5.540000e-06	5.813934e-09	2.628725e-09	2.734943e+01	3.041883e+02
5.550000e-06	5.764647e-09	2.605210e-09	2.711758e+01	3.015936e+02
5.560000e-06	5.715016e-09	2.580410e-09	2.688411e+01	2.989830e+02
5.570000e-06	5.665061e-09	2.555374e-09	2.664911e+01	2.963568e+02
5.580000e-06	5.614794e-09	2.532055e-09	2.641265e+01	2.937151e+02
5.590000e-06	5.564221e-09	2.510528e-09	2.617475e+01	2.910581e+02
5.600000e-06	5.513361e-09	2.489400e-09	2.593550e+01	2.883859e+02
5.610000e-06	5.462206e-09	2.467486e-09	2.569487e+01	2.856985e+02
5.620000e-06	5.410775e-09	2.444156e-09	2.545293e+01	2.829963e+02
5.630000e-06	5.359087e-09	2.418645e-09	2.520978e+01	2.802792e+02
5.640000e-06	5.307109e-09	2.390480e-09	2.496527e+01	2.775475e+02
5.650000e-06	5.254804e-09	2.363057e-09	2.471922e+01	2.748013e+02
5.660000e-06	5.202129e-09	2.339504e-09	2.447143e+01	2.720407e+02
5.670000e-06	5.149038e-09	2.320086e-09	2.422169e+01	2.692658e+02
5.680000e-06	5.095526e-09	2.301927e-09	2.396996e+01	2.664770e+02
5.690000e-06	5.041591e-09	2.280333e-09	2.371625e+01	2.636741e+02
5.700000e-06	4.987233e-09	2.254304e-09	2.346054e+01	2.608575e+02
5.710000e-06	4.932528e-09	2.227591e-09	2.320321e+01	2.580273e+02
5.720000e-06	4.877556e-09	2.201495e-09	2.294461e+01	2.551835e+02
5.730000e-06	4.822357e-09	2.175733e-09	2.268495e+01	2.523265e+02
5.740000e-06	4.766967e-09	2.151619e-09	2.242439e+01	2.494562e+02
5.750000e-06	4.711389e-09	2.130418e-09	2.216294e+01	2.465729e+02
5.760000e-06	4.655633e-09	2.111867e-09	2.190066e+01	2.436767e+02
5.770000e-06	4.599688e-09	2.091338e-09	2.163748e+01	2.407677e+02
5.780000e-06	4.543536e-09	2.065308e-09	2.137334e+01	2.378462e+02
5.790000e-06	4.487171e-09	2.035736e-09	2.110819e+01	2.349123e+02
5.800000e-06	4.430579e-09	2.008435e-09	2.084197e+01	2.319660e+02
5.810000e-06	4.373765e-09	1.984455e-09	2.057472e+01	2.290076e+02
5.820000e-06	4.316720e-09	1.961126e-09	2.030637e+01	2.260373e+02
5.830000e-06	4.259446e-09	1.937133e-09	2.003695e+01	2.230551e+02
5.840000e-06	4.201948e-09	1.912693e-09	1.976647e+01	2.200613e+02
5.850000e-06	4.144226e-09	1.888895e-09	1.949494e+01	2.170560e+02
5.860000e-06	4.086284e-09	1.865246e-09	1.922238e+01	2.140393e+02
5.870000e-06	4.028139e-09	1.840781e-09	1.894885e+01	2.110115e+02
5.880000e-06	3.969809e-09	1.814628e-09	1.867446e+01	2.079726e+02
5.890000e-06	3.911283e-09	1.787454e-09	1.839915e+01	2.049228e+02
5.900000e-06	3.852579e-09	1.759869e-09	1.812300e+01	2.018624e+02
5.910000e-06	3.793710e-09	1.732932e-09	1.784607e+01	1.987913e+02
5.920000e-06	3.734670e-09	1.706355e-09	1.756834e+01	1.957099e+02
5.930000e-06	3.675468e-09	1.679455e-09	1.728984e+01	1.926183e+02
5.940000e-06	3.616128e-09	1.654572e-09	1.701070e+01	1.895166e+02
5.950000e-06	3.556666e-09	1.631803e-09	1.673099e+01	1.864049e+02
5.960000e-06	3.497073e-09	1.610027e-09	1.645065e+01	1.832836e+02
5.970000e-06	3.437324e-09	1.587297e-09	1.616959e+01	1.801526e+02
5.980000e-06	3.377417e-09	1.561351e-09	1.588778e+01	1.770123e+02
5.990000e-06	3.317356e-09	1.532865e-09	1.560524e+01	1.738627e+02
6.000000e-06	3.257124e-09	1.504532e-09	1.532191e+01	1.707039e+02
6.010000e-06	3.196731e-09	1.476510e-09	1.503781e+01	1.675363e+02
6.020000e-06	3.136178e-09	1.446795e-09	1.475296e+01	1.643599e+02
6.030000e-06	3.075443e-09	1.417131e-09	1.446726e+01	1.611750e+02
6.040000e-06	3.014486e-09	1.388507e-09	1.418051e+01	1.579816e+02
6.050000e-06	2.953288e-09	1.360765e-09	1.389263e+01	1.547799e+02
6.060000e-06	2.891865e-09	1.334931e-09	1.360369e+01	1.515702e+02
6.070000e-06	2.830223e-09	1.310093e-09	1.331372e+01	1.483525e+02
6.080000e-06	2.768372e-09	1.284330e-09	1.302277e+01	1.451271e+02
6.090000e-06	2.706325e-09	1.257248e-09	1.273089e+01	1.418941e+02
6.100000e-06	2.644096e-09	1.227847e-09	1.243816e+01	1.386537e+02
6.110000e-06	2.581682e-09	1.196057e-09	1.214456e+01	1.354060e+02
6.120000e-06	2.519084e-09	1.163679e-09	1.185009e+01	1.321513e+02
6.130000e-06	2.456325e-09	1.131882e-09	1.155487e+01	1.288896e+02
6.140000e-06	2.393424e-09	1.103765e-09	1.125898e+01	1.256212e+02
6.150000e-06	2.330391e-09	1.081047e-09	1.096246e+01	1.223463e+02
6.160000e-06	2.267241e-09	1.059759e-09	1.066539e+01	1.190650e+02
6.170000e-06	2.203995e-09	1.035381e-09	1.036788e+01	1.157774e+02
6.180000e-06	2.140670e-09	1.007554e-09	1.006999e+01	1.124838e+02
6.190000e-06	2.077259e-09	9.768659e-10	9.771691e+00	1.091843e+02
6.200000e-06	2.013752e-09	9.441150e-10	9.472949e+00	1.058791e+02
6.210000e-06	1.950156e-09	9.110851e-10	9.173787e+00	1.025684e+02
6.220000e-06	1.886472e-09	8.791946e-10	8.874206e+00	9.925228e+01
6.230000e-06	1.822726e-09	8.505122e-10	8.574337e+00	9.593101e+01
6.240000e-06	1.758915e-09	8.263929e-10	8.274164e+00	9.260473e+01
6.250000e-06	1.695004e-09	8.040860e-10	7.973516e+00	8.927361e+01
6.260000e-06	1.631016e-09	7.792095e-10	7.672508e+00	8.593783e+01
6.270000e-06	1.566985e-09	7.496082e-10	7.371301e+00	8.259756e+01
6.280000e-06	1.502888e-09	7.178452e-10	7.069780e+00	7.925297e+01
6.290000e-06	1.438720e-09	6.884244e-10	6.767927e+00	7.590424e+01
6.300000e-06	1.374508e-09	6.608966e-10	6.465867e+00	7.255155e+01
6.310000e-06	1.310259e-09	6.322877e-10	6.163631e+00	6.919507e+01
6.320000e-06	1.245963e-09	6.020992e-10	5.861178e+00	6.583498e+01
6.330000e-06	1.181613e-09	5.725707e-10	5.558466e+00	6.247145e+01
6.340000e-06	1.117218e-09	5.436674e-10	5.255545e+00	5.910466e+01
6.350000e-06	1.052786e-09	5.136423e-10	4.952450e+00	5.573478e+01
6.360000e-06	9.883069e-10	4.823835e-10	4.649132e+00	5.236199e+01
6.370000e-06	9.237701e-10	4.511559e-10	4.345543e+00	4.898647e+01
6.380000e-06	8.591590e-10	4.225472e-10	4.041605e+00	4.560840e+01
6.390000e-06	7.944945e-10	3.964492e-10	3.737417e+00	4.222794e+01
6.400000e-06	7.297927e-10	3.685413e-10	3.433052e+00	3.884528e+01
6.410000e-06	6.650364e-10	3.361602e-10	3.128431e+00	3.546060e+01
6.420000e-06	6.002499e-10	3.025639e-10	2.823668e+00	3.207406e+01
6.430000e-06	5.354582e-10	2.720918e-10	2.518880e+00	2.868586e+01
6.440000e-06	4.706499e-10	2.455927e-10	2.214014e+00	2.529616e+01
6.450000e-06	4.058279e-10	2.202171e-10	1.909084e+00	2.190514e+01
6.460000e-06	3.409911e-10	1.937534e-10	1.604085e+00	1.851298e+01
6.470000e-06	2.761454e-10	1.647700e-10	1.299043e+00	1.511986e+01
6.480000e-06	2.112977e-10	1.342596e-10	9.939923e-01	1.172596e+01
6.490000e-06	1.464285e-10	1.037726e-10	6.888402e-01	8.331442e+00
6.500000e-06	8.154088e-11	7.209511e-11	3.836012e-01	4.936499e+00
6.510000e-06	1.664274e-11	4.001796e-11	7.831285e-02	1.541303e+00
6.520000e-06	-4.826149e-11	8.708405e-12	-2.270042e-01	-1.853968e+00
6.530000e-06	-1.131641e-10	-2.155551e-11	-5.323136e-01	-5.249136e+00
6.540000e-06	-1.780581e-10	-5.043684e-11	-8.375823e-01	-8.644024e+00
6.550000e-06	-2.429288e-10	-8.004001e-11	-1.142742e+00	-1.203845e+01
6.560000e-06	-3.077644e-10	-1.102348e-10	-1.447735e+00	-1.543225e+01
6.570000e-06	-3.725841e-10	-1.393587e-10	-1.752655e+00	-1.882523e+01
6.580000e-06	-4.373873e-10	-1.684704e-10	-2.057496e+00	-2.221722e+01
6.590000e-06	-5.021589e-10	-1.976690e-10	-2.362189e+00	-2.560805e+01
6.600000e-06	-5.669006e-10	-2.273861e-10	-2.666742e+00	-2.899753e+01
6.610000e-06	-6.316084e-10	-2.582811e-10	-2.971135e+00	-3.238548e+01
6.620000e-06	-6.962839e-10	-2.901602e-10	-3.275376e+00	-3.577174e+01
6.630000e-06	-7.609386e-10	-3.211285e-10	-3.579519e+00	-3.915612e+01
6.640000e-06	-8.255657e-10	-3.495750e-10	-3.883533e+00	-4.253845e+01
6.650000e-06	-8.901423e-10	-3.774583e-10	-4.187310e+00	-4.591854e+01
6.660000e-06	-9.546534e-10	-4.063430e-10	-4.490778e+00	-4.929623e+01
6.670000e-06	-1.019122e-09	-4.355638e-10	-4.794046e+00	-5.267134e+01
6.680000e-06	-1.083563e-09	-4.642305e-10	-5.097182e+00	-5.604368e+01
6.690000e-06	-1.147949e-09	-4.934954e-10	-5.400063e+00	-5.941309e+01
6.700000e-06	-1.212280e-09	-5.245559e-10	-5.702685e+00	-6.277938e+01
6.710000e-06	-1.276543e-09	-5.557199e-10	-6.004985e+00	-6.614239e+01
6.720000e-06	-1.340743e-09	-5.852909e-10	-6.306990e+00	-6.950193e+01
6.730000e-06	-1.404896e-09	-6.121016e-10	-6.608770e+00	-7.285783e+01
6.740000e-06	-1.468980e-09	-6.382795e-10	-6.910232e+00	-7.620991e+01
6.750000e-06	-1.532992e-09	-6.675179e-10	-7.211349e+00	-7.955800e+01
6.760000e-06	-1.596955e-09	-7.000506e-10	-7.512241e+00	-8.290193e+01
6.770000e-06	-1.660870e-09	-7.341534e-10	-7.812902e+00	-8.624151e+01
6.780000e-06	-1.724720e-09	-7.664008e-10	-8.113264e+00	-8.957658e+01
6.790000e-06	-1.788516e-09	-7.959241e-10	-8.413366e+00	-9.290696e+01
6.800000e-06	-1.852226e-09	-8.246009e-10	-8.713068e+00	-9.623247e+01
6.810000e-06	-1.915838e-09	-8.535766e-10	-9.012303e+00	-9.955294e+01
6.820000e-06	-1.979378e-09	-8.830864e-10	-9.311207e+00	-1.028682e+02
6.830000e-06	-2.042844e-09	-9.128188e-10	-9.609759e+00	-1.061781e+02
6.840000e-06	-2.106221e-09	-9.433392e-10	-9.907889e+00	-1.094824e+02
6.850000e-06	-2.169493e-09	-9.749264e-10	-1.020553e+01	-1.127810e+02
6.860000e-06	-2.232664e-09	-1.006402e-09	-1.050270e+01	-1.160737e+02
6.870000e-06	-2.295723e-09	-1.036642e-09	-1.079933e+01	-1.193603e+02
6.880000e-06	-2.358659e-09	-1.066080e-09	-1.109539e+01	-1.226406e+02
6.890000e-06	-2.421491e-09	-1.096229e-09	-1.139096e+01	-1.259145e+02
6.900000e-06	-2.484179e-09	-1.127862e-09	-1.168585e+01	-1.291819e+02
6.910000e-06	-2.546705e-09	-1.160074e-09	-1.197998e+01	-1.324425e+02
6.920000e-06	-2.609069e-09	-1.190648e-09	-1.227335e+01	-1.356961e+02
6.930000e-06	-2.671262e-09	-1.219574e-09	-1.256591e+01	-1.389427e+02
6.940000e-06	-2.733264e-09	-1.248243e-09	-1.285757e+01	-1.421819e+02
6.950000e-06	-2.795058e-09	-1.275768e-09	-1.314826e+01	-1.454138e+02
6.960000e-06	-2.856625e-09	-1.301744e-09	-1.343788e+01	-1.486380e+02
6.970000e-06	-2.917947e-09	-1.327941e-09	-1.372634e+01	-1.518544e+02
6.980000e-06	-2.979051e-09	-1.356614e-09	-1.401378e+01	-1.550629e+02
6.990000e-06	-3.039923e-09	-1.389633e-09	-1.430013e+01	-1.582633e+02
7.000000e-06	-3.100565e-09	-1.425153e-09	-1.458539e+01	-1.614554e+02
7.010000e-06	-3.160993e-09	-1.457403e-09	-1.486965e+01	-1.646390e+02
7.020000e-06	-3.221217e-09	-1.484095e-09	-1.515295e+01	-1.678140e+02
7.030000e-06	-3.281274e-09	-1.508214e-09	-1.543547e+01	-1.709803e+02
7.040000e-06	-3.341188e-09	-1.532934e-09	-1.571731e+01	-1.741376e+02
7.050000e-06	-3.400971e-09	-1.559343e-09	-1.599854e+01	-1.772858e+02
7.060000e-06	-3.460620e-09	-1.586465e-09	-1.627913e+01	-1.804247e+02
7.070000e-06	-3.520123e-09	-1.615150e-09	-1.655904e+01	-1.835541e+02
7.080000e-06	-3.579513e-09	-1.646725e-09	-1.683842e+01	-1.866740e+02
7.090000e-06	-3.638784e-09	-1.677948e-09	-1.711724e+01	-1.897841e+02
7.100000e-06	-3.697901e-09	-1.705809e-09	-1.739534e+01	-1.928842e+02
7.110000e-06	-3.756859e-09	-1.730146e-09	-1.767268e+01	-1.959743e+02
7.120000e-06	-3.815645e-09	-1.754301e-09	-1.794922e+01	-1.990541e+02
7.130000e-06	-3.874228e-09	-1.782794e-09	-1.822480e+01	-2.021235e+02
7.140000e-06	-3.932610e-09	-1.812599e-09	-1.849943e+01	-2.051823e+02
7.150000e-06	-3.990803e-09	-1.839062e-09	-1.877318e+01	-2.082304e+02
7.160000e-06	-4.048795e-09	-1.863985e-09	-1.904598e+01	-2.112675e+02
7.170000e-06	-4.106585e-09	-1.890160e-09	-1.931783e+01	-2.142937e+02
7.180000e-06	-4.164150e-09	-1.918902e-09	-1.958862e+01	-2.173086e+02
7.190000e-06	-4.221471e-09	-1.949417e-09	-1.985827e+01	-2.203121e+02
7.200000e-06	-4.278578e-09	-1.979246e-09	-2.012691e+01	-2.233041e+02
7.210000e-06	-4.335462e-09	-2.006664e-09	-2.039450e+01	-2.262844e+02
7.220000e-06	-4.392120e-09	-2.032491e-09	-2.066102e+01	-2.292529e+02
7.230000e-06	-4.448556e-09	-2.059567e-09	-2.092651e+01	-2.322094e+02
7.240000e-06	-4.504762e-09	-2.087617e-09	-2.119090e+01	-2.351537e+02
7.250000e-06	-4.560785e-09	-2.112922e-09	-2.145445e+01	-2.380858e+02
7.260000e-06	-4.616626e-09	-2.135970e-09	-2.171713e+01	-2.410053e+02
7.270000e-06	-4.672282e-09	-2.160858e-09	-2.197894e+01	-2.439123e+02
7.280000e-06	-4.727772e-09	-2.189570e-09	-2.223997e+01	-2.468065e+02
7.290000e-06	-4.783069e-09	-2.219428e-09	-2.250009e+01	-2.496878e+02
7.300000e-06	-4.838147e-09	-2.245660e-09	-2.275919e+01	-2.525560e+02
7.310000e-06	-4.892986e-09	-2.269087e-09	-2.301716e+01	-2.554110e+02
7.320000e-06	-4.947526e-09	-2.293698e-09	-2.327372e+01	-2.582527e+02
7.330000e-06	-5.001708e-09	-2.319814e-09	-2.352860e+01	-2.610808e+02
7.340000e-06	-5.055500e-09	-2.346963e-09	-2.378164e+01	-2.638952e+02
7.350000e-06	-5.108890e-09	-2.371980e-09	-2.403279e+01	-2.666959e+02
7.360000e-06	-5.161885e-09	-2.394235e-09	-2.428209e+01	-2.694826e+02
7.370000e-06	-5.214474e-09	-2.417835e-09	-2.452947e+01	-2.722552e+02
7.380000e-06	-5.266696e-09	-2.442544e-09	-2.477513e+01	-2.750136e+02
7.390000e-06	-5.318620e-09	-2.467660e-09	-2.501939e+01	-2.777576e+02
7.400000e-06	-5.370246e-09	-2.491173e-09	-2.526224e+01	-2.804870e+02
7.410000e-06	-5.421579e-09	-2.515138e-09	-2.550372e+01	-2.832017e+02
7.420000e-06	-5.472614e-09	-2.540759e-09	-2.574379e+01	-2.859017e+02
7.430000e-06	-5.523365e-09	-2.565989e-09	-2.598253e+01	-2.885867e+02
7.440000e-06	-5.573850e-09	-2.591110e-09	-2.622002e+01	-2.912566e+02
7.450000e-06	-5.624045e-09	-2.614619e-09	-2.645614e+01	-2.939112e+02
7.460000e-06	-5.673930e-09	-2.637453e-09	-2.669081e+01	-2.965505e+02
7.470000e-06	-5.723493e-09	-2.658941e-09	-2.692396e+01	-2.991742e+02
7.480000e-06	-5.772705e-09	-2.678442e-09	-2.715546e+01	-3.017823e+02
7.490000e-06	-5.821521e-09	-2.698563e-09	-2.738509e+01	-3.043746e+02
7.500000e-06	-5.869934e-09	-2.722295e-09	-2.761283e+01	-3.069510e+02
7.510000e-06	-5.917928e-09	-2.749934e-09	-2.783860e+01	-3.095114e+02
7.520000e-06	-5.965449e-09	-2.778669e-09	-2.806214e+01	-3.120555e+02
7.530000e-06	-6.012511e-09	-2.803939e-09	-2.828353e+01	-3.145833e+02
7.540000e-06	-6.059222e-09	-2.822646e-09	-2.850326e+01	-3.170946e+02
7.550000e-06	-6.105647e-09	-2.837193e-09	-2.872165e+01	-3.195894e+02
7.560000e-06	-6.151821e-09	-2.849310e-09	-2.893886e+01	-3.220674e+02
7.570000e-06	-6.197776e-09	-2.863399e-09	-2.915504e+01	-3.245286e+02
7.580000e-06	-6.243496e-09	-2.882529e-09	-2.937011e+01	-3.269728e+02
7.590000e-06	-6.288956e-09	-2.906408e-09	-2.958396e+01	-3.293999e+02
7.600000e-06	-6.334140e-09	-2.934511e-09	-2.979651e+01	-3.318098e+02
7.610000e-06	-6.378995e-09	-2.962738e-09	-3.000752e+01	-3.342023e+02
7.620000e-06	-6.423489e-09	-2.986602e-09	-3.021682e+01	-3.365773e+02
7.630000e-06	-6.467671e-09	-3.002930e-09	-3.042466e+01	-3.389347e+02
7.640000e-06	-6.511581e-09	-3.014919e-09	-3.063121e+01	-3.412744e+02
7.650000e-06	-6.555253e-09	-3.028436e-09	-3.083666e+01	-3.435962e+02
7.660000e-06	-6.598719e-09	-3.044377e-09	-3.104112e+01	-3.459001e+02
7.670000e-06	-6.641961e-09	-3.060122e-09	-3.124454e+01	-3.481858e+02
7.680000e-06	-6.684939e-09	-3.076270e-09	-3.144671e+01	-3.504533e+02
7.690000e-06	-6.727592e-09	-3.095381e-09	-3.164736e+01	-3.527025e+02
7.700000e-06	-6.769894e-09	-3.117498e-09	-3.184635e+01	-3.549333e+02
7.710000e-06	-6.811861e-09	-3.140153e-09	-3.204377e+01	-3.571454e+02
7.720000e-06	-6.853520e-09	-3.158432e-09	-3.223974e+01	-3.593389e+02
7.730000e-06	-6.894865e-09	-3.172570e-09	-3.243423e+01	-3.615136e+02
7.740000e-06	-6.935866e-09	-3.185359e-09	-3.262711e+01	-3.636694e+02
7.750000e-06	-6.976507e-09	-3.197608e-09	-3.281829e+01	-3.658062e+02
7.760000e-06	-7.016792e-09	-3.212845e-09	-3.300779e+01	-3.679238e+02
7.770000e-06	-7.056759e-09	-3.229507e-09	-3.319580e+01	-3.700221e+02
7.780000e-06	-7.096449e-09	-3.246932e-09	-3.338251e+01	-3.721011e+02
7.790000e-06	-7.135870e-09	-3.264441e-09	-3.356795e+01	-3.741607e+02
7.800000e-06	-7.175018e-09	-3.280355e-09	-3.375211e+01	-3.762006e+02
7.810000e-06	-7.213838e-09	-3.296259e-09	-3.393472e+01	-3.782209e+02
7.820000e-06	-7.252217e-09	-3.310951e-09	-3.411526e+01	-3.802214e+02
7.830000e-06	-7.290067e-09	-3.326495e-09	-3.429331e+01	-3.822020e+02
7.840000e-06	-7.327361e-09	-3.342074e-09	-3.446875e+01	-3.841626e+02
7.850000e-06	-7.364091e-09	-3.356987e-09	-3.464153e+01	-3.861031e+02
7.860000e-06	-7.400314e-09	-3.371685e-09	-3.481193e+01	-3.880234e+02
7.870000e-06	-7.436162e-09	-3.385523e-09	-3.498056e+01	-3.899234e+02
7.880000e-06	-7.471739e-09	-3.399567e-09	-3.514792e+01	-3.918030e+02
7.890000e-06	-7.507067e-09	-3.412253e-09	-3.531411e+01	-3.936621e+02
7.900000e-06	-7.542085e-09	-3.424890e-09	-3.547883e+01	-3.955007e+02
7.910000e-06	-7.576740e-09	-3.437749e-09	-3.564185e+01	-3.973185e+02
7.920000e-06	-7.611016e-09	-3.451557e-09	-3.580309e+01	-3.991155e+02
7.930000e-06	-7.644893e-09	-3.466699e-09	-3.596245e+01	-4.008917e+02
7.940000e-06	-7.678382e-09	-3.479419e-09	-3.611999e+01	-4.026469e+02
7.950000e-06	-7.711478e-09	-3.489119e-09	-3.627568e+01	-4.043810e+02
7.960000e-06	-7.744172e-09	-3.498278e-09	-3.642947e+01	-4.060939e+02
7.970000e-06	-7.776465e-09	-3.510658e-09	-3.658139e+01	-4.077857e+02
7.980000e-06	-7.808401e-09	-3.525218e-09	-3.673161e+01	-4.094560e+02
7.990000e-06	-7.840047e-09	-3.539352e-09	-3.688048e+01	-4.111050e+02
8.000000e-06	-7.871404e-09	-3.554082e-09	-3.702799e+01	-4.127325e+02
8.010000e-06	-7.902399e-09	-3.569724e-09	-3.717379e+01	-4.143383e+02
8.020000e-06	-7.932906e-09	-3.584152e-09	-3.731730e+01	-4.159225e+02
8.030000e-06	-7.962814e-09	-3.594762e-09	-3.745800e+01	-4.174849e+02
8.040000e-06	-7.992110e-09	-3.601486e-09	-3.759581e+01	-4.190255e+02
8.050000e-06	-8.020803e-09	-3.608554e-09	-3.773078e+01	-4.205442e+02
8.060000e-06	-8.048954e-09	-3.619398e-09	-3.786321e+01	-4.220409e+02
8.070000e-06	-8.076730e-09	-3.633407e-09	-3.799387e+01	-4.235154e+02
8.080000e-06	-8.104243e-09	-3.647419e-09	-3.812329e+01	-4.249679e+02
8.090000e-06	-8.131500e-09	-3.658037e-09	-3.825151e+01	-4.263981e+02
8.100000e-06	-8.158410e-09	-3.666494e-09	-3.837810e+01	-4.278060e+02
8.110000e-06	-8.184891e-09	-3.675301e-09	-3.850267e+01	-4.291915e+02
8.120000e-06	-8.210935e-09	-3.684983e-09	-3.862518e+01	-4.305545e+02
8.130000e-06	-8.236565e-09	-3.694263e-09	-3.874575e+01	-4.318951e+02
8.140000e-06	-8.261770e-09	-3.701647e-09	-3.886432e+01	-4.332130e+02
8.150000e-06	-8.286523e-09	-3.707375e-09	-3.898076e+01	-4.345083e+02
8.160000e-06	-8.310843e-09	-3.715166e-09	-3.909516e+01	-4.357808e+02
8.170000e-06	-8.334803e-09	-3.726557e-09	-3.920788e+01	-4.370305e+02
8.180000e-06	-8.358463e-09	-3.738174e-09	-3.931917e+01	-4.382574e+02
8.190000e-06	-8.381844e-09	-3.746302e-09	-3.942916e+01	-4.394614e+02
8.200000e-06	-8.404882e-09	-3.751496e-09	-3.953754e+01	-4.406423e+02
8.210000e-06	-8.427421e-09	-3.756976e-09	-3.964356e+01	-4.418002e+02
8.220000e-06	-8.449344e-09	-3.763440e-09	-3.974669e+01	-4.429350e+02
8.230000e-06	-8.470572e-09	-3.769935e-09	-3.984655e+01	-4.440467e+02
8.240000e-06	-8.491146e-09	-3.775876e-09	-3.994333e+01	-4.451351e+02
8.250000e-06	-8.511225e-09	-3.781558e-09	-4.003778e+01	-4.462002e+02
8.260000e-06	-8.530962e-09	-3.787458e-09	-4.013063e+01	-4.472419e+02
8.270000e-06	-8.550425e-09	-3.794755e-09	-4.022219e+01	-4.482603e+02
8.280000e-06	-8.569574e-09	-3.802138e-09	-4.031227e+01	-4.492552e+02
8.290000e-06	-8.588328e-09	-3.808590e-09	-4.040048e+01	-4.502266e+02
8.300000e-06	-8.606644e-09	-3.814604e-09	-4.048665e+01	-4.511745e+02
8.310000e-06	-8.624538e-09	-3.821461e-09	-4.057082e+01	-4.520987e+02
8.320000e-06	-8.642018e-09	-3.829487e-09	-4.065305e+01	-4.529994e+02
8.330000e-06	-8.659089e-09	-3.837022e-09	-4.073336e+01	-4.538763e+02
8.340000e-06	-8.675724e-09	-3.842207e-09	-4.081161e+01	-4.547294e+02
8.350000e-06	-8.691915e-09	-3.844164e-09	-4.088777e+01	-4.555588e+02
8.360000e-06	-8.707739e-09	-3.846080e-09	-4.096221e+01	-4.563643e+02
8.370000e-06	-8.723259e-09	-3.849992e-09	-4.103522e+01	-4.571460e+02
8.380000e-06	-8.738407e-09	-3.854866e-09	-4.110648e+01	-4.579038e+02
8.390000e-06	-8.753001e-09	-3.858601e-09	-4.117513e+01	-4.586376e+02
8.400000e-06	-8.766881e-09	-3.861708e-09	-4.124042e+01	-4.593474e+02
8.410000e-06	-8.780028e-09	-3.866182e-09	-4.130227e+01	-4.600331e+02
8.420000e-06	-8.792537e-09	-3.873341e-09	-4.136111e+01	-4.606948e+02
8.430000e-06	-8.804536e-09	-3.881010e-09	-4.141756e+01	-4.613324e+02
8.440000e-06	-8.816127e-09	-3.885076e-09	-4.147208e+01	-4.619459e+02
8.450000e-06	-8.827283e-09	-3.887281e-09	-4.152456e+01	-4.625352e+02
8.460000e-06	-8.837948e-09	-3.890489e-09	-4.157473e+01	-4.631003e+02
8.470000e-06	-8.848140e-09	-3.895605e-09	-4.162267e+01	-4.636412e+02
8.480000e-06	-8.857913e-09	-3.899938e-09	-4.166865e+01	-4.641578e+02
8.490000e-06	-8.867288e-09	-3.901908e-09	-4.171275e+01	-4.646502e+02
8.500000e-06	-8.876222e-09	-3.902384e-09	-4.175478e+01	-4.651182e+02
8.510000e-06	-8.884679e-09	-3.903185e-09	-4.179456e+01	-4.655619e+02
8.520000e-06	-8.892713e-09	-3.907351e-09	-4.183236e+01	-4.659813e+02
8.530000e-06	-8.900426e-09	-3.912273e-09	-4.186864e+01	-4.663762e+02
8.540000e-06	-8.907853e-09	-3.914539e-09	-4.190358e+01	-4.667468e+02
8.550000e-06	-8.914937e-09	-3.914774e-09	-4.193690e+01	-4.670930e+02
8.560000e-06	-8.921517e-09	-3.916321e-09	-4.196785e+01	-4.674147e+02
8.570000e-06	-8.927422e-09	-3.919196e-09	-4.199563e+01	-4.677120e+02
8.580000e-06	-8.932607e-09	-3.921502e-09	-4.202002e+01	-4.679848e+02
8.590000e-06	-8.937137e-09	-3.923313e-09	-4.204133e+01	-4.682331e+02
8.600000e-06	-8.941149e-09	-3.923977e-09	-4.206020e+01	-4.684569e+02
8.610000e-06	-8.944820e-09	-3.926458e-09	-4.207747e+01	-4.686562e+02
8.620000e-06	-8.948197e-09	-3.931155e-09	-4.209336e+01	-4.688310e+02
8.630000e-06	-8.951193e-09	-3.934582e-09	-4.210745e+01	-4.689813e+02
8.640000e-06	-8.953743e-09	-3.935758e-09	-4.211945e+01	-4.691070e+02
8.650000e-06	-8.955864e-09	-3.934283e-09	-4.212942e+01	-4.692082e+02
8.660000e-06	-8.957610e-09	-3.931370e-09	-4.213764e+01	-4.692849e+02
8.670000e-06	-8.958991e-09	-3.928099e-09	-4.214414e+01	-4.693370e+02
8.680000e-06	-8.959823e-09	-3.925566e-09	-4.214805e+01	-4.693645e+02
